# EIG2DOS: Utility for SIESTA to obtain the electronic density of states
#
#                                                  Emilio Artacho, Apr. 1999
# --------------------------------------------------------------------------
# Nbands, Nspin, Nk   =    936     1   352
# E_F                 =    -5.9386 eV
# Broadening          =     0.0500 eV
# Number of electrons =   285.6534  286.1084 per cell
#
#        E            N
# --------------------------------------------------------------------------
    -10.000000      5.026624
     -9.980000      5.015636
     -9.960000      5.129983
     -9.940000      5.366492
     -9.920000      5.672066
     -9.900000      5.980405
     -9.880000      6.238470
     -9.860000      6.415984
     -9.840000      6.507097
     -9.820000      6.530136
     -9.800000      6.495257
     -9.780000      6.370845
     -9.760000      6.129082
     -9.740000      5.820211
     -9.720000      5.561455
     -9.700000      5.481636
     -9.680000      5.697388
     -9.660000      6.254973
     -9.640000      7.024913
     -9.620000      7.716191
     -9.600000      8.060151
     -9.580000      7.958868
     -9.560000      7.466400
     -9.540000      6.715945
     -9.520000      5.910368
     -9.500000      5.315207
     -9.480000      5.148709
     -9.460000      5.440716
     -9.440000      6.023932
     -9.420000      6.625048
     -9.400000      6.929292
     -9.380000      6.686549
     -9.360000      5.899122
     -9.340000      4.886351
     -9.320000      4.103299
     -9.300000      3.850389
     -9.280000      4.102016
     -9.260000      4.600196
     -9.240000      5.086337
     -9.220000      5.417782
     -9.200000      5.559036
     -9.180000      5.551144
     -9.160000      5.457191
     -9.140000      5.306820
     -9.120000      5.106966
     -9.100000      4.902804
     -9.080000      4.791967
     -9.060000      4.854213
     -9.040000      5.100238
     -9.020000      5.501264
     -9.000000      5.992204
     -8.980000      6.415315
     -8.960000      6.555271
     -8.940000      6.300036
     -8.920000      5.730726
     -8.900000      5.035569
     -8.880000      4.389066
     -8.860000      3.920035
     -8.840000      3.708300
     -8.820000      3.750634
     -8.800000      3.955889
     -8.780000      4.193570
     -8.760000      4.352540
     -8.740000      4.397558
     -8.720000      4.393897
     -8.700000      4.445938
     -8.680000      4.596544
     -8.660000      4.811716
     -8.640000      5.057613
     -8.620000      5.337558
     -8.600000      5.626102
     -8.580000      5.819432
     -8.560000      5.829002
     -8.540000      5.709653
     -8.520000      5.618590
     -8.500000      5.660283
     -8.480000      5.821618
     -8.460000      6.009258
     -8.440000      6.101246
     -8.420000      6.016012
     -8.400000      5.780167
     -8.380000      5.526074
     -8.360000      5.415085
     -8.340000      5.524317
     -8.320000      5.768682
     -8.300000      5.973519
     -8.280000      6.062896
     -8.260000      6.123740
     -8.240000      6.260980
     -8.220000      6.466973
     -8.200000      6.665979
     -8.180000      6.820721
     -8.160000      6.939811
     -8.140000      7.004093
     -8.120000      6.954290
     -8.100000      6.767643
     -8.080000      6.506813
     -8.060000      6.288744
     -8.040000      6.222112
     -8.020000      6.353658
     -8.000000      6.643881
     -7.980000      6.994264
     -7.960000      7.316275
     -7.940000      7.571159
     -7.920000      7.745692
     -7.900000      7.835305
     -7.880000      7.857509
     -7.860000      7.835842
     -7.840000      7.785818
     -7.820000      7.756806
     -7.800000      7.831029
     -7.780000      8.004657
     -7.760000      8.118745
     -7.740000      8.003628
     -7.720000      7.639508
     -7.700000      7.070640
     -7.680000      6.289972
     -7.660000      5.382382
     -7.640000      4.653749
     -7.620000      4.436075
     -7.600000      4.803827
     -7.580000      5.533422
     -7.560000      6.262531
     -7.540000      6.659152
     -7.520000      6.580848
     -7.500000      6.196224
     -7.480000      5.866009
     -7.460000      5.811100
     -7.440000      5.957768
     -7.420000      6.129657
     -7.400000      6.300991
     -7.380000      6.598937
     -7.360000      7.085476
     -7.340000      7.610701
     -7.320000      7.926578
     -7.300000      7.943681
     -7.280000      7.820669
     -7.260000      7.754135
     -7.240000      7.765381
     -7.220000      7.770196
     -7.200000      7.748679
     -7.180000      7.753306
     -7.160000      7.813531
     -7.140000      7.892082
     -7.120000      7.932114
     -7.100000      7.930662
     -7.080000      7.945542
     -7.060000      8.027922
     -7.040000      8.162980
     -7.020000      8.281848
     -7.000000      8.312565
     -6.980000      8.199995
     -6.960000      7.915595
     -6.940000      7.503481
     -6.920000      7.086513
     -6.900000      6.791555
     -6.880000      6.690916
     -6.860000      6.783452
     -6.840000      6.980982
     -6.820000      7.157738
     -6.800000      7.262247
     -6.780000      7.345417
     -6.760000      7.470026
     -6.740000      7.642699
     -6.720000      7.813462
     -6.700000      7.898646
     -6.680000      7.847962
     -6.660000      7.725162
     -6.640000      7.676757
     -6.620000      7.772674
     -6.600000      7.916023
     -6.580000      7.968893
     -6.560000      7.919909
     -6.540000      7.860283
     -6.520000      7.844995
     -6.500000      7.844030
     -6.480000      7.800694
     -6.460000      7.703838
     -6.440000      7.605961
     -6.420000      7.554695
     -6.400000      7.528332
     -6.380000      7.479353
     -6.360000      7.392443
     -6.340000      7.262380
     -6.320000      7.068685
     -6.300000      6.818095
     -6.280000      6.601142
     -6.260000      6.555767
     -6.240000      6.739503
     -6.220000      7.063522
     -6.200000      7.373529
     -6.180000      7.567162
     -6.160000      7.639145
     -6.140000      7.661369
     -6.120000      7.720962
     -6.100000      7.844130
     -6.080000      7.973707
     -6.060000      8.040822
     -6.040000      8.067196
     -6.020000      8.199624
     -6.000000      8.638221
     -5.980000      9.485987
     -5.960000     10.652613
     -5.940000     11.933001
     -5.920000     13.149135
     -5.900000     14.176948
     -5.880000     14.871517
     -5.860000     14.995508
     -5.840000     14.272371
     -5.820000     12.675907
     -5.800000     10.705567
     -5.780000      9.165592
     -5.760000      8.614055
     -5.740000      9.139037
     -5.720000     10.509484
     -5.700000     12.285038
     -5.680000     13.877124
     -5.660000     14.796861
     -5.640000     14.972056
     -5.620000     14.753226
     -5.600000     14.544329
     -5.580000     14.489319
     -5.560000     14.524620
     -5.540000     14.576751
     -5.520000     14.623451
     -5.500000     14.652796
     -5.480000     14.636493
     -5.460000     14.511512
     -5.440000     14.171763
     -5.420000     13.565003
     -5.400000     12.846416
     -5.380000     12.335495
     -5.360000     12.259564
     -5.340000     12.601916
     -5.320000     13.202815
     -5.300000     13.929612
     -5.280000     14.724621
     -5.260000     15.509214
     -5.240000     16.081505
     -5.220000     16.197708
     -5.200000     15.803642
     -5.180000     15.147534
     -5.160000     14.629626
     -5.140000     14.499956
     -5.120000     14.671867
     -5.100000     14.875867
     -5.080000     14.971743
     -5.060000     15.000920
     -5.040000     15.002889
     -5.020000     14.968887
     -5.000000     14.952631
     -4.980000     15.048403
     -4.960000     15.233460
     -4.940000     15.354547
     -4.920000     15.296489
     -4.900000     15.076802
     -4.880000     14.800994
     -4.860000     14.633050
     -4.840000     14.735593
     -4.820000     15.077867
     -4.800000     15.324852
     -4.780000     15.052929
     -4.760000     14.150789
     -4.740000     13.020492
     -4.720000     12.366857
     -4.700000     12.728076
     -4.680000     14.070717
     -4.660000     15.722572
     -4.640000     16.824379
     -4.620000     17.038831
     -4.600000     16.769688
     -4.580000     16.624674
     -4.560000     16.792180
     -4.540000     17.027211
     -4.520000     17.156604
     -4.500000     17.399466
     -4.480000     18.044802
     -4.460000     18.964550
     -4.440000     19.678853
     -4.420000     19.834151
     -4.400000     19.490030
     -4.380000     19.024208
     -4.360000     18.846718
     -4.340000     19.114709
     -4.320000     19.579128
     -4.300000     19.723796
     -4.280000     19.166037
     -4.260000     17.953180
     -4.240000     16.516865
     -4.220000     15.411075
     -4.200000     14.985995
     -4.180000     15.168855
     -4.160000     15.553360
     -4.140000     15.691812
     -4.120000     15.355980
     -4.100000     14.676197
     -4.080000     14.085228
     -4.060000     14.047784
     -4.040000     14.689181
     -4.020000     15.619062
     -4.000000     16.236513
     -3.980000     16.220726
     -3.960000     15.599363
     -3.940000     14.460170
     -3.920000     12.872730
     -3.900000     11.105703
     -3.880000      9.708373
     -3.860000      9.234128
     -3.840000      9.862968
     -3.820000     11.288586
     -3.800000     12.965787
     -3.780000     14.482051
     -3.760000     15.680177
     -3.740000     16.458758
     -3.720000     16.678345
     -3.700000     16.405220
     -3.680000     15.973129
     -3.660000     15.554526
     -3.640000     14.902612
     -3.620000     13.741462
     -3.600000     12.203460
     -3.580000     10.734181
     -3.560000      9.754201
     -3.540000      9.448045
     -3.520000      9.691891
     -3.500000     10.175762
     -3.480000     10.690644
     -3.460000     11.238424
     -3.440000     11.810165
     -3.420000     12.186606
     -3.400000     12.083243
     -3.380000     11.450208
     -3.360000     10.546020
     -3.340000      9.726672
     -3.320000      9.219079
     -3.300000      9.082830
     -3.280000      9.274508
     -3.260000      9.681972
     -3.240000     10.148740
     -3.220000     10.495149
     -3.200000     10.524698
     -3.180000     10.096983
     -3.160000      9.253582
     -3.140000      8.228553
     -3.120000      7.301707
     -3.100000      6.658944
     -3.080000      6.361478
     -3.060000      6.361801
     -3.040000      6.551091
     -3.020000      6.858094
     -3.000000      7.285188
     -2.980000      7.817053
     -2.960000      8.348125
     -2.940000      8.755946
     -2.920000      9.019753
     -2.900000      9.208341
     -2.880000      9.379941
     -2.860000      9.570510
     -2.840000      9.827357
     -2.820000     10.125790
     -2.800000     10.286677
     -2.780000     10.123105
     -2.760000      9.675700
     -2.740000      9.205384
     -2.720000      8.963838
     -2.700000      9.029397
     -2.680000      9.307069
     -2.660000      9.621948
     -2.640000      9.859667
     -2.620000     10.029864
     -2.600000     10.174275
     -2.580000     10.297035
     -2.560000     10.407492
     -2.540000     10.525701
     -2.520000     10.641449
     -2.500000     10.740051
     -2.480000     10.824987
     -2.460000     10.852470
     -2.440000     10.725119
     -2.420000     10.427888
     -2.400000     10.109262
     -2.380000      9.994408
     -2.360000     10.243871
     -2.340000     10.860080
     -2.320000     11.692085
     -2.300000     12.517882
     -2.280000     13.125706
     -2.260000     13.376465
     -2.240000     13.238548
     -2.220000     12.816320
     -2.200000     12.366614
     -2.180000     12.148514
     -2.160000     12.188086
     -2.140000     12.313429
     -2.120000     12.429603
     -2.100000     12.638664
     -2.080000     13.070008
     -2.060000     13.630902
     -2.040000     13.945021
     -2.020000     13.617105
     -2.000000     12.622213
     -1.980000     11.379857
     -1.960000     10.419515
     -1.940000     10.022597
     -1.920000     10.164516
     -1.900000     10.674822
     -1.880000     11.336574
     -1.860000     11.887083
     -1.840000     12.113383
     -1.820000     12.006341
     -1.800000     11.747369
     -1.780000     11.557287
     -1.760000     11.588659
     -1.740000     11.865767
     -1.720000     12.223712
     -1.700000     12.369554
     -1.680000     12.176997
     -1.660000     11.914344
     -1.640000     11.958133
     -1.620000     12.271415
     -1.600000     12.439771
     -1.580000     12.225674
     -1.560000     11.786819
     -1.540000     11.358627
     -1.520000     11.006819
     -1.500000     10.702226
     -1.480000     10.428512
     -1.460000     10.186603
     -1.440000     10.000568
     -1.420000      9.916869
     -1.400000      9.960303
     -1.380000     10.143783
     -1.360000     10.527642
     -1.340000     11.161826
     -1.320000     11.924947
     -1.300000     12.529945
     -1.280000     12.772044
     -1.260000     12.695538
     -1.240000     12.470645
     -1.220000     12.221531
     -1.200000     12.040512
     -1.180000     12.062552
     -1.160000     12.420477
     -1.140000     13.133582
     -1.120000     14.050375
     -1.100000     14.863899
     -1.080000     15.228670
     -1.060000     14.960482
     -1.040000     14.105740
     -1.020000     12.835332
     -1.000000     11.387943
     -0.980000     10.049748
     -0.960000      9.039776
     -0.940000      8.448712
     -0.920000      8.295485
     -0.900000      8.533008
     -0.880000      8.987380
     -0.860000      9.341313
     -0.840000      9.250988
     -0.820000      8.598798
     -0.800000      7.620484
     -0.780000      6.699079
     -0.760000      6.065302
     -0.740000      5.730115
     -0.720000      5.632414
     -0.700000      5.778674
     -0.680000      6.211682
     -0.660000      6.820000
     -0.640000      7.258240
     -0.620000      7.226274
     -0.600000      6.808656
     -0.580000      6.362001
     -0.560000      6.096657
     -0.540000      5.928383
     -0.520000      5.694424
     -0.500000      5.358362
     -0.480000      4.997241
     -0.460000      4.702160
     -0.440000      4.534851
     -0.420000      4.503754
     -0.400000      4.553595
     -0.380000      4.663212
     -0.360000      4.961494
     -0.340000      5.675917
     -0.320000      6.954134
     -0.300000      8.705612
     -0.280000     10.596261
     -0.260000     12.252002
     -0.240000     13.435871
     -0.220000     13.996405
     -0.200000     13.833817
     -0.180000     13.043079
     -0.160000     11.931898
     -0.140000     10.797237
     -0.120000      9.763134
     -0.100000      8.839589
     -0.080000      8.048685
     -0.060000      7.455723
     -0.040000      7.108865
     -0.020000      6.967483
      0.000000      6.879023
      0.020000      6.657813
      0.040000      6.228751
      0.060000      5.693863
      0.080000      5.250488
      0.100000      5.033392
      0.120000      5.026068
      0.140000      5.109874
      0.160000      5.158014
      0.180000      5.082729
      0.200000      4.875987
      0.220000      4.646899
      0.240000      4.550105
      0.260000      4.628748
      0.280000      4.764927
      0.300000      4.803960
      0.320000      4.678543
      0.340000      4.401452
      0.360000      4.036574
      0.380000      3.714715
      0.400000      3.570053
      0.420000      3.612198
      0.440000      3.708912
      0.460000      3.708916
      0.480000      3.573446
      0.500000      3.380563
      0.520000      3.199084
      0.540000      3.016643
      0.560000      2.837462
      0.580000      2.763538
      0.600000      2.874807
      0.620000      3.073823
      0.640000      3.154150
      0.660000      3.010313
      0.680000      2.701855
      0.700000      2.347346
      0.720000      2.054297
      0.740000      1.922252
      0.760000      2.004216
      0.780000      2.242746
      0.800000      2.503290
      0.820000      2.703952
      0.840000      2.873514
      0.860000      3.049690
      0.880000      3.175039
      0.900000      3.151183
      0.920000      2.963988
      0.940000      2.704521
      0.960000      2.473990
      0.980000      2.301352
      1.000000      2.164365
      1.020000      2.051713
      1.040000      1.966551
      1.060000      1.900509
      1.080000      1.837047
      1.100000      1.767288
      1.120000      1.697737
      1.140000      1.640982
      1.160000      1.592691
      1.180000      1.536030
      1.200000      1.473013
      1.220000      1.420681
      1.240000      1.377091
      1.260000      1.326406
      1.280000      1.270352
      1.300000      1.221689
      1.320000      1.178154
      1.340000      1.130076
      1.360000      1.080410
      1.380000      1.035299
      1.400000      0.990412
      1.420000      0.943035
      1.440000      0.898284
      1.460000      0.854021
      1.480000      0.800828
      1.500000      0.736723
      1.520000      0.663422
      1.540000      0.580475
      1.560000      0.497375
      1.580000      0.432684
      1.600000      0.392315
      1.620000      0.364190
      1.640000      0.337271
      1.660000      0.312209
      1.680000      0.291144
      1.700000      0.270441
      1.720000      0.247156
      1.740000      0.223158
      1.760000      0.200680
      1.780000      0.179384
      1.800000      0.157630
      1.820000      0.133432
      1.840000      0.106012
      1.860000      0.078383
      1.880000      0.058188
      1.900000      0.054672
      1.920000      0.071829
      1.940000      0.105066
      1.960000      0.145611
      1.980000      0.184100
      2.000000      0.213958
      2.020000      0.242261
      2.040000      0.287275
      2.060000      0.352406
      2.080000      0.421778
      2.100000      0.488981
      2.120000      0.559943
      2.140000      0.626881
      2.160000      0.675513
      2.180000      0.714521
      2.200000      0.764295
      2.220000      0.822833
      2.240000      0.872397
      2.260000      0.912968
      2.280000      0.961387
      2.300000      1.021694
      2.320000      1.079885
      2.340000      1.127142
      2.360000      1.173111
      2.380000      1.233020
      2.400000      1.303359
      2.420000      1.362160
      2.440000      1.407109
      2.460000      1.467197
      2.480000      1.550388
      2.500000      1.623938
      2.520000      1.676909
      2.540000      1.743103
      2.560000      1.837454
      2.580000      1.931493
      2.600000      2.009486
      2.620000      2.097084
      2.640000      2.218479
      2.660000      2.366255
      2.680000      2.537937
      2.700000      2.768916
      2.720000      3.092352
      2.740000      3.480994
      2.760000      3.843997
      2.780000      4.059727
      2.800000      4.023305
      2.820000      3.717807
      2.840000      3.257160
      2.860000      2.845971
      2.880000      2.693686
      2.900000      2.924374
      2.920000      3.471510
      2.940000      4.019260
      2.960000      4.148153
      2.980000      3.664649
      3.000000      2.780294
      3.020000      1.930246
      3.040000      1.463163
      3.060000      1.501619
      3.080000      2.001291
      3.100000      2.850782
      3.120000      3.861825
      3.140000      4.738225
      3.160000      5.259207
      3.180000      5.536071
      3.200000      5.915534
      3.220000      6.615452
      3.240000      7.600614
      3.260000      8.766115
      3.280000     10.051428
      3.300000     11.314340
      3.320000     12.221478
      3.340000     12.454818
      3.360000     12.040362
      3.380000     11.315334
      3.400000     10.577153
      3.420000      9.914922
      3.440000      9.327503
      3.460000      8.819852
      3.480000      8.386966
      3.500000      8.017226
      3.520000      7.723235
      3.540000      7.516307
      3.560000      7.337893
      3.580000      7.082742
      3.600000      6.746619
      3.620000      6.498030
      3.640000      6.542265
      3.660000      6.925766
      3.680000      7.469097
      3.700000      7.858299
      3.720000      7.848198
      3.740000      7.457149
      3.760000      6.954646
      3.780000      6.631091
      3.800000      6.592089
      3.820000      6.744928
      3.840000      6.917666
      3.860000      6.975475
      3.880000      6.868547
      3.900000      6.633517
      3.920000      6.367161
      3.940000      6.174422
      3.960000      6.131959
      3.980000      6.266180
      4.000000      6.506810
      4.020000      6.678094
      4.040000      6.608780
      4.060000      6.274527
      4.080000      5.792779
      4.100000      5.269695
      4.120000      4.701893
      4.140000      4.048842
      4.160000      3.357172
      4.180000      2.766103
      4.200000      2.416480
      4.220000      2.395190
      4.240000      2.715502
      4.260000      3.284192
      4.280000      3.912418
      4.300000      4.415359
      4.320000      4.726062
      4.340000      4.903179
      4.360000      5.008417
      4.380000      5.008028
      4.400000      4.837399
      4.420000      4.536670
      4.440000      4.295111
      4.460000      4.347225
      4.480000      4.761158
      4.500000      5.308600
      4.520000      5.618294
      4.540000      5.498882
      4.560000      5.078023
      4.580000      4.631763
      4.600000      4.345069
      4.620000      4.241154
      4.640000      4.258718
      4.660000      4.345166
      4.680000      4.478163
      4.700000      4.613996
      4.720000      4.660900
      4.740000      4.553198
      4.760000      4.344596
      4.780000      4.186196
      4.800000      4.196996
      4.820000      4.351944
      4.840000      4.492926
      4.860000      4.468801
      4.880000      4.270681
      4.900000      4.019083
      4.920000      3.839761
      4.940000      3.776521
      4.960000      3.796053
      4.980000      3.832212
      5.000000      3.842421
      5.020000      3.857737
      5.040000      3.954980
      5.060000      4.159665
      5.080000      4.413516
      5.100000      4.648110
      5.120000      4.844194
      5.140000      5.007391
      5.160000      5.134337
      5.180000      5.225477
      5.200000      5.286151
      5.220000      5.288149
      5.240000      5.178134
      5.260000      4.953044
      5.280000      4.684583
      5.300000      4.448392
      5.320000      4.267267
      5.340000      4.133758
      5.360000      4.055015
      5.380000      4.066125
      5.400000      4.196222
      5.420000      4.400161
      5.440000      4.549300
      5.460000      4.534104
      5.480000      4.354512
      5.500000      4.104086
      5.520000      3.905414
      5.540000      3.829745
      5.560000      3.827825
      5.580000      3.783266
      5.600000      3.672723
      5.620000      3.599180
      5.640000      3.627764
      5.660000      3.696111
      5.680000      3.750722
      5.700000      3.865584
      5.720000      4.127603
      5.740000      4.463797
      5.760000      4.677988
      5.780000      4.645222
      5.800000      4.410295
      5.820000      4.115148
      5.840000      3.885306
      5.860000      3.758994
      5.880000      3.687315
      5.900000      3.625889
      5.920000      3.606593
      5.940000      3.676350
      5.960000      3.811776
      5.980000      3.941422
      6.000000      4.004345
      6.020000      3.969587
      6.040000      3.858162
      6.060000      3.752275
      6.080000      3.741992
      6.100000      3.849868
      6.120000      4.002009
      6.140000      4.084187
      6.160000      4.041769
      6.180000      3.902751
      6.200000      3.712050
      6.220000      3.499112
      6.240000      3.312385
      6.260000      3.239767
      6.280000      3.355758
      6.300000      3.617928
      6.320000      3.842414
      6.340000      3.847476
      6.360000      3.614536
      6.380000      3.277133
      6.400000      2.990727
      6.420000      2.837910
      6.440000      2.817991
      6.460000      2.895068
      6.480000      3.045143
      6.500000      3.241954
      6.520000      3.424096
      6.540000      3.530833
      6.560000      3.571171
      6.580000      3.619112
      6.600000      3.714821
      6.620000      3.796763
      6.640000      3.790349
      6.660000      3.730196
      6.680000      3.710116
      6.700000      3.746953
      6.720000      3.777102
      6.740000      3.768378
      6.760000      3.764662
      6.780000      3.805501
      6.800000      3.845873
      6.820000      3.799860
      6.840000      3.654796
      6.860000      3.488357
      6.880000      3.358201
      6.900000      3.237022
      6.920000      3.092498
      6.940000      2.956489
      6.960000      2.862524
      6.980000      2.790170
      7.000000      2.711902
      7.020000      2.631663
      7.040000      2.571498
      7.060000      2.554907
      7.080000      2.572471
      7.100000      2.569546
      7.120000      2.520776
      7.140000      2.488037
      7.160000      2.558557
      7.180000      2.752103
      7.200000      3.002045
      7.220000      3.200076
      7.240000      3.264432
      7.260000      3.195275
      7.280000      3.075188
      7.300000      3.010025
      7.320000      3.050328
      7.340000      3.159238
      7.360000      3.270726
      7.380000      3.362915
      7.400000      3.441294
      7.420000      3.483080
      7.440000      3.454990
      7.460000      3.372911
      7.480000      3.288455
      7.500000      3.215321
      7.520000      3.115487
      7.540000      2.966615
      7.560000      2.810566
      7.580000      2.715784
      7.600000      2.705397
      7.620000      2.743898
      7.640000      2.784729
      7.660000      2.802268
      7.680000      2.782542
      7.700000      2.720186
      7.720000      2.638899
      7.740000      2.590635
      7.760000      2.617196
      7.780000      2.726424
      7.800000      2.915944
      7.820000      3.189777
      7.840000      3.514651
      7.860000      3.787019
      7.880000      3.890077
      7.900000      3.772470
      7.920000      3.468789
      7.940000      3.070725
      7.960000      2.671405
      7.980000      2.329253
      8.000000      2.084797
      8.020000      1.975507
      8.040000      2.007714
      8.060000      2.132468
      8.080000      2.272445
      8.100000      2.390463
      8.120000      2.536562
      8.140000      2.792413
      8.160000      3.143794
      8.180000      3.453350
      8.200000      3.599601
      8.220000      3.604807
      8.240000      3.581492
      8.260000      3.585593
      8.280000      3.589794
      8.300000      3.579502
      8.320000      3.574140
      8.340000      3.556136
      8.360000      3.490889
      8.380000      3.420970
      8.400000      3.424138
      8.420000      3.479601
      8.440000      3.497121
      8.460000      3.461461
      8.480000      3.428330
      8.500000      3.405376
      8.520000      3.347667
      8.540000      3.255103
      8.560000      3.182740
      8.580000      3.152433
      8.600000      3.121809
      8.620000      3.046870
      8.640000      2.921782
      8.660000      2.751992
      8.680000      2.542326
      8.700000      2.322216
      8.720000      2.132479
      8.740000      1.978783
      8.760000      1.837677
      8.780000      1.708624
      8.800000      1.628460
      8.820000      1.630451
      8.840000      1.713014
      8.860000      1.854091
      8.880000      2.021302
      8.900000      2.158386
      8.920000      2.212915
      8.940000      2.189648
      8.960000      2.115346
      8.980000      1.948902
      9.000000      1.613834
      9.020000      1.145698
      9.040000      0.746281
      9.060000      0.690897
      9.080000      1.246139
      9.100000      2.645896
      9.120000      4.981286
      9.140000      7.962293
      9.160000     10.822320
      9.180000     12.702370
      9.200000     13.343783
      9.220000     13.326307
      9.240000     13.431743
      9.260000     13.872007
      9.280000     14.366904
      9.300000     14.792695
      9.320000     15.330444
      9.340000     16.004208
      9.360000     16.508436
      9.380000     16.580212
      9.400000     16.266170
      9.420000     15.868816
      9.440000     15.851005
      9.460000     16.603594
      9.480000     18.017057
      9.500000     19.433193
      9.520000     20.228615
      9.540000     20.273968
      9.560000     19.762044
      9.580000     18.899222
      9.600000     17.898792
      9.620000     17.010175
      9.640000     16.345559
      9.660000     15.820010
      9.680000     15.377784
      9.700000     15.120871
      9.720000     15.147281
      9.740000     15.377627
      9.760000     15.593646
      9.780000     15.629068
      9.800000     15.488162
      9.820000     15.288270
      9.840000     15.140211
      9.860000     15.058410
      9.880000     14.945568
      9.900000     14.684620
      9.920000     14.258797
      9.940000     13.799476
      9.960000     13.542341
      9.980000     13.697105
     10.000000     14.304781
