# EIG2DOS: Utility for SIESTA to obtain the electronic density of states
#
#                                                  Emilio Artacho, Apr. 1999
# --------------------------------------------------------------------------
# Nbands, Nspin, Nk   =    936     1   352
# E_F                 =    -5.9868 eV
# Broadening          =     0.0500 eV
# Number of electrons =   285.1250  285.5147 per cell
#
#        E            N
# --------------------------------------------------------------------------
    -10.000000      6.068378
     -9.980000      6.081195
     -9.960000      6.130092
     -9.940000      6.176621
     -9.920000      6.259754
     -9.900000      6.456573
     -9.880000      6.700033
     -9.860000      6.771757
     -9.840000      6.559918
     -9.820000      6.210368
     -9.800000      5.952541
     -9.780000      5.877482
     -9.760000      5.934580
     -9.740000      6.042709
     -9.720000      6.145331
     -9.700000      6.198908
     -9.680000      6.145990
     -9.660000      5.937340
     -9.640000      5.603464
     -9.620000      5.273234
     -9.600000      5.113744
     -9.580000      5.255281
     -9.560000      5.694705
     -9.540000      6.206149
     -9.520000      6.421629
     -9.500000      6.110188
     -9.480000      5.390756
     -9.460000      4.636685
     -9.440000      4.192804
     -9.420000      4.200268
     -9.400000      4.595240
     -9.380000      5.166859
     -9.360000      5.652514
     -9.340000      5.885084
     -9.320000      5.868425
     -9.300000      5.691574
     -9.280000      5.415744
     -9.260000      5.064771
     -9.240000      4.679067
     -9.220000      4.355250
     -9.200000      4.244335
     -9.180000      4.511682
     -9.160000      5.232883
     -9.140000      6.243083
     -9.120000      7.129852
     -9.100000      7.483729
     -9.080000      7.186357
     -9.060000      6.458597
     -9.040000      5.660394
     -9.020000      5.054750
     -9.000000      4.735627
     -8.980000      4.718564
     -8.960000      5.032530
     -8.940000      5.704064
     -8.920000      6.655138
     -8.900000      7.612789
     -8.880000      8.171490
     -8.860000      8.052704
     -8.840000      7.341963
     -8.820000      6.420604
     -8.800000      5.654294
     -8.780000      5.186098
     -8.760000      4.989605
     -8.740000      5.004162
     -8.720000      5.164083
     -8.700000      5.360343
     -8.680000      5.466050
     -8.660000      5.411108
     -8.640000      5.202029
     -8.620000      4.888918
     -8.600000      4.544875
     -8.580000      4.259324
     -8.560000      4.101460
     -8.540000      4.063023
     -8.520000      4.068588
     -8.500000      4.070955
     -8.480000      4.105166
     -8.460000      4.237238
     -8.440000      4.487227
     -8.420000      4.778062
     -8.400000      4.943181
     -8.380000      4.861796
     -8.360000      4.617934
     -8.340000      4.431887
     -8.320000      4.403239
     -8.300000      4.431424
     -8.280000      4.434074
     -8.260000      4.513799
     -8.240000      4.804741
     -8.220000      5.270548
     -8.200000      5.809838
     -8.180000      6.455155
     -8.160000      7.267910
     -8.140000      8.088284
     -8.120000      8.584537
     -8.100000      8.572780
     -8.080000      8.149317
     -8.060000      7.510296
     -8.040000      6.805123
     -8.020000      6.181743
     -8.000000      5.822591
     -7.980000      5.855457
     -7.960000      6.264717
     -7.940000      6.913431
     -7.920000      7.621179
     -7.900000      8.218609
     -7.880000      8.587269
     -7.860000      8.700310
     -7.840000      8.617142
     -7.820000      8.420746
     -7.800000      8.187069
     -7.780000      8.000917
     -7.760000      7.919842
     -7.740000      7.890390
     -7.720000      7.743073
     -7.700000      7.341621
     -7.680000      6.764523
     -7.660000      6.250746
     -7.640000      5.917720
     -7.620000      5.657370
     -7.600000      5.353262
     -7.580000      5.055953
     -7.560000      4.897444
     -7.540000      4.920179
     -7.520000      5.034043
     -7.500000      5.147500
     -7.480000      5.297388
     -7.460000      5.567986
     -7.440000      5.925657
     -7.420000      6.244098
     -7.400000      6.478981
     -7.380000      6.733436
     -7.360000      7.126103
     -7.340000      7.627127
     -7.320000      8.053813
     -7.300000      8.239538
     -7.280000      8.196285
     -7.260000      8.078350
     -7.240000      8.003473
     -7.220000      7.962834
     -7.200000      7.887292
     -7.180000      7.738170
     -7.160000      7.530540
     -7.140000      7.311400
     -7.120000      7.124565
     -7.100000      6.986904
     -7.080000      6.920191
     -7.060000      6.997843
     -7.040000      7.276603
     -7.020000      7.661750
     -7.000000      7.939282
     -6.980000      7.975758
     -6.960000      7.816565
     -6.940000      7.583369
     -6.920000      7.351621
     -6.900000      7.156479
     -6.880000      7.060567
     -6.860000      7.138099
     -6.840000      7.378768
     -6.820000      7.673785
     -6.800000      7.930423
     -6.780000      8.143212
     -6.760000      8.321572
     -6.740000      8.396594
     -6.720000      8.246710
     -6.700000      7.829872
     -6.680000      7.296156
     -6.660000      6.951004
     -6.640000      7.037579
     -6.620000      7.493792
     -6.600000      7.970379
     -6.580000      8.154002
     -6.560000      8.017568
     -6.540000      7.739945
     -6.520000      7.508060
     -6.500000      7.411767
     -6.480000      7.411258
     -6.460000      7.413552
     -6.440000      7.437832
     -6.420000      7.622365
     -6.400000      8.010774
     -6.380000      8.433717
     -6.360000      8.661790
     -6.340000      8.603725
     -6.320000      8.333340
     -6.300000      7.979362
     -6.280000      7.616690
     -6.260000      7.267973
     -6.240000      6.980436
     -6.220000      6.846281
     -6.200000      6.945424
     -6.180000      7.263941
     -6.160000      7.646598
     -6.140000      7.881420
     -6.120000      7.859504
     -6.100000      7.622290
     -6.080000      7.302545
     -6.060000      7.073039
     -6.040000      7.092543
     -6.020000      7.403386
     -6.000000      7.855092
     -5.980000      8.211748
     -5.960000      8.424263
     -5.940000      8.759300
     -5.920000      9.539738
     -5.900000     10.746095
     -5.880000     12.015404
     -5.860000     13.051568
     -5.840000     13.822649
     -5.820000     14.277968
     -5.800000     14.126077
     -5.780000     13.153734
     -5.760000     11.685503
     -5.740000     10.426270
     -5.720000      9.825847
     -5.700000      9.865709
     -5.680000     10.408551
     -5.660000     11.356440
     -5.640000     12.435234
     -5.620000     13.219903
     -5.600000     13.533433
     -5.580000     13.597049
     -5.560000     13.694953
     -5.540000     13.891298
     -5.520000     14.113792
     -5.500000     14.301270
     -5.480000     14.427320
     -5.460000     14.504561
     -5.440000     14.576517
     -5.420000     14.669975
     -5.400000     14.762577
     -5.380000     14.777933
     -5.360000     14.612577
     -5.340000     14.228546
     -5.320000     13.748213
     -5.300000     13.430292
     -5.280000     13.533679
     -5.260000     14.172048
     -5.240000     15.228548
     -5.220000     16.381249
     -5.200000     17.267593
     -5.180000     17.685148
     -5.160000     17.641148
     -5.140000     17.227659
     -5.120000     16.512736
     -5.100000     15.590092
     -5.080000     14.691597
     -5.060000     14.105563
     -5.040000     13.878088
     -5.020000     13.719392
     -5.000000     13.350191
     -4.980000     12.857209
     -4.960000     12.597533
     -4.940000     12.833492
     -4.920000     13.549426
     -4.900000     14.493513
     -4.880000     15.254691
     -4.860000     15.462208
     -4.840000     15.156392
     -4.820000     14.852473
     -4.800000     14.967722
     -4.780000     15.273500
     -4.760000     15.171402
     -4.740000     14.415917
     -4.720000     13.338516
     -4.700000     12.464109
     -4.680000     12.150161
     -4.660000     12.557511
     -4.640000     13.653647
     -4.620000     15.109854
     -4.600000     16.384676
     -4.580000     17.034807
     -4.560000     16.994122
     -4.540000     16.645663
     -4.520000     16.571762
     -4.500000     17.089855
     -4.480000     17.996661
     -4.460000     18.794323
     -4.440000     19.130231
     -4.420000     18.996038
     -4.400000     18.616747
     -4.380000     18.260082
     -4.360000     18.132215
     -4.340000     18.336651
     -4.320000     18.843050
     -4.300000     19.518834
     -4.280000     20.154104
     -4.260000     20.438872
     -4.240000     20.167066
     -4.220000     19.570805
     -4.200000     19.191555
     -4.180000     19.297244
     -4.160000     19.551363
     -4.140000     19.327239
     -4.120000     18.288427
     -4.100000     16.631587
     -4.080000     14.919919
     -4.060000     13.779069
     -4.040000     13.557949
     -4.020000     14.105928
     -4.000000     14.939728
     -3.980000     15.655785
     -3.960000     16.057041
     -3.940000     15.946610
     -3.920000     15.125518
     -3.900000     13.690092
     -3.880000     12.095315
     -3.860000     10.833767
     -3.840000     10.174446
     -3.820000     10.160303
     -3.800000     10.686967
     -3.780000     11.617586
     -3.760000     12.899143
     -3.740000     14.436691
     -3.720000     15.797649
     -3.700000     16.320391
     -3.680000     15.729617
     -3.660000     14.483230
     -3.640000     13.357047
     -3.620000     12.798223
     -3.600000     12.740401
     -3.580000     12.845565
     -3.560000     12.773914
     -3.540000     12.343770
     -3.520000     11.609912
     -3.500000     10.801299
     -3.480000     10.094796
     -3.460000      9.439613
     -3.440000      8.695685
     -3.420000      7.938821
     -3.400000      7.456461
     -3.380000      7.389928
     -3.360000      7.556052
     -3.340000      7.686091
     -3.320000      7.706448
     -3.300000      7.750533
     -3.280000      7.973974
     -3.260000      8.364117
     -3.240000      8.720806
     -3.220000      8.832493
     -3.200000      8.633726
     -3.180000      8.212091
     -3.160000      7.764132
     -3.140000      7.545471
     -3.120000      7.769351
     -3.100000      8.477411
     -3.080000      9.447331
     -3.060000     10.260027
     -3.040000     10.567282
     -3.020000     10.319935
     -3.000000      9.752263
     -2.980000      9.188257
     -2.960000      8.830928
     -2.940000      8.700300
     -2.920000      8.739517
     -2.900000      8.898085
     -2.880000      9.116042
     -2.860000      9.346587
     -2.840000      9.628308
     -2.820000     10.036867
     -2.800000     10.520671
     -2.780000     10.863787
     -2.760000     10.880202
     -2.740000     10.605197
     -2.720000     10.252665
     -2.700000     10.041649
     -2.680000     10.086714
     -2.660000     10.381154
     -2.640000     10.841153
     -2.620000     11.367876
     -2.600000     11.888077
     -2.580000     12.356668
     -2.560000     12.690583
     -2.540000     12.719906
     -2.520000     12.308743
     -2.500000     11.518051
     -2.480000     10.565265
     -2.460000      9.683473
     -2.440000      9.066080
     -2.420000      8.780495
     -2.400000      8.669850
     -2.380000      8.524469
     -2.360000      8.374587
     -2.340000      8.471739
     -2.320000      9.051389
     -2.300000     10.197090
     -2.280000     11.754583
     -2.260000     13.266989
     -2.240000     14.194163
     -2.220000     14.370797
     -2.200000     14.145130
     -2.180000     13.969506
     -2.160000     13.990152
     -2.140000     14.097053
     -2.120000     14.143525
     -2.100000     13.975914
     -2.080000     13.463915
     -2.060000     12.687408
     -2.040000     11.974322
     -2.020000     11.649057
     -2.000000     11.783128
     -1.980000     12.163421
     -1.960000     12.482899
     -1.940000     12.627779
     -1.920000     12.774089
     -1.900000     13.149605
     -1.880000     13.706538
     -1.860000     14.073952
     -1.840000     13.863266
     -1.820000     13.027754
     -1.800000     11.928400
     -1.780000     11.045797
     -1.760000     10.655211
     -1.740000     10.793772
     -1.720000     11.370704
     -1.700000     12.135658
     -1.680000     12.677731
     -1.660000     12.696692
     -1.640000     12.289169
     -1.620000     11.855149
     -1.600000     11.698929
     -1.580000     11.747990
     -1.560000     11.669231
     -1.540000     11.273339
     -1.520000     10.769664
     -1.500000     10.559814
     -1.480000     10.805649
     -1.460000     11.276452
     -1.440000     11.626786
     -1.420000     11.740776
     -1.400000     11.748938
     -1.380000     11.798709
     -1.360000     11.945711
     -1.340000     12.230290
     -1.320000     12.698611
     -1.300000     13.306937
     -1.280000     13.867804
     -1.260000     14.146994
     -1.240000     14.056750
     -1.220000     13.729489
     -1.200000     13.375063
     -1.180000     13.132421
     -1.160000     13.038685
     -1.140000     12.998807
     -1.120000     12.791507
     -1.100000     12.243199
     -1.080000     11.434317
     -1.060000     10.694028
     -1.040000     10.374203
     -1.020000     10.587269
     -1.000000     11.083807
     -0.980000     11.397817
     -0.960000     11.205080
     -0.940000     10.540309
     -0.920000      9.683993
     -0.900000      8.968882
     -0.880000      8.685161
     -0.860000      8.999628
     -0.840000      9.836919
     -0.820000     10.799827
     -0.800000     11.308758
     -0.780000     10.995071
     -0.760000      9.964544
     -0.740000      8.615301
     -0.720000      7.297811
     -0.700000      6.213694
     -0.680000      5.483540
     -0.660000      5.148741
     -0.640000      5.131786
     -0.620000      5.293850
     -0.600000      5.547469
     -0.580000      5.841848
     -0.560000      6.027696
     -0.540000      5.877285
     -0.520000      5.330530
     -0.500000      4.639358
     -0.480000      4.192685
     -0.460000      4.210379
     -0.440000      4.628000
     -0.420000      5.251605
     -0.400000      5.957841
     -0.380000      6.732838
     -0.360000      7.543221
     -0.340000      8.188633
     -0.320000      8.381863
     -0.300000      8.053194
     -0.280000      7.491898
     -0.260000      7.137213
     -0.240000      7.279549
     -0.220000      7.891859
     -0.200000      8.659574
     -0.180000      9.275129
     -0.160000      9.731790
     -0.140000     10.194239
     -0.120000     10.655849
     -0.100000     10.938510
     -0.080000     10.945558
     -0.060000     10.686136
     -0.040000     10.134490
     -0.020000      9.280813
      0.000000      8.270643
      0.020000      7.335893
      0.040000      6.601405
      0.060000      6.026505
      0.080000      5.506954
      0.100000      5.015521
      0.120000      4.658775
      0.140000      4.552193
      0.160000      4.651784
      0.180000      4.809659
      0.200000      4.938505
      0.220000      4.994682
      0.240000      4.909275
      0.260000      4.672118
      0.280000      4.397465
      0.300000      4.237742
      0.320000      4.263609
      0.340000      4.388918
      0.360000      4.411807
      0.380000      4.224471
      0.400000      3.952048
      0.420000      3.786962
      0.440000      3.750576
      0.460000      3.705861
      0.480000      3.534802
      0.500000      3.236266
      0.520000      2.911121
      0.540000      2.711643
      0.560000      2.754653
      0.580000      3.000012
      0.600000      3.238184
      0.620000      3.279467
      0.640000      3.145409
      0.660000      3.023514
      0.680000      3.044147
      0.700000      3.146783
      0.720000      3.190956
      0.740000      3.137917
      0.760000      3.042926
      0.780000      2.931527
      0.800000      2.791650
      0.820000      2.654875
      0.840000      2.581353
      0.860000      2.554714
      0.880000      2.482105
      0.900000      2.330863
      0.920000      2.180387
      0.940000      2.104547
      0.960000      2.077188
      0.980000      2.024406
      1.000000      1.929079
      1.020000      1.849988
      1.040000      1.827334
      1.060000      1.812472
      1.080000      1.746524
      1.100000      1.659678
      1.120000      1.614446
      1.140000      1.599325
      1.160000      1.559454
      1.180000      1.489074
      1.200000      1.428578
      1.220000      1.397458
      1.240000      1.370972
      1.260000      1.319922
      1.280000      1.255516
      1.300000      1.212729
      1.320000      1.189030
      1.340000      1.147142
      1.360000      1.086159
      1.380000      1.041994
      1.400000      1.014677
      1.420000      0.972860
      1.440000      0.919542
      1.460000      0.878687
      1.480000      0.844495
      1.500000      0.801505
      1.520000      0.755645
      1.540000      0.712768
      1.560000      0.661679
      1.580000      0.586717
      1.600000      0.478068
      1.620000      0.340636
      1.640000      0.201767
      1.660000      0.095419
      1.680000      0.035044
      1.700000      0.009818
      1.720000      0.002074
      1.740000      0.000328
      1.760000      0.000038
      1.780000      0.000003
      1.800000      0.000000
      1.820000      0.000000
      1.840000      0.000000
      1.860000      0.000001
      1.880000      0.000015
      1.900000      0.000126
      1.920000      0.000800
      1.940000      0.003815
      1.960000      0.013712
      1.980000      0.037552
      2.000000      0.079656
      2.020000      0.134648
      2.040000      0.189673
      2.060000      0.235027
      2.080000      0.268170
      2.100000      0.292053
      2.120000      0.314775
      2.140000      0.340111
      2.160000      0.361803
      2.180000      0.380359
      2.200000      0.406256
      2.220000      0.438132
      2.240000      0.470744
      2.260000      0.522530
      2.280000      0.614139
      2.300000      0.729994
      2.320000      0.839415
      2.340000      0.935079
      2.360000      1.018661
      2.380000      1.081333
      2.400000      1.127456
      2.420000      1.179746
      2.440000      1.240120
      2.460000      1.291129
      2.480000      1.340049
      2.500000      1.402190
      2.520000      1.462824
      2.540000      1.514143
      2.560000      1.576688
      2.580000      1.648277
      2.600000      1.707538
      2.620000      1.767855
      2.640000      1.848733
      2.660000      1.929679
      2.680000      1.996082
      2.700000      2.075242
      2.720000      2.184884
      2.740000      2.304604
      2.760000      2.430737
      2.780000      2.604436
      2.800000      2.847345
      2.820000      3.127335
      2.840000      3.424502
      2.860000      3.736154
      2.880000      3.957773
      2.900000      3.882334
      2.920000      3.427644
      2.940000      2.790218
      2.960000      2.302580
      2.980000      2.197861
      3.000000      2.505985
      3.020000      3.051946
      3.040000      3.541150
      3.060000      3.761694
      3.080000      3.731593
      3.100000      3.621775
      3.120000      3.581354
      3.140000      3.656777
      3.160000      3.830003
      3.180000      4.101559
      3.200000      4.522725
      3.220000      5.164612
      3.240000      6.096988
      3.260000      7.352790
      3.280000      8.838958
      3.300000     10.317827
      3.320000     11.533969
      3.340000     12.363929
      3.360000     12.832418
      3.380000     12.974217
      3.400000     12.758812
      3.420000     12.205613
      3.440000     11.438699
      3.460000     10.582098
      3.480000      9.734365
      3.500000      9.022800
      3.520000      8.552247
      3.540000      8.304542
      3.560000      8.144394
      3.580000      7.947015
      3.600000      7.719036
      3.620000      7.564720
      3.640000      7.535718
      3.660000      7.549236
      3.680000      7.447996
      3.700000      7.112468
      3.720000      6.546128
      3.740000      5.914365
      3.760000      5.459333
      3.780000      5.297834
      3.800000      5.360022
      3.820000      5.561701
      3.840000      5.895531
      3.860000      6.307227
      3.880000      6.650009
      3.900000      6.813615
      3.920000      6.778985
      3.940000      6.551225
      3.960000      6.145510
      3.980000      5.637767
      4.000000      5.164333
      4.020000      4.849727
      4.040000      4.740498
      4.060000      4.803248
      4.080000      4.964069
      4.100000      5.143415
      4.120000      5.274464
      4.140000      5.313774
      4.160000      5.250476
      4.180000      5.092733
      4.200000      4.836079
      4.220000      4.484892
      4.240000      4.124022
      4.260000      3.920892
      4.280000      4.007127
      4.300000      4.358032
      4.320000      4.822274
      4.340000      5.263070
      4.360000      5.596558
      4.380000      5.691936
      4.400000      5.391387
      4.420000      4.715753
      4.440000      3.925740
      4.460000      3.312435
      4.480000      3.025815
      4.500000      3.102494
      4.520000      3.514918
      4.540000      4.132080
      4.560000      4.695575
      4.580000      4.928669
      4.600000      4.741104
      4.620000      4.331083
      4.640000      4.033583
      4.660000      4.052901
      4.680000      4.358084
      4.700000      4.783914
      4.720000      5.151161
      4.740000      5.314531
      4.760000      5.210978
      4.780000      4.912070
      4.800000      4.580719
      4.820000      4.352978
      4.840000      4.271826
      4.860000      4.290958
      4.880000      4.296437
      4.900000      4.178064
      4.920000      3.940094
      4.940000      3.706969
      4.960000      3.592261
      4.980000      3.592980
      5.000000      3.628571
      5.020000      3.662841
      5.040000      3.743052
      5.060000      3.905194
      5.080000      4.096223
      5.100000      4.237978
      5.120000      4.332200
      5.140000      4.435231
      5.160000      4.549964
      5.180000      4.629360
      5.200000      4.681961
      5.220000      4.780537
      5.240000      4.949923
      5.260000      5.131713
      5.280000      5.287562
      5.300000      5.434824
      5.320000      5.527000
      5.340000      5.411941
      5.360000      4.998203
      5.380000      4.411380
      5.400000      3.916469
      5.420000      3.697418
      5.440000      3.760666
      5.460000      4.009622
      5.480000      4.316710
      5.500000      4.556041
      5.520000      4.659090
      5.540000      4.630727
      5.560000      4.490437
      5.580000      4.256992
      5.600000      4.015188
      5.620000      3.917938
      5.640000      4.050945
      5.660000      4.309469
      5.680000      4.454751
      5.700000      4.306970
      5.720000      3.889534
      5.740000      3.419398
      5.760000      3.165166
      5.780000      3.252485
      5.800000      3.560597
      5.820000      3.853823
      5.840000      4.028858
      5.860000      4.152483
      5.880000      4.278512
      5.900000      4.356189
      5.920000      4.319093
      5.940000      4.179288
      5.960000      4.032336
      5.980000      3.992991
      6.000000      4.095728
      6.020000      4.238868
      6.040000      4.260846
      6.060000      4.099427
      6.080000      3.863635
      6.100000      3.729160
      6.120000      3.764740
      6.140000      3.894743
      6.160000      4.024469
      6.180000      4.122721
      6.200000      4.178389
      6.220000      4.161883
      6.240000      4.043225
      6.260000      3.828364
      6.280000      3.599074
      6.300000      3.470091
      6.320000      3.447087
      6.340000      3.411130
      6.360000      3.296296
      6.380000      3.172235
      6.400000      3.122275
      6.420000      3.138899
      6.440000      3.147866
      6.460000      3.092787
      6.480000      3.006814
      6.500000      2.992883
      6.520000      3.115079
      6.540000      3.327121
      6.560000      3.514307
      6.580000      3.591688
      6.600000      3.566262
      6.620000      3.516096
      6.640000      3.504428
      6.660000      3.519359
      6.680000      3.507015
      6.700000      3.440124
      6.720000      3.341153
      6.740000      3.272456
      6.760000      3.305273
      6.780000      3.443211
      6.800000      3.584948
      6.820000      3.634605
      6.840000      3.618386
      6.860000      3.616797
      6.880000      3.647815
      6.900000      3.690395
      6.920000      3.745835
      6.940000      3.808001
      6.960000      3.828908
      6.980000      3.760828
      7.000000      3.588630
      7.020000      3.309319
      7.040000      2.947466
      7.060000      2.590094
      7.080000      2.342559
      7.100000      2.260854
      7.120000      2.339400
      7.140000      2.511435
      7.160000      2.671173
      7.180000      2.752459
      7.200000      2.757699
      7.220000      2.703882
      7.240000      2.624955
      7.260000      2.605921
      7.280000      2.710319
      7.300000      2.900540
      7.320000      3.081421
      7.340000      3.172894
      7.360000      3.147777
      7.380000      3.065418
      7.400000      3.035972
      7.420000      3.109441
      7.440000      3.242847
      7.460000      3.369361
      7.480000      3.445628
      7.500000      3.459899
      7.520000      3.421808
      7.540000      3.324963
      7.560000      3.154517
      7.580000      2.950923
      7.600000      2.808885
      7.620000      2.786415
      7.640000      2.839198
      7.660000      2.872013
      7.680000      2.857551
      7.700000      2.854870
      7.720000      2.889721
      7.740000      2.908059
      7.760000      2.895297
      7.780000      2.931271
      7.800000      3.074890
      7.820000      3.285307
      7.840000      3.470705
      7.860000      3.558414
      7.880000      3.555938
      7.900000      3.564888
      7.920000      3.649967
      7.940000      3.693318
      7.960000      3.499771
      7.980000      3.054305
      8.000000      2.564589
      8.020000      2.249036
      8.040000      2.172383
      8.060000      2.289217
      8.080000      2.553101
      8.100000      2.912517
      8.120000      3.248622
      8.140000      3.421726
      8.160000      3.390515
      8.180000      3.226224
      8.200000      3.013836
      8.220000      2.797865
      8.240000      2.624861
      8.260000      2.567537
      8.280000      2.660315
      8.300000      2.842029
      8.320000      3.008020
      8.340000      3.104915
      8.360000      3.146344
      8.380000      3.177379
      8.400000      3.261955
      8.420000      3.449763
      8.440000      3.711726
      8.460000      3.946383
      8.480000      4.068831
      8.500000      4.063966
      8.520000      3.956080
      8.540000      3.777548
      8.560000      3.582588
      8.580000      3.437828
      8.600000      3.367500
      8.620000      3.330191
      8.640000      3.263311
      8.660000      3.146340
      8.680000      3.007389
      8.700000      2.868225
      8.720000      2.726019
      8.740000      2.594408
      8.760000      2.502835
      8.780000      2.450983
      8.800000      2.400252
      8.820000      2.298896
      8.840000      2.115705
      8.860000      1.878917
      8.880000      1.669811
      8.900000      1.559509
      8.920000      1.571888
      8.940000      1.690302
      8.960000      1.841707
      8.980000      1.882285
      9.000000      1.676449
      9.020000      1.236926
      9.040000      0.761948
      9.060000      0.529850
      9.080000      0.830695
      9.100000      1.990250
      9.120000      4.238143
      9.140000      7.317764
      9.160000     10.284292
      9.180000     12.008334
      9.200000     12.097092
      9.220000     11.256155
      9.240000     10.620999
      9.260000     10.779569
      9.280000     11.546352
      9.300000     12.507278
      9.320000     13.432942
      9.340000     14.204159
      9.360000     14.722292
      9.380000     14.986061
      9.400000     15.034077
      9.420000     14.781513
      9.440000     14.123156
      9.460000     13.249589
      9.480000     12.674562
      9.500000     12.842429
      9.520000     13.782567
      9.540000     15.156472
      9.560000     16.500832
      9.580000     17.417053
      9.600000     17.712663
      9.620000     17.477234
      9.640000     17.060417
      9.660000     16.947501
      9.680000     17.427663
      9.700000     18.245783
      9.720000     18.799765
      9.740000     18.825106
      9.760000     18.653695
      9.780000     18.674787
      9.800000     18.813548
      9.820000     18.694866
      9.840000     18.090466
      9.860000     17.085847
      9.880000     15.970877
      9.900000     15.034967
      9.920000     14.393405
      9.940000     13.964488
      9.960000     13.596322
      9.980000     13.212319
     10.000000     12.875020
