# EIG2DOS: Utility for SIESTA to obtain the electronic density of states
#
#                                                  Emilio Artacho, Apr. 1999
# --------------------------------------------------------------------------
# Nbands, Nspin, Nk   =    936     1   352
# E_F                 =    -6.1613 eV
# Broadening          =     0.0500 eV
# Number of electrons =   172.0739  172.3961 per cell
#
#        E            N
# --------------------------------------------------------------------------
     -5.000000     13.839978
     -4.990000     13.652250
     -4.980000     13.511488
     -4.970000     13.440705
     -4.960000     13.431496
     -4.950000     13.447601
     -4.940000     13.440969
     -4.930000     13.373407
     -4.920000     13.234102
     -4.910000     13.045061
     -4.900000     12.852017
     -4.890000     12.704983
     -4.880000     12.637196
     -4.870000     12.651643
     -4.860000     12.720804
     -4.850000     12.799405
     -4.840000     12.844514
     -4.830000     12.834323
     -4.820000     12.777650
     -4.810000     12.710213
     -4.800000     12.679380
     -4.790000     12.723936
     -4.780000     12.857445
     -4.770000     13.062140
     -4.760000     13.295704
     -4.750000     13.507717
     -4.740000     13.658490
     -4.730000     13.732346
     -4.720000     13.740395
     -4.710000     13.712779
     -4.700000     13.684801
     -4.690000     13.683256
     -4.680000     13.718245
     -4.670000     13.782722
     -4.660000     13.858682
     -4.650000     13.926548
     -4.640000     13.973745
     -4.630000     13.999403
     -4.620000     14.014071
     -4.610000     14.035266
     -4.600000     14.080916
     -4.590000     14.162968
     -4.580000     14.283037
     -4.570000     14.431427
     -4.560000     14.590177
     -4.550000     14.739644
     -4.540000     14.866415
     -4.530000     14.968949
     -4.520000     15.057691
     -4.510000     15.148937
     -4.500000     15.255216
     -4.490000     15.377201
     -4.480000     15.501548
     -4.470000     15.606150
     -4.460000     15.670643
     -4.450000     15.687508
     -4.440000     15.668543
     -4.430000     15.643060
     -4.420000     15.647382
     -4.410000     15.709146
     -4.400000     15.833092
     -4.390000     15.995412
     -4.380000     16.150486
     -4.370000     16.247918
     -4.360000     16.252270
     -4.350000     16.156198
     -4.340000     15.981263
     -4.330000     15.767342
     -4.320000     15.557081
     -4.310000     15.382966
     -4.300000     15.261406
     -4.290000     15.193768
     -4.280000     15.171565
     -4.270000     15.182784
     -4.260000     15.217327
     -4.250000     15.270280
     -4.240000     15.342135
     -4.230000     15.435974
     -4.220000     15.553096
     -4.210000     15.689778
     -4.200000     15.837383
     -4.190000     15.985909
     -4.180000     16.128720
     -4.170000     16.265347
     -4.160000     16.400620
     -4.150000     16.540767
     -4.140000     16.688942
     -4.130000     16.842656
     -4.120000     16.994250
     -4.110000     17.133842
     -4.100000     17.253161
     -4.090000     17.348658
     -4.080000     17.422952
     -4.070000     17.484528
     -4.060000     17.546261
     -4.050000     17.623416
     -4.040000     17.731432
     -4.030000     17.883246
     -4.020000     18.085742
     -4.010000     18.335458
     -4.000000     18.614723
     -3.990000     18.890359
     -3.980000     19.117037
     -3.970000     19.245965
     -3.960000     19.237174
     -3.950000     19.071463
     -3.940000     18.757256
     -3.930000     18.329028
     -3.920000     17.837028
     -3.910000     17.331578
     -3.900000     16.847513
     -3.890000     16.394553
     -3.880000     15.957263
     -3.870000     15.504771
     -3.860000     15.006649
     -3.850000     14.448866
     -3.840000     13.843458
     -3.830000     13.227833
     -3.820000     12.653771
     -3.810000     12.170489
     -3.800000     11.808710
     -3.790000     11.572167
     -3.780000     11.439667
     -3.770000     11.376202
     -3.760000     11.347972
     -3.750000     11.335055
     -3.740000     11.337033
     -3.730000     11.370150
     -3.720000     11.457946
     -3.710000     11.619504
     -3.700000     11.859833
     -3.690000     12.165730
     -3.680000     12.508348
     -3.670000     12.851596
     -3.660000     13.163674
     -3.650000     13.427929
     -3.640000     13.649034
     -3.630000     13.851620
     -3.620000     14.071073
     -3.610000     14.339302
     -3.600000     14.670667
     -3.590000     15.053614
     -3.580000     15.451474
     -3.570000     15.812298
     -3.560000     16.083942
     -3.550000     16.228769
     -3.540000     16.232907
     -3.530000     16.107710
     -3.520000     15.884375
     -3.510000     15.604927
     -3.500000     15.313112
     -3.490000     15.047491
     -3.480000     14.837201
     -3.470000     14.699575
     -3.460000     14.638527
     -3.450000     14.643264
     -3.440000     14.687852
     -3.430000     14.733039
     -3.420000     14.731671
     -3.410000     14.638066
     -3.400000     14.419721
     -3.390000     14.067819
     -3.380000     13.602287
     -3.370000     13.068560
     -3.360000     12.526453
     -3.350000     12.035006
     -3.340000     11.638884
     -3.330000     11.360882
     -3.320000     11.201975
     -3.310000     11.146971
     -3.300000     11.171915
     -3.290000     11.249728
     -3.280000     11.352565
     -3.270000     11.451712
     -3.260000     11.517339
     -3.250000     11.520243
     -3.240000     11.436225
     -3.230000     11.251894
     -3.220000     10.969464
     -3.210000     10.608238
     -3.200000     10.201729
     -3.190000      9.791143
     -3.180000      9.417368
     -3.170000      9.114045
     -3.160000      8.903548
     -3.150000      8.796222
     -3.140000      8.792005
     -3.130000      8.883104
     -3.120000      9.056804
     -3.110000      9.298059
     -3.100000      9.591749
     -3.090000      9.924293
     -3.080000     10.284325
     -3.070000     10.662553
     -3.060000     11.051484
     -3.050000     11.445717
     -3.040000     11.842754
     -3.030000     12.243324
     -3.020000     12.650039
     -3.010000     13.064457
     -3.000000     13.484446
     -2.990000     13.904595
     -2.980000     14.321035
     -2.970000     14.738784
     -2.960000     15.176792
     -2.950000     15.665507
     -2.940000     16.234992
     -2.930000     16.896930
     -2.920000     17.628238
     -2.910000     18.364893
     -2.900000     19.011084
     -2.890000     19.462418
     -2.880000     19.635617
     -2.870000     19.493858
     -2.860000     19.058414
     -2.850000     18.402713
     -2.840000     17.631814
     -2.830000     16.855321
     -2.820000     16.162885
     -2.810000     15.608810
     -2.800000     15.207928
     -2.790000     14.941092
     -2.780000     14.766723
     -2.770000     14.634629
     -2.760000     14.499006
     -2.750000     14.328227
     -2.740000     14.109783
     -2.730000     13.849713
     -2.720000     13.567438
     -2.710000     13.288303
     -2.700000     13.036695
     -2.690000     12.831695
     -2.680000     12.685373
     -2.670000     12.602296
     -2.660000     12.578709
     -2.650000     12.601277
     -2.640000     12.646955
     -2.630000     12.685995
     -2.620000     12.688638
     -2.610000     12.633527
     -2.600000     12.514196
     -2.590000     12.340373
     -2.580000     12.133254
     -2.570000     11.916933
     -2.560000     11.709959
     -2.550000     11.520663
     -2.540000     11.347684
     -2.530000     11.184358
     -2.520000     11.024004
     -2.510000     10.863273
     -2.500000     10.702454
     -2.490000     10.543573
     -2.480000     10.388179
     -2.470000     10.236364
     -2.460000     10.087362
     -2.450000      9.941026
     -2.440000      9.799126
     -2.430000      9.665800
     -2.420000      9.547240
     -2.410000      9.451232
     -2.400000      9.387237
     -2.390000      9.367006
     -2.380000      9.404716
     -2.370000      9.514824
     -2.360000      9.706447
     -2.350000      9.975382
     -2.340000     10.297601
     -2.330000     10.629313
     -2.320000     10.916428
     -2.310000     11.111411
     -2.300000     11.190631
     -2.290000     11.164022
     -2.280000     11.072257
     -2.270000     10.972824
     -2.260000     10.921479
     -2.250000     10.956571
     -2.240000     11.090707
     -2.230000     11.309927
     -2.220000     11.577947
     -2.210000     11.843287
     -2.200000     12.048598
     -2.190000     12.142024
     -2.180000     12.089049
     -2.170000     11.881322
     -2.160000     11.538718
     -2.150000     11.103258
     -2.140000     10.627236
     -2.130000     10.160452
     -2.120000      9.741059
     -2.110000      9.391854
     -2.100000      9.120939
     -2.090000      8.924485
     -2.080000      8.790102
     -2.070000      8.700593
     -2.060000      8.638265
     -2.050000      8.589205
     -2.040000      8.546031
     -2.030000      8.507841
     -2.020000      8.477543
     -2.010000      8.458204
     -2.000000      8.450501
     -1.990000      8.452283
     -1.980000      8.459699
     -1.970000      8.468495
     -1.960000      8.474523
     -1.950000      8.473643
     -1.940000      8.461994
     -1.930000      8.437205
     -1.920000      8.399928
     -1.910000      8.354357
     -1.900000      8.306830
     -1.890000      8.263183
     -1.880000      8.226635
     -1.870000      8.197649
     -1.860000      8.175703
     -1.850000      8.161515
     -1.840000      8.158120
     -1.830000      8.170253
     -1.820000      8.202501
     -1.810000      8.257138
     -1.800000      8.332437
     -1.790000      8.422178
     -1.780000      8.516936
     -1.770000      8.607153
     -1.760000      8.686768
     -1.750000      8.755266
     -1.740000      8.816477
     -1.730000      8.874461
     -1.720000      8.929198
     -1.710000      8.975412
     -1.700000      9.005904
     -1.690000      9.017347
     -1.680000      9.014193
     -1.670000      9.007367
     -1.660000      9.008213
     -1.650000      9.021980
     -1.640000      9.045668
     -1.630000      9.071746
     -1.620000      9.094686
     -1.610000      9.115167
     -1.600000      9.138864
     -1.590000      9.171080
     -1.580000      9.211634
     -1.570000      9.253957
     -1.560000      9.289088
     -1.550000      9.311884
     -1.540000      9.325453
     -1.530000      9.341209
     -1.520000      9.374472
     -1.510000      9.437702
     -1.500000      9.534274
     -1.490000      9.655329
     -1.480000      9.781178
     -1.470000      9.887333
     -1.460000      9.953571
     -1.450000      9.972709
     -1.440000      9.954865
     -1.430000      9.924107
     -1.420000      9.907841
     -1.410000      9.923573
     -1.400000      9.970115
     -1.390000     10.028543
     -1.380000     10.072919
     -1.370000     10.084968
     -1.360000     10.064459
     -1.350000     10.029683
     -1.340000     10.008218
     -1.330000     10.023488
     -1.320000     10.084111
     -1.310000     10.180657
     -1.300000     10.290230
     -1.290000     10.385958
     -1.280000     10.447373
     -1.270000     10.468140
     -1.260000     10.458735
     -1.250000     10.442862
     -1.240000     10.448068
     -1.230000     10.493471
     -1.220000     10.579825
     -1.210000     10.687489
     -1.200000     10.784753
     -1.190000     10.843427
     -1.180000     10.853764
     -1.170000     10.830268
     -1.160000     10.804608
     -1.150000     10.809256
     -1.140000     10.860872
     -1.130000     10.952566
     -1.120000     11.058798
     -1.110000     11.149374
     -1.100000     11.204317
     -1.090000     11.221950
     -1.080000     11.217300
     -1.070000     11.213432
     -1.060000     11.231045
     -1.050000     11.281004
     -1.040000     11.361905
     -1.030000     11.462475
     -1.020000     11.567428
     -1.010000     11.664747
     -1.000000     11.751775
     -0.990000     11.837308
     -0.980000     11.937983
     -0.970000     12.070026
     -0.960000     12.240404
     -0.950000     12.442637
     -0.940000     12.660312
     -0.930000     12.876591
     -0.920000     13.083719
     -0.910000     13.285928
     -0.900000     13.493207
     -0.890000     13.709594
     -0.880000     13.923639
     -0.870000     14.107708
     -0.860000     14.227457
     -0.850000     14.256636
     -0.840000     14.189380
     -0.830000     14.043688
     -0.820000     13.854689
     -0.810000     13.661310
     -0.800000     13.492686
     -0.790000     13.360106
     -0.780000     13.257318
     -0.770000     13.168188
     -0.760000     13.077666
     -0.750000     12.980768
     -0.740000     12.885465
     -0.730000     12.808316
     -0.720000     12.765347
     -0.710000     12.763068
     -0.700000     12.794491
     -0.690000     12.842386
     -0.680000     12.888102
     -0.670000     12.921132
     -0.660000     12.944078
     -0.650000     12.970208
     -0.640000     13.015091
     -0.630000     13.087208
     -0.620000     13.182887
     -0.610000     13.288158
     -0.600000     13.385973
     -0.590000     13.464522
     -0.580000     13.522299
     -0.570000     13.567911
     -0.560000     13.615414
     -0.550000     13.677760
     -0.540000     13.761173
     -0.530000     13.862348
     -0.520000     13.968903
     -0.510000     14.062234
     -0.500000     14.121296
     -0.490000     14.126070
     -0.480000     14.060224
     -0.470000     13.913200
     -0.460000     13.682095
     -0.450000     13.373325
     -0.440000     13.003434
     -0.430000     12.598102
     -0.420000     12.188590
     -0.410000     11.805760
     -0.400000     11.473156
     -0.390000     11.201661
     -0.380000     10.988235
     -0.370000     10.819577
     -0.360000     10.679177
     -0.350000     10.554435
     -0.340000     10.440635
     -0.330000     10.340509
     -0.320000     10.260553
     -0.310000     10.206737
     -0.300000     10.181955
     -0.290000     10.185998
     -0.280000     10.217060
     -0.270000     10.272959
     -0.260000     10.350837
     -0.250000     10.445577
     -0.240000     10.548521
     -0.230000     10.648206
     -0.220000     10.733477
     -0.210000     10.797464
     -0.200000     10.839875
     -0.190000     10.865812
     -0.180000     10.881491
     -0.170000     10.889453
     -0.160000     10.886430
     -0.150000     10.865476
     -0.140000     10.821173
     -0.130000     10.754568
     -0.120000     10.674526
     -0.110000     10.594544
     -0.100000     10.527032
     -0.090000     10.478695
     -0.080000     10.449686
     -0.070000     10.436462
     -0.060000     10.435815
     -0.050000     10.447114
     -0.040000     10.471563
     -0.030000     10.509699
     -0.020000     10.559660
     -0.010000     10.617989
      0.000000     10.682654
      0.010000     10.756000
      0.020000     10.844891
      0.030000     10.956701
      0.040000     11.092373
      0.050000     11.239933
      0.060000     11.372310
      0.070000     11.451658
      0.080000     11.439428
      0.090000     11.308798
      0.100000     11.054871
      0.110000     10.698778
      0.120000     10.283903
      0.130000      9.865180
      0.140000      9.494940
      0.150000      9.210355
      0.160000      9.027138
      0.170000      8.941574
      0.180000      8.939087
      0.190000      9.004423
      0.200000      9.128195
      0.210000      9.307242
      0.220000      9.540205
      0.230000      9.822230
      0.240000     10.142320
      0.250000     10.484336
      0.260000     10.830066
      0.270000     11.162140
      0.280000     11.465691
      0.290000     11.729433
      0.300000     11.947323
      0.310000     12.121046
      0.320000     12.261943
      0.330000     12.390375
      0.340000     12.531455
      0.350000     12.708119
      0.360000     12.934267
      0.370000     13.211016
      0.380000     13.527809
      0.390000     13.867658
      0.400000     14.213636
      0.410000     14.553007
      0.420000     14.876748
      0.430000     15.175099
      0.440000     15.432362
      0.450000     15.624812
      0.460000     15.723696
      0.470000     15.702236
      0.480000     15.543257
      0.490000     15.244013
      0.500000     14.816732
      0.510000     14.285870
      0.520000     13.684404
      0.530000     13.050988
      0.540000     12.427919
      0.550000     11.858231
      0.560000     11.380022
      0.570000     11.017936
      0.580000     10.774466
      0.590000     10.625649
      0.600000     10.525160
      0.610000     10.417463
      0.620000     10.256019
      0.630000     10.019372
      0.640000      9.718265
      0.650000      9.390881
      0.660000      9.088386
      0.670000      8.856517
      0.680000      8.719553
      0.690000      8.671568
      0.700000      8.677646
      0.710000      8.685187
      0.720000      8.642341
      0.730000      8.517381
      0.740000      8.311325
      0.750000      8.057990
      0.760000      7.810852
      0.770000      7.621996
      0.780000      7.521991
      0.790000      7.508768
      0.800000      7.549513
      0.810000      7.594125
      0.820000      7.594603
      0.830000      7.522850
      0.840000      7.380340
      0.850000      7.196321
      0.860000      7.015640
      0.870000      6.881230
      0.880000      6.818254
      0.890000      6.825814
      0.900000      6.878800
      0.910000      6.938268
      0.920000      6.965772
      0.930000      6.936205
      0.940000      6.844920
      0.950000      6.707391
      0.960000      6.552266
      0.970000      6.410701
      0.980000      6.305753
      0.990000      6.245317
      1.000000      6.220743
      1.010000      6.211325
      1.020000      6.192782
      1.030000      6.146506
      1.040000      6.066168
      1.050000      5.959373
      1.060000      5.844058
      1.070000      5.741308
      1.080000      5.667517
      1.090000      5.628766
      1.100000      5.619285
      1.110000      5.624165
      1.120000      5.624989
      1.130000      5.606114
      1.140000      5.559268
      1.150000      5.484903
      1.160000      5.390048
      1.170000      5.283739
      1.180000      5.172041
      1.190000      5.054788
      1.200000      4.925508
      1.210000      4.774669
      1.220000      4.594968
      1.230000      4.386322
      1.240000      4.158262
      1.250000      3.928521
      1.260000      3.718375
      1.270000      3.546615
      1.280000      3.424347
      1.290000      3.352075
      1.300000      3.319598
      1.310000      3.308563
      1.320000      3.297225
      1.330000      3.266457
      1.340000      3.205321
      1.350000      3.114140
      1.360000      3.003626
      1.370000      2.890336
      1.380000      2.790469
      1.390000      2.714667
      1.400000      2.665610
      1.410000      2.638596
      1.420000      2.624100
      1.430000      2.611030
      1.440000      2.589811
      1.450000      2.554808
      1.460000      2.505659
      1.470000      2.447087
      1.480000      2.386995
      1.490000      2.333328
      1.500000      2.290884
      1.510000      2.259486
      1.520000      2.234443
      1.530000      2.209136
      1.540000      2.178403
      1.550000      2.140962
      1.560000      2.099664
      1.570000      2.059658
      1.580000      2.025733
      1.590000      2.000330
      1.600000      1.982998
      1.610000      1.971015
      1.620000      1.960446
      1.630000      1.947139
      1.640000      1.927691
      1.650000      1.900534
      1.660000      1.866849
      1.670000      1.830659
      1.680000      1.797554
      1.690000      1.772325
      1.700000      1.756576
      1.710000      1.747675
      1.720000      1.739794
      1.730000      1.726641
      1.740000      1.704514
      1.750000      1.674024
      1.760000      1.639601
      1.770000      1.607125
      1.780000      1.581056
      1.790000      1.562594
      1.800000      1.549657
      1.810000      1.538343
      1.820000      1.524834
      1.830000      1.506763
      1.840000      1.483661
      1.850000      1.456705
      1.860000      1.428161
      1.870000      1.400751
      1.880000      1.376927
      1.890000      1.358050
      1.900000      1.343708
      1.910000      1.331575
      1.920000      1.318136
      1.930000      1.300189
      1.940000      1.276463
      1.950000      1.248477
      1.960000      1.219973
      1.970000      1.195081
      1.980000      1.176151
      1.990000      1.162478
      2.000000      1.150698
      2.010000      1.136637
      2.020000      1.117551
      2.030000      1.093506
      2.040000      1.067159
      2.050000      1.042142
      2.060000      1.021044
      2.070000      1.004134
      2.080000      0.989484
      2.090000      0.974273
      2.100000      0.956418
      2.110000      0.935575
      2.120000      0.913038
      2.130000      0.890769
      2.140000      0.870228
      2.150000      0.851698
      2.160000      0.834382
      2.170000      0.817085
      2.180000      0.798991
      2.190000      0.780068
      2.200000      0.760958
      2.210000      0.742488
      2.220000      0.725104
      2.230000      0.708466
      2.240000      0.691301
      2.250000      0.671485
      2.260000      0.646307
      2.270000      0.612941
      2.280000      0.569114
      2.290000      0.513877
      2.300000      0.448236
      2.310000      0.375347
      2.320000      0.300051
      2.330000      0.227860
      2.340000      0.163696
      2.350000      0.110859
      2.360000      0.070566
      2.370000      0.042114
      2.380000      0.023516
      2.390000      0.012265
      2.400000      0.005966
      2.410000      0.002703
      2.420000      0.001139
      2.430000      0.000446
      2.440000      0.000163
      2.450000      0.000055
      2.460000      0.000017
      2.470000      0.000005
      2.480000      0.000001
      2.490000      0.000000
      2.500000      0.000000
      2.510000      0.000000
      2.520000      0.000000
      2.530000      0.000000
      2.540000      0.000000
      2.550000      0.000000
      2.560000      0.000000
      2.570000      0.000000
      2.580000      0.000000
      2.590000      0.000000
      2.600000      0.000000
      2.610000      0.000000
      2.620000      0.000000
      2.630000      0.000000
      2.640000      0.000000
      2.650000      0.000000
      2.660000      0.000000
      2.670000      0.000000
      2.680000      0.000000
      2.690000      0.000000
      2.700000      0.000000
      2.710000      0.000001
      2.720000      0.000003
      2.730000      0.000009
      2.740000      0.000031
      2.750000      0.000097
      2.760000      0.000276
      2.770000      0.000733
      2.780000      0.001806
      2.790000      0.004141
      2.800000      0.008838
      2.810000      0.017577
      2.820000      0.032624
      2.830000      0.056597
      2.840000      0.091943
      2.850000      0.140177
      2.860000      0.201101
      2.870000      0.272349
      2.880000      0.349539
      2.890000      0.427112
      2.900000      0.499611
      2.910000      0.562913
      2.920000      0.614970
      2.930000      0.655860
      2.940000      0.687293
      2.950000      0.711911
      2.960000      0.732632
      2.970000      0.752113
      2.980000      0.772256
      2.990000      0.793819
      3.000000      0.816338
      3.010000      0.838588
      3.020000      0.859507
      3.030000      0.879099
      3.040000      0.898686
      3.050000      0.920198
      3.060000      0.944848
      3.070000      0.972065
      3.080000      0.999513
      3.090000      1.024352
      3.100000      1.045044
      3.110000      1.062544
      3.120000      1.080032
      3.130000      1.101206
      3.140000      1.128120
      3.150000      1.159831
      3.160000      1.192716
      3.170000      1.222303
      3.180000      1.245649
      3.190000      1.262973
      3.200000      1.277710
      3.210000      1.294949
      3.220000      1.319032
      3.230000      1.351406
      3.240000      1.389742
      3.250000      1.428758
      3.260000      1.462465
      3.270000      1.486961
      3.280000      1.502503
      3.290000      1.513822
      3.300000      1.528292
      3.310000      1.552622
      3.320000      1.589539
      3.330000      1.636145
      3.340000      1.684902
      3.350000      1.726929
      3.360000      1.756079
      3.370000      1.771876
      3.380000      1.779948
      3.390000      1.789783
      3.400000      1.810783
      3.410000      1.848257
      3.420000      1.900962
      3.430000      1.961245
      3.440000      2.017885
      3.450000      2.060642
      3.460000      2.084731
      3.470000      2.093274
      3.480000      2.096516
      3.490000      2.107958
      3.500000      2.138931
      3.510000      2.193890
      3.520000      2.268410
      3.530000      2.350797
      3.540000      2.426727
      3.550000      2.485098
      3.560000      2.522735
      3.570000      2.545967
      3.580000      2.568324
      3.590000      2.605121
      3.600000      2.666985
      3.610000      2.754910
      3.620000      2.858954
      3.630000      2.961399
      3.640000      3.043582
      3.650000      3.094064
      3.660000      3.115110
      3.670000      3.124805
      3.680000      3.153515
      3.690000      3.235344
      3.700000      3.397112
      3.710000      3.648508
      3.720000      3.977237
      3.730000      4.351691
      3.740000      4.731178
      3.750000      5.080607
      3.760000      5.384026
      3.770000      5.650997
      3.780000      5.912083
      3.790000      6.204220
      3.800000      6.551570
      3.810000      6.950397
      3.820000      7.365746
      3.830000      7.742938
      3.840000      8.029976
      3.850000      8.201208
      3.860000      8.271296
      3.870000      8.292764
      3.880000      8.338081
      3.890000      8.474391
      3.900000      8.741917
      3.910000      9.144550
      3.920000      9.654857
      3.930000     10.229029
      3.940000     10.823303
      3.950000     11.403899
      3.960000     11.947083
      3.970000     12.431922
      3.980000     12.832377
      3.990000     13.115057
      4.000000     13.244775
      4.010000     13.194989
      4.020000     12.957546
      4.030000     12.547252
      4.040000     12.000102
      4.050000     11.366871
      4.060000     10.704653
      4.070000     10.068191
      4.080000      9.502010
      4.090000      9.034121
      4.100000      8.672388
      4.110000      8.404601
      4.120000      8.202660
      4.130000      8.030251
      4.140000      7.852363
      4.150000      7.644303
      4.160000      7.397726
      4.170000      7.121839
      4.180000      6.839330
      4.190000      6.578386
      4.200000      6.363579
      4.210000      6.208729
      4.220000      6.114013
      4.230000      6.067953
      4.240000      6.053310
      4.250000      6.054662
      4.260000      6.064871
      4.270000      6.087874
      4.280000      6.136469
      4.290000      6.225855
      4.300000      6.365697
      4.310000      6.554214
      4.320000      6.776649
      4.330000      7.008217
      4.340000      7.219737
      4.350000      7.383800
      4.360000      7.480073
      4.370000      7.499212
      4.380000      7.444921
      4.390000      7.333403
      4.400000      7.189679
      4.410000      7.041305
      4.420000      6.911371
      4.430000      6.813044
      4.440000      6.747255
      4.450000      6.703807
      4.460000      6.665268
      4.470000      6.612688
      4.480000      6.531945
      4.490000      6.419028
      4.500000      6.282208
      4.510000      6.139631
      4.520000      6.012746
      4.530000      5.918198
      4.540000      5.861741
      4.550000      5.836742
      4.560000      5.827416
      4.570000      5.814841
      4.580000      5.783079
      4.590000      5.723475
      4.600000      5.636442
      4.610000      5.530865
      4.620000      5.421529
      4.630000      5.325077
      4.640000      5.255298
      4.650000      5.218950
      4.660000      5.213441
      4.670000      5.227270
      4.680000      5.243269
      4.690000      5.243821
      4.700000      5.216530
      4.710000      5.158574
      4.720000      5.078112
      4.730000      4.991878
      4.740000      4.919410
      4.750000      4.875882
      4.760000      4.866452
      4.770000      4.884667
      4.780000      4.915664
      4.790000      4.942660
      4.800000      4.953763
      4.810000      4.946305
      4.820000      4.927317
      4.830000      4.910412
      4.840000      4.910481
      4.850000      4.938093
      4.860000      4.995549
      4.870000      5.076028
      4.880000      5.166150
      4.890000      5.250802
      4.900000      5.317986
      4.910000      5.361639
      4.920000      5.381611
      4.930000      5.381554
      4.940000      5.366358
      4.950000      5.340545
      4.960000      5.308135
      4.970000      5.273397
      4.980000      5.241342
      4.990000      5.217066
      5.000000      5.203924
