# EIG2DOS: Utility for SIESTA to obtain the electronic density of states
#
#                                                  Emilio Artacho, Apr. 1999
# --------------------------------------------------------------------------
# Nbands, Nspin, Nk   =    936     1   352
# E_F                 =    -6.1617 eV
# Broadening          =     0.0500 eV
# Number of electrons =   172.2216  172.5442 per cell
#
#        E            N
# --------------------------------------------------------------------------
     -5.000000     13.806542
     -4.990000     13.610126
     -4.980000     13.462312
     -4.970000     13.391403
     -4.960000     13.393491
     -4.950000     13.433857
     -4.940000     13.461465
     -4.930000     13.430609
     -4.920000     13.320487
     -4.910000     13.144191
     -4.900000     12.943204
     -4.890000     12.769890
     -4.880000     12.665749
     -4.870000     12.644876
     -4.860000     12.689557
     -4.850000     12.759519
     -4.840000     12.810531
     -4.830000     12.814209
     -4.820000     12.770572
     -4.810000     12.708109
     -4.800000     12.671519
     -4.790000     12.702453
     -4.780000     12.821470
     -4.770000     13.018781
     -4.760000     13.257511
     -4.750000     13.487809
     -4.740000     13.665531
     -4.730000     13.767528
     -4.720000     13.797519
     -4.710000     13.781060
     -4.700000     13.752866
     -4.690000     13.742524
     -4.680000     13.764450
     -4.670000     13.815345
     -4.660000     13.878970
     -4.650000     13.935336
     -4.640000     13.970228
     -4.630000     13.981464
     -4.620000     13.979897
     -4.610000     13.985276
     -4.600000     14.018795
     -4.590000     14.095114
     -4.580000     14.216618
     -4.570000     14.372042
     -4.560000     14.540338
     -4.550000     14.698854
     -4.540000     14.832876
     -4.530000     14.942294
     -4.520000     15.041863
     -4.510000     15.154311
     -4.500000     15.299224
     -4.490000     15.482800
     -4.480000     15.693237
     -4.470000     15.903837
     -4.460000     16.082530
     -4.450000     16.203844
     -4.440000     16.258279
     -4.430000     16.254948
     -4.420000     16.216106
     -4.410000     16.165900
     -4.400000     16.118746
     -4.390000     16.073221
     -4.380000     16.014704
     -4.370000     15.925329
     -4.360000     15.795779
     -4.350000     15.632619
     -4.340000     15.457630
     -4.330000     15.300227
     -4.320000     15.187349
     -4.310000     15.135471
     -4.300000     15.147195
     -4.290000     15.212323
     -4.280000     15.312231
     -4.270000     15.426221
     -4.260000     15.538383
     -4.250000     15.642718
     -4.240000     15.744004
     -4.230000     15.853403
     -4.220000     15.980805
     -4.210000     16.128301
     -4.200000     16.288880
     -4.190000     16.451117
     -4.180000     16.606664
     -4.170000     16.755516
     -4.160000     16.905698
     -4.150000     17.067758
     -4.140000     17.247536
     -4.130000     17.441269
     -4.120000     17.635294
     -4.110000     17.810055
     -4.100000     17.946390
     -4.090000     18.031688
     -4.080000     18.064067
     -4.070000     18.053623
     -4.060000     18.020693
     -4.050000     17.991819
     -4.040000     17.994429
     -4.030000     18.051213
     -4.020000     18.174838
     -4.010000     18.363477
     -4.000000     18.597938
     -3.990000     18.841683
     -3.980000     19.045138
     -3.970000     19.154806
     -3.960000     19.125836
     -3.950000     18.934569
     -3.940000     18.586593
     -3.930000     18.116549
     -3.920000     17.578689
     -3.910000     17.030700
     -3.900000     16.516212
     -3.890000     16.052382
     -3.880000     15.627303
     -3.870000     15.208456
     -3.860000     14.759087
     -3.850000     14.256111
     -3.840000     13.702249
     -3.830000     13.127320
     -3.820000     12.578149
     -3.810000     12.101550
     -3.800000     11.727927
     -3.790000     11.462513
     -3.780000     11.287485
     -3.770000     11.173021
     -3.760000     11.091656
     -3.750000     11.029606
     -3.740000     10.990880
     -3.730000     10.993550
     -3.720000     11.060579
     -3.710000     11.209149
     -3.700000     11.442400
     -3.690000     11.746259
     -3.680000     12.092365
     -3.670000     12.446306
     -3.660000     12.778782
     -3.650000     13.076063
     -3.640000     13.345663
     -3.630000     13.614200
     -3.620000     13.917037
     -3.610000     14.282841
     -3.600000     14.718913
     -3.590000     15.203503
     -3.580000     15.688769
     -3.570000     16.113551
     -3.560000     16.420977
     -3.550000     16.574113
     -3.540000     16.564264
     -3.530000     16.410248
     -3.520000     16.150774
     -3.510000     15.834134
     -3.500000     15.508969
     -3.490000     15.217866
     -3.480000     14.993423
     -3.470000     14.855449
     -3.460000     14.808370
     -3.450000     14.839062
     -3.440000     14.916419
     -3.430000     14.994296
     -3.420000     15.018776
     -3.410000     14.939182
     -3.400000     14.720441
     -3.390000     14.353122
     -3.380000     13.857504
     -3.370000     13.279768
     -3.360000     12.681177
     -3.350000     12.123794
     -3.340000     11.657443
     -3.330000     11.311743
     -3.320000     11.094612
     -3.310000     10.995999
     -3.300000     10.993911
     -3.290000     11.059807
     -3.280000     11.161792
     -3.270000     11.265951
     -3.260000     11.337556
     -3.250000     11.343903
     -3.240000     11.259301
     -3.230000     11.070982
     -3.220000     10.783539
     -3.210000     10.419627
     -3.200000     10.016053
     -3.190000      9.616220
     -3.180000      9.261420
     -3.170000      8.983833
     -3.160000      8.803176
     -3.150000      8.727141
     -3.140000      8.754190
     -3.130000      8.876654
     -3.120000      9.082798
     -3.110000      9.357758
     -3.100000      9.684132
     -3.090000     10.043068
     -3.080000     10.416159
     -3.070000     10.787895
     -3.060000     11.148152
     -3.050000     11.494010
     -3.040000     11.830103
     -3.030000     12.166720
     -3.020000     12.515592
     -3.010000     12.884664
     -3.000000     13.274490
     -2.990000     13.678995
     -2.980000     14.091492
     -2.970000     14.513556
     -2.960000     14.961509
     -2.950000     15.464986
     -2.940000     16.055220
     -2.930000     16.746070
     -2.920000     17.515719
     -2.910000     18.298456
     -2.900000     18.992865
     -2.890000     19.485920
     -2.880000     19.685229
     -2.870000     19.547398
     -2.860000     19.091667
     -2.850000     18.394125
     -2.840000     17.565756
     -2.830000     16.723417
     -2.820000     15.963879
     -2.810000     15.347778
     -2.800000     14.895283
     -2.790000     14.591330
     -2.780000     14.396735
     -2.770000     14.261699
     -2.760000     14.138955
     -2.750000     13.994203
     -2.740000     13.811817
     -2.730000     13.594796
     -2.720000     13.359643
     -2.710000     13.128706
     -2.700000     12.923234
     -2.690000     12.759362
     -2.680000     12.647125
     -2.670000     12.590628
     -2.660000     12.587409
     -2.650000     12.626592
     -2.640000     12.687657
     -2.630000     12.742384
     -2.620000     12.761048
     -2.610000     12.721061
     -2.600000     12.614104
     -2.590000     12.448109
     -2.580000     12.243027
     -2.570000     12.022599
     -2.560000     11.806151
     -2.550000     11.603953
     -2.540000     11.417349
     -2.530000     11.242311
     -2.520000     11.073726
     -2.510000     10.908091
     -2.500000     10.743881
     -2.490000     10.580489
     -2.480000     10.417239
     -2.470000     10.253413
     -2.460000     10.089180
     -2.450000      9.926599
     -2.440000      9.769971
     -2.430000      9.625409
     -2.420000      9.500063
     -2.410000      9.401672
     -2.400000      9.338843
     -2.390000      9.321886
     -2.380000      9.363129
     -2.370000      9.475100
     -2.360000      9.665448
     -2.350000      9.929520
     -2.340000     10.244133
     -2.330000     10.567405
     -2.320000     10.847588
     -2.310000     11.039233
     -2.300000     11.120164
     -2.290000     11.101157
     -2.280000     11.023303
     -2.270000     10.944140
     -2.260000     10.918898
     -2.250000     10.984561
     -2.240000     11.151577
     -2.230000     11.403529
     -2.220000     11.702082
     -2.210000     11.994451
     -2.200000     12.222408
     -2.190000     12.332865
     -2.180000     12.289224
     -2.170000     12.080608
     -2.160000     11.725187
     -2.150000     11.265480
     -2.140000     10.757032
     -2.130000     10.254878
     -2.120000      9.802680
     -2.110000      9.427239
     -2.100000      9.138126
     -2.090000      8.930525
     -2.080000      8.789520
     -2.070000      8.695068
     -2.060000      8.627264
     -2.050000      8.571020
     -2.040000      8.518662
     -2.030000      8.469446
     -2.020000      8.426488
     -2.010000      8.392994
     -2.000000      8.369853
     -1.990000      8.355404
     -1.980000      8.346639
     -1.970000      8.340399
     -1.960000      8.333731
     -1.950000      8.323712
     -1.940000      8.307687
     -1.930000      8.284344
     -1.920000      8.254927
     -1.910000      8.223345
     -1.900000      8.194599
     -1.890000      8.172470
     -1.880000      8.158220
     -1.870000      8.151449
     -1.860000      8.152543
     -1.850000      8.164874
     -1.840000      8.195099
     -1.830000      8.251216
     -1.820000      8.339227
     -1.810000      8.459743
     -1.800000      8.605756
     -1.790000      8.762693
     -1.780000      8.911512
     -1.770000      9.034506
     -1.760000      9.121686
     -1.750000      9.174452
     -1.740000      9.204012
     -1.730000      9.224888
     -1.720000      9.247120
     -1.710000      9.271905
     -1.700000      9.293324
     -1.690000      9.304644
     -1.680000      9.304460
     -1.670000      9.298235
     -1.660000      9.294444
     -1.650000      9.298788
     -1.640000      9.311282
     -1.630000      9.328390
     -1.620000      9.348005
     -1.610000      9.372666
     -1.600000      9.408037
     -1.590000      9.457716
     -1.580000      9.518568
     -1.570000      9.580388
     -1.560000      9.630479
     -1.550000      9.660280
     -1.540000      9.670037
     -1.530000      9.668972
     -1.520000      9.671166
     -1.510000      9.689403
     -1.500000      9.729740
     -1.490000      9.788790
     -1.480000      9.854537
     -1.470000      9.910534
     -1.460000      9.942422
     -1.450000      9.944601
     -1.440000      9.923998
     -1.430000      9.898247
     -1.420000      9.887945
     -1.410000      9.906238
     -1.400000      9.951428
     -1.390000     10.007347
     -1.380000     10.051977
     -1.370000     10.069680
     -1.360000     10.059999
     -1.350000     10.038080
     -1.340000     10.026762
     -1.330000     10.045062
     -1.320000     10.099152
     -1.310000     10.179811
     -1.300000     10.266698
     -1.290000     10.336889
     -1.280000     10.374128
     -1.270000     10.375601
     -1.260000     10.353973
     -1.250000     10.333498
     -1.240000     10.340756
     -1.230000     10.392965
     -1.220000     10.488950
     -1.210000     10.607923
     -1.200000     10.718096
     -1.190000     10.791905
     -1.180000     10.820207
     -1.170000     10.817581
     -1.160000     10.815268
     -1.150000     10.845181
     -1.140000     10.923479
     -1.130000     11.042429
     -1.120000     11.174513
     -1.110000     11.285975
     -1.100000     11.352285
     -1.090000     11.367868
     -1.080000     11.346425
     -1.070000     11.313309
     -1.060000     11.294644
     -1.050000     11.308002
     -1.040000     11.357656
     -1.030000     11.435220
     -1.020000     11.524923
     -1.010000     11.611538
     -1.000000     11.687940
     -0.990000     11.758893
     -0.980000     11.838844
     -0.970000     11.944341
     -0.960000     12.084961
     -0.950000     12.258044
     -0.940000     12.450697
     -0.930000     12.648015
     -0.920000     12.842100
     -0.910000     13.035473
     -0.900000     13.235961
     -0.890000     13.446020
     -0.880000     13.653599
     -0.870000     13.831147
     -0.860000     13.944486
     -0.850000     13.967264
     -0.840000     13.893443
     -0.830000     13.741397
     -0.820000     13.547739
     -0.810000     13.354023
     -0.800000     13.192450
     -0.790000     13.076565
     -0.780000     13.000244
     -0.770000     12.944608
     -0.760000     12.889250
     -0.750000     12.822667
     -0.740000     12.747373
     -0.730000     12.677661
     -0.720000     12.631469
     -0.710000     12.620599
     -0.700000     12.644364
     -0.690000     12.690008
     -0.680000     12.739632
     -0.670000     12.779809
     -0.660000     12.808509
     -0.650000     12.835470
     -0.640000     12.875950
     -0.630000     12.941626
     -0.620000     13.033851
     -0.610000     13.142828
     -0.600000     13.252644
     -0.590000     13.349019
     -0.580000     13.425642
     -0.570000     13.486294
     -0.560000     13.542272
     -0.550000     13.606711
     -0.540000     13.688336
     -0.530000     13.787076
     -0.520000     13.892907
     -0.510000     13.987909
     -0.500000     14.050388
     -0.490000     14.059509
     -0.480000     13.999229
     -0.470000     13.861011
     -0.460000     13.645232
     -0.450000     13.361418
     -0.440000     13.027281
     -0.430000     12.666502
     -0.420000     12.305180
     -0.410000     11.967201
     -0.400000     11.669444
     -0.390000     11.418397
     -0.380000     11.209839
     -0.370000     11.032207
     -0.360000     10.872508
     -0.350000     10.722169
     -0.340000     10.580134
     -0.330000     10.451963
     -0.320000     10.345854
     -0.310000     10.268033
     -0.300000     10.220007
     -0.290000     10.198834
     -0.280000     10.199660
     -0.270000     10.218501
     -0.260000     10.253311
     -0.250000     10.302789
     -0.240000     10.364172
     -0.230000     10.432137
     -0.220000     10.500198
     -0.210000     10.563989
     -0.200000     10.624052
     -0.190000     10.685526
     -0.180000     10.754073
     -0.170000     10.830093
     -0.160000     10.905065
     -0.150000     10.963024
     -0.140000     10.987085
     -0.130000     10.967514
     -0.120000     10.906586
     -0.110000     10.817409
     -0.100000     10.717744
     -0.090000     10.622937
     -0.080000     10.542073
     -0.070000     10.478705
     -0.060000     10.434103
     -0.050000     10.409659
     -0.040000     10.406534
     -0.030000     10.423475
     -0.020000     10.455462
     -0.010000     10.495218
      0.000000     10.537276
      0.010000     10.581963
      0.020000     10.636168
      0.030000     10.709315
      0.040000     10.805857
      0.050000     10.917943
      0.060000     11.022486
      0.070000     11.085033
      0.080000     11.069696
      0.090000     10.951494
      0.100000     10.726268
      0.110000     10.414293
      0.120000     10.056108
      0.130000      9.701926
      0.140000      9.398323
      0.150000      9.176965
      0.160000      9.049467
      0.170000      9.009917
      0.180000      9.043099
      0.190000      9.133797
      0.200000      9.272522
      0.210000      9.455622
      0.220000      9.681301
      0.230000      9.945148
      0.240000     10.238148
      0.250000     10.547727
      0.260000     10.860191
      0.270000     11.162566
      0.280000     11.443206
      0.290000     11.692161
      0.300000     11.902701
      0.310000     12.074185
      0.320000     12.214775
      0.330000     12.341729
      0.340000     12.477974
      0.350000     12.645744
      0.360000     12.859901
      0.370000     13.123975
      0.380000     13.430732
      0.390000     13.766738
      0.400000     14.118258
      0.410000     14.475008
      0.420000     14.829457
      0.430000     15.172048
      0.440000     15.485506
      0.450000     15.742325
      0.460000     15.907950
      0.470000     15.948893
      0.480000     15.842161
      0.490000     15.581748
      0.500000     15.179852
      0.510000     14.663473
      0.520000     14.069171
      0.530000     13.438676
      0.540000     12.816099
      0.550000     12.245201
      0.560000     11.764422
      0.570000     11.398910
      0.580000     11.151781
      0.590000     10.999254
      0.600000     10.894149
      0.610000     10.778967
      0.620000     10.604773
      0.630000     10.348423
      0.640000     10.020709
      0.650000      9.661937
      0.660000      9.326966
      0.670000      9.065748
      0.680000      8.906260
      0.690000      8.845158
      0.700000      8.848859
      0.710000      8.864901
      0.720000      8.840289
      0.730000      8.740583
      0.740000      8.562315
      0.750000      8.333338
      0.760000      8.100742
      0.770000      7.911443
      0.780000      7.793663
      0.790000      7.746654
      0.800000      7.742150
      0.810000      7.736277
      0.820000      7.686973
      0.830000      7.570300
      0.840000      7.389632
      0.850000      7.174338
      0.860000      6.968532
      0.870000      6.814389
      0.880000      6.736643
      0.890000      6.734211
      0.900000      6.781735
      0.910000      6.839784
      0.920000      6.869366
      0.930000      6.845240
      0.940000      6.763523
      0.950000      6.641441
      0.960000      6.509919
      0.970000      6.402064
      0.980000      6.341698
      0.990000      6.335730
      1.000000      6.372566
      1.010000      6.426621
      1.020000      6.466990
      1.030000      6.467242
      1.040000      6.413199
      1.050000      6.306442
      1.060000      6.162728
      1.070000      6.006099
      1.080000      5.860740
      1.090000      5.743330
      1.100000      5.658450
      1.110000      5.598509
      1.120000      5.548019
      1.130000      5.490299
      1.140000      5.413810
      1.150000      5.315535
      1.160000      5.200251
      1.170000      5.076358
      1.180000      4.950413
      1.190000      4.822971
      1.200000      4.687637
      1.210000      4.533830
      1.220000      4.352046
      1.230000      4.139275
      1.240000      3.902086
      1.250000      3.655959
      1.260000      3.421210
      1.270000      3.217273
      1.280000      3.057561
      1.290000      2.946438
      1.300000      2.878839
      1.310000      2.842285
      1.320000      2.820683
      1.330000      2.799009
      1.340000      2.767546
      1.350000      2.724167
      1.360000      2.673666
      1.370000      2.624481
      1.380000      2.584386
      1.390000      2.557216
      1.400000      2.541859
      1.410000      2.533421
      1.420000      2.525484
      1.430000      2.512315
      1.440000      2.490379
      1.450000      2.459108
      1.460000      2.420967
      1.470000      2.380820
      1.480000      2.344522
      1.490000      2.316930
      1.500000      2.299948
      1.510000      2.291479
      1.520000      2.286009
      1.530000      2.276844
      1.540000      2.259100
      1.550000      2.231963
      1.560000      2.198986
      1.570000      2.166301
      1.580000      2.139790
      1.590000      2.122736
      1.600000      2.114900
      1.610000      2.112954
      1.620000      2.111594
      1.630000      2.104804
      1.640000      2.087235
      1.650000      2.055789
      1.660000      2.011033
      1.670000      1.957613
      1.680000      1.902971
      1.690000      1.854539
      1.700000      1.816658
      1.710000      1.788829
      1.720000      1.766329
      1.730000      1.742917
      1.740000      1.714180
      1.750000      1.679703
      1.760000      1.642961
      1.770000      1.609161
      1.780000      1.582391
      1.790000      1.563666
      1.800000      1.550774
      1.810000      1.539656
      1.820000      1.526326
      1.830000      1.508296
      1.840000      1.485076
      1.850000      1.457919
      1.860000      1.429205
      1.870000      1.401737
      1.880000      1.377973
      1.890000      1.359215
      1.900000      1.344973
      1.910000      1.332879
      1.920000      1.319427
      1.930000      1.301449
      1.940000      1.277706
      1.950000      1.249713
      1.960000      1.221189
      1.970000      1.196249
      1.980000      1.177261
      1.990000      1.163561
      2.000000      1.151818
      2.010000      1.137847
      2.020000      1.118850
      2.030000      1.094830
      2.040000      1.068413
      2.050000      1.043265
      2.060000      1.022053
      2.070000      1.005119
      2.080000      0.990551
      2.090000      0.975474
      2.100000      0.957718
      2.110000      0.936876
      2.120000      0.914246
      2.130000      0.891856
      2.140000      0.871244
      2.150000      0.852732
      2.160000      0.835496
      2.170000      0.818280
      2.180000      0.800209
      2.190000      0.781240
      2.200000      0.762045
      2.210000      0.743496
      2.220000      0.726069
      2.230000      0.709432
      2.240000      0.692306
      2.250000      0.672570
      2.260000      0.647526
      2.270000      0.614359
      2.280000      0.570779
      2.290000      0.515790
      2.300000      0.450338
      2.310000      0.377517
      2.320000      0.302143
      2.330000      0.229735
      2.340000      0.165257
      2.350000      0.112067
      2.360000      0.071433
      2.370000      0.042692
      2.380000      0.023874
      2.390000      0.012470
      2.400000      0.006074
      2.410000      0.002756
      2.420000      0.001164
      2.430000      0.000457
      2.440000      0.000166
      2.450000      0.000056
      2.460000      0.000018
      2.470000      0.000005
      2.480000      0.000001
      2.490000      0.000000
      2.500000      0.000000
      2.510000      0.000000
      2.520000      0.000000
      2.530000      0.000000
      2.540000      0.000000
      2.550000      0.000000
      2.560000      0.000000
      2.570000      0.000000
      2.580000      0.000000
      2.590000      0.000000
      2.600000      0.000000
      2.610000      0.000000
      2.620000      0.000000
      2.630000      0.000000
      2.640000      0.000000
      2.650000      0.000000
      2.660000      0.000000
      2.670000      0.000000
      2.680000      0.000000
      2.690000      0.000000
      2.700000      0.000000
      2.710000      0.000001
      2.720000      0.000002
      2.730000      0.000008
      2.740000      0.000028
      2.750000      0.000087
      2.760000      0.000251
      2.770000      0.000670
      2.780000      0.001663
      2.790000      0.003840
      2.800000      0.008252
      2.810000      0.016525
      2.820000      0.030876
      2.830000      0.053915
      2.840000      0.088140
      2.850000      0.135191
      2.860000      0.195061
      2.870000      0.265583
      2.880000      0.342526
      2.890000      0.420378
      2.900000      0.493606
      2.910000      0.557924
      2.920000      0.611089
      2.930000      0.653001
      2.940000      0.685246
      2.950000      0.710395
      2.960000      0.731365
      2.970000      0.750868
      2.980000      0.770923
      2.990000      0.792417
      3.000000      0.814975
      3.010000      0.837368
      3.020000      0.858435
      3.030000      0.878053
      3.040000      0.897482
      3.050000      0.918709
      3.060000      0.943108
      3.070000      0.970275
      3.080000      0.997941
      3.090000      1.023171
      3.100000      1.044210
      3.110000      1.061792
      3.120000      1.079002
      3.130000      1.099645
      3.140000      1.126039
      3.150000      1.157536
      3.160000      1.190664
      3.170000      1.220864
      3.180000      1.244887
      3.190000      1.262587
      3.200000      1.277162
      3.210000      1.293739
      3.220000      1.316958
      3.230000      1.348688
      3.240000      1.386930
      3.250000      1.426470
      3.260000      1.461091
      3.270000      1.486468
      3.280000      1.502438
      3.290000      1.513500
      3.300000      1.527098
      3.310000      1.550291
      3.320000      1.586304
      3.330000      1.632674
      3.340000      1.682050
      3.350000      1.725416
      3.360000      1.756271
      3.370000      1.773832
      3.380000      1.783790
      3.390000      1.796290
      3.400000      1.821985
      3.410000      1.867713
      3.420000      1.933494
      3.430000      2.012037
      3.440000      2.091125
      3.450000      2.158138
      3.460000      2.205011
      3.470000      2.231584
      3.480000      2.245774
      3.490000      2.260318
      3.500000      2.287352
      3.510000      2.333122
      3.520000      2.395115
      3.530000      2.462895
      3.540000      2.522363
      3.550000      2.561739
      3.560000      2.576845
      3.570000      2.573549
      3.580000      2.566253
      3.590000      2.572820
      3.600000      2.607696
      3.610000      2.675806
      3.620000      2.769784
      3.630000      2.872049
      3.640000      2.961490
      3.650000      3.022584
      3.660000      3.053488
      3.670000      3.069672
      3.680000      3.101147
      3.690000      3.183603
      3.700000      3.346174
      3.710000      3.600065
      3.720000      3.932511
      3.730000      4.309041
      3.740000      4.684100
      3.750000      5.016588
      3.760000      5.284365
      3.770000      5.491608
      3.780000      5.665566
      3.790000      5.843633
      3.800000      6.055993
      3.810000      6.311357
      3.820000      6.592437
      3.830000      6.863803
      3.840000      7.089229
      3.850000      7.250912
      3.860000      7.361594
      3.870000      7.463674
      3.880000      7.615491
      3.890000      7.871085
      3.900000      8.262562
      3.910000      8.792357
      3.920000      9.437305
      3.930000     10.160459
      3.940000     10.923287
      3.950000     11.691822
      3.960000     12.434946
      3.970000     13.118294
      3.980000     13.699950
      3.990000     14.132534
      4.000000     14.371664
      4.010000     14.386585
      4.020000     14.167834
      4.030000     13.729336
      4.040000     13.105821
      4.050000     12.348075
      4.060000     11.517591
      4.070000     10.680309
      4.080000      9.898550
      4.090000      9.221544
      4.100000      8.676901
      4.110000      8.266185
      4.120000      7.966728
      4.130000      7.739657
      4.140000      7.541879
      4.150000      7.338440
      4.160000      7.111481
      4.170000      6.863129
      4.180000      6.611744
      4.190000      6.383287
      4.200000      6.201250
      4.210000      6.078729
      4.220000      6.015049
      4.230000      5.997548
      4.240000      6.007476
      4.250000      6.027827
      4.260000      6.050384
      4.270000      6.079257
      4.280000      6.129293
      4.290000      6.219692
      4.300000      6.365394
      4.310000      6.569795
      4.320000      6.821514
      4.330000      7.095861
      4.340000      7.359825
      4.350000      7.578803
      4.360000      7.723657
      4.370000      7.777037
      4.380000      7.737583
      4.390000      7.620488
      4.400000      7.453541
      4.410000      7.269542
      4.420000      7.097582
      4.430000      6.956157
      4.440000      6.850009
      4.450000      6.771002
      4.460000      6.702244
      4.470000      6.624253
      4.480000      6.521801
      4.490000      6.389643
      4.500000      6.235067
      4.510000      6.075855
      4.520000      5.934046
      4.530000      5.827926
      4.540000      5.765604
      4.550000      5.742619
      4.560000      5.744019
      4.570000      5.749484
      4.580000      5.739404
      4.590000      5.700128
      4.600000      5.627365
      4.610000      5.527153
      4.620000      5.414151
      4.630000      5.307461
      4.640000      5.224936
      4.650000      5.177655
      4.660000      5.166367
      4.670000      5.181124
      4.680000      5.204280
      4.690000      5.215976
      4.700000      5.200487
      4.710000      5.151506
      4.720000      5.074541
      4.730000      4.985328
      4.740000      4.904434
      4.750000      4.849834
      4.760000      4.830380
      4.770000      4.842954
      4.780000      4.874502
      4.790000      4.907888
      4.800000      4.928853
      4.810000      4.931197
      4.820000      4.918478
      4.830000      4.902069
      4.840000      4.896599
      4.850000      4.914473
      4.860000      4.961339
      4.870000      5.034109
      4.880000      5.122225
      4.890000      5.211435
      4.900000      5.288264
      4.910000      5.343283
      4.920000      5.372228
      4.930000      5.375341
      4.940000      5.356042
      4.950000      5.319907
      4.960000      5.274190
      4.970000      5.227442
      4.980000      5.188503
      4.990000      5.164547
      5.000000      5.158648
