# EIG2DOS: Utility for SIESTA to obtain the electronic density of states
#
#                                                  Emilio Artacho, Apr. 1999
# --------------------------------------------------------------------------
# Nbands, Nspin, Nk   =    936     1   352
# E_F                 =    -5.9831 eV
# Broadening          =     0.0500 eV
# Number of electrons =   284.8523  285.2899 per cell
#
#        E            N
# --------------------------------------------------------------------------
    -10.000000      5.740116
     -9.980000      5.788384
     -9.960000      5.815735
     -9.940000      5.786210
     -9.920000      5.746357
     -9.900000      5.789833
     -9.880000      5.924855
     -9.860000      6.067563
     -9.840000      6.179122
     -9.820000      6.268743
     -9.800000      6.298201
     -9.780000      6.265914
     -9.760000      6.324791
     -9.740000      6.632355
     -9.720000      7.097284
     -9.700000      7.392614
     -9.680000      7.249350
     -9.660000      6.693298
     -9.640000      6.006291
     -9.620000      5.524274
     -9.600000      5.453711
     -9.580000      5.770488
     -9.560000      6.245185
     -9.540000      6.610636
     -9.520000      6.714626
     -9.500000      6.524884
     -9.480000      6.099581
     -9.460000      5.609338
     -9.440000      5.311283
     -9.420000      5.405869
     -9.400000      5.881880
     -9.380000      6.515908
     -9.360000      6.998903
     -9.340000      7.044914
     -9.320000      6.520338
     -9.300000      5.617912
     -9.280000      4.800188
     -9.260000      4.404384
     -9.240000      4.357784
     -9.220000      4.371572
     -9.200000      4.309903
     -9.180000      4.274029
     -9.160000      4.401854
     -9.140000      4.660758
     -9.120000      4.859474
     -9.100000      4.882967
     -9.080000      4.832817
     -9.060000      4.856340
     -9.040000      4.937892
     -9.020000      4.936139
     -9.000000      4.759449
     -8.980000      4.470197
     -8.960000      4.242778
     -8.940000      4.245813
     -8.920000      4.557915
     -8.900000      5.126355
     -8.880000      5.786422
     -8.860000      6.377052
     -8.840000      6.827447
     -8.820000      7.099045
     -8.800000      7.114277
     -8.780000      6.821327
     -8.760000      6.300798
     -8.740000      5.742830
     -8.720000      5.327580
     -8.700000      5.163389
     -8.680000      5.278719
     -8.660000      5.586519
     -8.640000      5.897936
     -8.620000      6.071911
     -8.600000      6.145913
     -8.580000      6.235550
     -8.560000      6.324161
     -8.540000      6.254951
     -8.520000      5.920360
     -8.500000      5.380357
     -8.480000      4.810315
     -8.460000      4.387420
     -8.440000      4.212957
     -8.420000      4.277305
     -8.400000      4.465981
     -8.380000      4.630964
     -8.360000      4.694902
     -8.340000      4.691888
     -8.320000      4.702669
     -8.300000      4.762856
     -8.280000      4.837245
     -8.260000      4.868789
     -8.240000      4.863800
     -8.220000      4.939826
     -8.200000      5.261451
     -8.180000      5.886806
     -8.160000      6.660530
     -8.140000      7.300785
     -8.120000      7.618247
     -8.100000      7.604302
     -8.080000      7.340258
     -8.060000      6.952377
     -8.040000      6.630460
     -8.020000      6.527055
     -8.000000      6.623456
     -7.980000      6.806361
     -7.960000      7.055725
     -7.940000      7.412070
     -7.920000      7.770716
     -7.900000      7.904533
     -7.880000      7.766179
     -7.860000      7.616090
     -7.840000      7.708261
     -7.820000      7.942915
     -7.800000      8.031657
     -7.780000      7.949204
     -7.760000      7.940098
     -7.740000      8.078890
     -7.720000      8.157383
     -7.700000      8.036788
     -7.680000      7.760768
     -7.660000      7.298529
     -7.640000      6.515710
     -7.620000      5.446605
     -7.600000      4.357252
     -7.580000      3.518022
     -7.560000      3.053084
     -7.540000      2.965560
     -7.520000      3.197329
     -7.500000      3.680901
     -7.480000      4.348629
     -7.460000      5.094866
     -7.440000      5.789170
     -7.420000      6.348712
     -7.400000      6.793011
     -7.380000      7.236709
     -7.360000      7.790757
     -7.340000      8.432346
     -7.320000      8.980983
     -7.300000      9.225942
     -7.280000      9.115544
     -7.260000      8.808588
     -7.240000      8.495324
     -7.220000      8.234997
     -7.200000      8.011729
     -7.180000      7.826858
     -7.160000      7.666285
     -7.140000      7.487555
     -7.120000      7.319821
     -7.100000      7.281303
     -7.080000      7.417904
     -7.060000      7.620252
     -7.040000      7.770650
     -7.020000      7.877107
     -7.000000      7.999773
     -6.980000      8.115524
     -6.960000      8.121828
     -6.940000      7.971503
     -6.920000      7.758968
     -6.900000      7.618485
     -6.880000      7.564157
     -6.860000      7.506863
     -6.840000      7.383360
     -6.820000      7.200290
     -6.800000      7.023083
     -6.780000      6.941008
     -6.760000      6.969641
     -6.740000      7.034866
     -6.720000      7.093172
     -6.700000      7.180506
     -6.680000      7.319017
     -6.660000      7.443127
     -6.640000      7.451399
     -6.620000      7.331441
     -6.600000      7.221683
     -6.580000      7.300560
     -6.560000      7.591762
     -6.540000      7.937212
     -6.520000      8.183495
     -6.500000      8.324648
     -6.480000      8.428278
     -6.460000      8.483714
     -6.440000      8.411765
     -6.420000      8.228797
     -6.400000      8.089332
     -6.380000      8.113685
     -6.360000      8.240383
     -6.340000      8.277085
     -6.320000      8.088272
     -6.300000      7.728938
     -6.280000      7.365148
     -6.260000      7.103982
     -6.240000      6.977874
     -6.220000      7.021858
     -6.200000      7.254319
     -6.180000      7.601921
     -6.160000      7.879992
     -6.140000      7.874293
     -6.120000      7.524825
     -6.100000      7.048897
     -6.080000      6.788355
     -6.060000      6.891004
     -6.040000      7.207262
     -6.020000      7.508953
     -6.000000      7.699368
     -5.980000      7.760908
     -5.960000      7.653264
     -5.940000      7.440850
     -5.920000      7.432843
     -5.900000      7.965434
     -5.880000      9.036230
     -5.860000     10.313124
     -5.840000     11.487376
     -5.820000     12.484945
     -5.800000     13.353765
     -5.780000     14.029226
     -5.760000     14.244589
     -5.740000     13.766485
     -5.720000     12.764126
     -5.700000     11.816952
     -5.680000     11.467480
     -5.660000     11.813077
     -5.640000     12.542635
     -5.620000     13.268808
     -5.600000     13.764047
     -5.580000     13.988312
     -5.560000     14.043769
     -5.540000     14.103725
     -5.520000     14.297646
     -5.500000     14.618092
     -5.480000     14.932565
     -5.460000     15.096344
     -5.440000     15.064146
     -5.420000     14.905578
     -5.400000     14.734775
     -5.380000     14.608956
     -5.360000     14.462054
     -5.340000     14.183270
     -5.320000     13.808629
     -5.300000     13.558363
     -5.280000     13.613172
     -5.260000     13.924610
     -5.240000     14.339888
     -5.220000     14.835359
     -5.200000     15.461572
     -5.180000     16.110230
     -5.160000     16.533460
     -5.140000     16.597832
     -5.120000     16.403256
     -5.100000     16.148177
     -5.080000     15.931933
     -5.060000     15.736565
     -5.040000     15.592444
     -5.020000     15.605741
     -5.000000     15.742880
     -4.980000     15.747608
     -4.960000     15.403131
     -4.940000     14.809821
     -4.920000     14.314581
     -4.900000     14.224606
     -4.880000     14.641982
     -4.860000     15.439652
     -4.840000     16.280465
     -4.820000     16.751332
     -4.800000     16.576741
     -4.780000     15.706734
     -4.760000     14.283636
     -4.740000     12.638687
     -4.720000     11.238894
     -4.700000     10.431800
     -4.680000     10.218256
     -4.660000     10.408430
     -4.640000     10.927598
     -4.620000     11.806859
     -4.600000     13.010993
     -4.580000     14.433043
     -4.560000     15.923768
     -4.540000     17.239146
     -4.520000     18.122701
     -4.500000     18.557073
     -4.480000     18.811474
     -4.460000     19.123122
     -4.440000     19.457781
     -4.420000     19.687004
     -4.400000     19.829517
     -4.380000     19.984401
     -4.360000     20.162241
     -4.340000     20.314853
     -4.320000     20.443655
     -4.300000     20.574857
     -4.280000     20.720364
     -4.260000     20.903381
     -4.240000     21.069179
     -4.220000     20.984071
     -4.200000     20.447768
     -4.180000     19.616313
     -4.160000     18.877196
     -4.140000     18.358258
     -4.120000     17.786140
     -4.100000     16.916742
     -4.080000     15.895873
     -4.060000     15.053909
     -4.040000     14.523981
     -4.020000     14.251376
     -4.000000     14.231995
     -3.980000     14.485047
     -3.960000     14.816814
     -3.940000     14.834819
     -3.920000     14.294818
     -3.900000     13.351962
     -3.880000     12.416577
     -3.860000     11.825427
     -3.840000     11.677483
     -3.820000     11.908698
     -3.800000     12.408772
     -3.780000     13.038037
     -3.760000     13.637170
     -3.740000     14.110007
     -3.720000     14.509941
     -3.700000     15.008959
     -3.680000     15.684661
     -3.660000     16.309381
     -3.640000     16.476129
     -3.620000     15.992075
     -3.600000     15.026124
     -3.580000     13.851176
     -3.560000     12.608949
     -3.540000     11.362729
     -3.520000     10.222252
     -3.500000      9.326629
     -3.480000      8.739826
     -3.460000      8.369481
     -3.440000      8.014870
     -3.420000      7.596065
     -3.400000      7.316578
     -3.380000      7.482397
     -3.360000      8.151593
     -3.340000      9.008060
     -3.320000      9.593682
     -3.300000      9.664582
     -3.280000      9.318648
     -3.260000      8.836116
     -3.240000      8.458955
     -3.220000      8.271379
     -3.200000      8.205458
     -3.180000      8.134288
     -3.160000      7.992030
     -3.140000      7.835435
     -3.120000      7.758574
     -3.100000      7.760373
     -3.080000      7.769759
     -3.060000      7.763795
     -3.040000      7.783412
     -3.020000      7.863508
     -3.000000      7.985254
     -2.980000      8.089000
     -2.960000      8.143917
     -2.940000      8.204726
     -2.920000      8.362157
     -2.900000      8.637552
     -2.880000      8.970682
     -2.860000      9.316478
     -2.840000      9.697249
     -2.820000     10.109703
     -2.800000     10.436517
     -2.780000     10.536349
     -2.760000     10.384557
     -2.740000     10.057527
     -2.720000      9.637069
     -2.700000      9.227994
     -2.680000      9.002784
     -2.660000      9.091472
     -2.640000      9.466077
     -2.620000     10.003597
     -2.600000     10.594511
     -2.580000     11.149218
     -2.560000     11.561192
     -2.540000     11.739275
     -2.520000     11.687262
     -2.500000     11.496813
     -2.480000     11.246155
     -2.460000     10.944096
     -2.440000     10.554014
     -2.420000     10.043049
     -2.400000      9.460960
     -2.380000      8.978111
     -2.360000      8.763573
     -2.340000      8.846685
     -2.320000      9.208926
     -2.300000      9.935070
     -2.280000     11.089746
     -2.260000     12.489918
     -2.240000     13.718663
     -2.220000     14.363978
     -2.200000     14.306887
     -2.180000     13.838981
     -2.160000     13.429253
     -2.140000     13.321532
     -2.120000     13.399467
     -2.100000     13.437550
     -2.080000     13.373519
     -2.060000     13.301221
     -2.040000     13.275884
     -2.020000     13.223520
     -2.000000     13.111145
     -1.980000     13.107958
     -1.960000     13.394548
     -1.940000     13.846598
     -1.920000     14.096330
     -1.900000     13.931676
     -1.880000     13.485394
     -1.860000     12.999686
     -1.840000     12.552170
     -1.820000     12.080491
     -1.800000     11.574377
     -1.780000     11.131450
     -1.760000     10.852591
     -1.740000     10.808665
     -1.720000     11.093543
     -1.700000     11.720243
     -1.680000     12.419578
     -1.660000     12.777442
     -1.640000     12.700904
     -1.620000     12.508802
     -1.600000     12.438653
     -1.580000     12.359030
     -1.560000     12.088735
     -1.540000     11.700221
     -1.520000     11.382442
     -1.500000     11.222377
     -1.480000     11.225895
     -1.460000     11.401133
     -1.440000     11.710552
     -1.420000     12.034288
     -1.400000     12.270093
     -1.380000     12.420589
     -1.360000     12.559849
     -1.340000     12.770957
     -1.320000     13.131894
     -1.300000     13.662228
     -1.280000     14.166489
     -1.260000     14.255700
     -1.240000     13.733944
     -1.220000     12.877557
     -1.200000     12.211531
     -1.180000     12.085660
     -1.160000     12.436031
     -1.140000     12.852213
     -1.120000     12.931285
     -1.100000     12.616638
     -1.080000     12.146142
     -1.060000     11.732150
     -1.040000     11.418526
     -1.020000     11.176994
     -1.000000     10.954052
     -0.980000     10.644497
     -0.960000     10.172864
     -0.940000      9.607109
     -0.920000      9.145026
     -0.900000      8.994494
     -0.880000      9.226218
     -0.860000      9.713460
     -0.840000     10.237195
     -0.820000     10.617209
     -0.800000     10.712519
     -0.780000     10.403154
     -0.760000      9.689936
     -0.740000      8.772028
     -0.720000      7.975702
     -0.700000      7.593073
     -0.680000      7.655406
     -0.660000      7.819942
     -0.640000      7.644590
     -0.620000      6.975281
     -0.600000      5.957162
     -0.580000      4.822861
     -0.560000      3.802605
     -0.540000      3.070003
     -0.520000      2.678737
     -0.500000      2.628603
     -0.480000      2.947998
     -0.460000      3.638319
     -0.440000      4.593260
     -0.420000      5.630037
     -0.400000      6.591829
     -0.380000      7.374766
     -0.360000      7.843034
     -0.340000      7.828939
     -0.320000      7.331457
     -0.300000      6.647710
     -0.280000      6.208874
     -0.260000      6.350378
     -0.240000      7.230945
     -0.220000      8.719526
     -0.200000     10.287975
     -0.180000     11.325709
     -0.160000     11.636721
     -0.140000     11.377806
     -0.120000     10.688842
     -0.100000      9.731618
     -0.080000      8.824267
     -0.060000      8.204293
     -0.040000      7.845905
     -0.020000      7.616642
      0.000000      7.408135
      0.020000      7.131596
      0.040000      6.771427
      0.060000      6.388052
      0.080000      6.000012
      0.100000      5.602887
      0.120000      5.293955
      0.140000      5.176503
      0.160000      5.175118
      0.180000      5.128145
      0.200000      4.993811
      0.220000      4.826779
      0.240000      4.651717
      0.260000      4.470764
      0.280000      4.324099
      0.300000      4.278035
      0.320000      4.346210
      0.340000      4.411015
      0.360000      4.295443
      0.380000      3.981151
      0.400000      3.676662
      0.420000      3.606990
      0.440000      3.775508
      0.460000      3.942636
      0.480000      3.830887
      0.500000      3.385444
      0.520000      2.851696
      0.540000      2.582030
      0.560000      2.726933
      0.580000      3.075191
      0.600000      3.226421
      0.620000      2.958586
      0.640000      2.401740
      0.660000      1.875443
      0.680000      1.637408
      0.700000      1.774727
      0.720000      2.219619
      0.740000      2.789710
      0.760000      3.251622
      0.780000      3.438600
      0.800000      3.347296
      0.820000      3.112519
      0.840000      2.888355
      0.860000      2.740693
      0.880000      2.628429
      0.900000      2.488697
      0.920000      2.326194
      0.940000      2.194078
      0.960000      2.115104
      0.980000      2.058953
      1.000000      1.988605
      1.020000      1.907868
      1.040000      1.848484
      1.060000      1.813455
      1.080000      1.769106
      1.100000      1.702410
      1.120000      1.640793
      1.140000      1.600728
      1.160000      1.562579
      1.180000      1.509990
      1.200000      1.454413
      1.220000      1.409243
      1.240000      1.368987
      1.260000      1.324095
      1.280000      1.276039
      1.300000      1.230467
      1.320000      1.187617
      1.340000      1.144755
      1.360000      1.101747
      1.380000      1.058856
      1.400000      1.014776
      1.420000      0.971197
      1.440000      0.931337
      1.460000      0.891575
      1.480000      0.846727
      1.500000      0.802202
      1.520000      0.762674
      1.540000      0.717159
      1.560000      0.654117
      1.580000      0.576780
      1.600000      0.493556
      1.620000      0.411870
      1.640000      0.343711
      1.660000      0.298346
      1.680000      0.269644
      1.700000      0.243727
      1.720000      0.213078
      1.740000      0.174731
      1.760000      0.127496
      1.780000      0.077960
      1.800000      0.038207
      1.820000      0.014608
      1.840000      0.004285
      1.860000      0.000953
      1.880000      0.000166
      1.900000      0.000083
      1.920000      0.000437
      1.940000      0.002232
      1.960000      0.008637
      1.980000      0.025484
      2.000000      0.058163
      2.020000      0.104937
      2.040000      0.155171
      2.060000      0.198584
      2.080000      0.233258
      2.100000      0.261419
      2.120000      0.287239
      2.140000      0.321825
      2.160000      0.376675
      2.180000      0.451720
      2.200000      0.538791
      2.220000      0.628546
      2.240000      0.708271
      2.260000      0.768137
      2.280000      0.815269
      2.300000      0.864295
      2.320000      0.914997
      2.340000      0.960746
      2.360000      1.006713
      2.380000      1.057738
      2.400000      1.108135
      2.420000      1.156809
      2.440000      1.209413
      2.460000      1.263152
      2.480000      1.313195
      2.500000      1.366864
      2.520000      1.428471
      2.540000      1.486113
      2.560000      1.536140
      2.580000      1.595817
      2.600000      1.669425
      2.620000      1.735665
      2.640000      1.788758
      2.660000      1.853294
      2.680000      1.940726
      2.700000      2.027789
      2.720000      2.097345
      2.740000      2.174607
      2.760000      2.297330
      2.780000      2.462716
      2.800000      2.637388
      2.820000      2.818414
      2.840000      3.046385
      2.860000      3.336478
      2.880000      3.608657
      2.900000      3.716125
      2.920000      3.565038
      2.940000      3.194030
      2.960000      2.727398
      2.980000      2.307711
      3.000000      2.105474
      3.020000      2.290481
      3.040000      2.879494
      3.060000      3.626277
      3.080000      4.148082
      3.100000      4.228339
      3.120000      3.999328
      3.140000      3.792496
      3.160000      3.832388
      3.180000      4.112283
      3.200000      4.528693
      3.220000      5.093764
      3.240000      5.950632
      3.260000      7.121045
      3.280000      8.371022
      3.300000      9.448543
      3.320000     10.292116
      3.340000     10.936607
      3.360000     11.461272
      3.380000     12.022612
      3.400000     12.644523
      3.420000     13.051409
      3.440000     12.935108
      3.460000     12.303180
      3.480000     11.450792
      3.500000     10.646792
      3.520000      9.938329
      3.540000      9.251126
      3.560000      8.566530
      3.580000      7.962720
      3.600000      7.542655
      3.620000      7.314035
      3.640000      7.154284
      3.660000      6.977181
      3.680000      6.842631
      3.700000      6.781214
      3.720000      6.668758
      3.740000      6.433312
      3.760000      6.232021
      3.780000      6.247261
      3.800000      6.430217
      3.820000      6.596064
      3.840000      6.661390
      3.860000      6.660848
      3.880000      6.603689
      3.900000      6.428355
      3.920000      6.108932
      3.940000      5.733385
      3.960000      5.420455
      3.980000      5.220379
      4.000000      5.142727
      4.020000      5.174708
      4.040000      5.241824
      4.060000      5.260430
      4.080000      5.214065
      4.100000      5.110337
      4.120000      4.943152
      4.140000      4.759178
      4.160000      4.666608
      4.180000      4.705068
      4.200000      4.774455
      4.220000      4.732806
      4.240000      4.511297
      4.260000      4.160624
      4.280000      3.839435
      4.300000      3.711721
      4.320000      3.842600
      4.340000      4.208086
      4.360000      4.723184
      4.380000      5.208499
      4.400000      5.414308
      4.420000      5.170592
      4.440000      4.531604
      4.460000      3.767885
      4.480000      3.213603
      4.500000      3.088910
      4.520000      3.392912
      4.540000      3.898306
      4.560000      4.265255
      4.580000      4.265207
      4.600000      3.969251
      4.620000      3.680855
      4.640000      3.647966
      4.660000      3.868480
      4.680000      4.158747
      4.700000      4.353475
      4.720000      4.429514
      4.740000      4.468487
      4.760000      4.545173
      4.780000      4.679477
      4.800000      4.866113
      4.820000      5.073227
      4.840000      5.206766
      4.860000      5.179466
      4.880000      5.029858
      4.900000      4.893799
      4.920000      4.871412
      4.940000      4.948166
      4.960000      5.011330
      4.980000      4.950750
      5.000000      4.761643
      5.020000      4.536714
      5.040000      4.369121
      5.060000      4.282676
      5.080000      4.255727
      5.100000      4.280379
      5.120000      4.350128
      5.140000      4.408823
      5.160000      4.389129
      5.180000      4.318557
      5.200000      4.318506
      5.220000      4.454064
      5.240000      4.652383
      5.260000      4.816174
      5.280000      4.932737
      5.300000      5.033957
      5.320000      5.124118
      5.340000      5.164711
      5.360000      5.085694
      5.380000      4.834844
      5.400000      4.474184
      5.420000      4.184913
      5.440000      4.102339
      5.460000      4.185258
      5.480000      4.299667
      5.500000      4.378333
      5.520000      4.434100
      5.540000      4.451658
      5.560000      4.352141
      5.580000      4.082727
      5.600000      3.715593
      5.620000      3.443486
      5.640000      3.432819
      5.660000      3.645760
      5.680000      3.849756
      5.700000      3.839631
      5.720000      3.623620
      5.740000      3.385885
      5.760000      3.310506
      5.780000      3.456642
      5.800000      3.745745
      5.820000      4.019102
      5.840000      4.154331
      5.860000      4.171358
      5.880000      4.181288
      5.900000      4.224181
      5.920000      4.232441
      5.940000      4.156987
      5.960000      4.053579
      5.980000      4.025478
      6.000000      4.103857
      6.020000      4.199923
      6.040000      4.189758
      6.060000      4.045112
      6.080000      3.859564
      6.100000      3.739115
      6.120000      3.711665
      6.140000      3.758852
      6.160000      3.849474
      6.180000      3.916758
      6.200000      3.896950
      6.220000      3.803644
      6.240000      3.704734
      6.260000      3.642960
      6.280000      3.612033
      6.300000      3.593078
      6.320000      3.581227
      6.340000      3.555512
      6.360000      3.477689
      6.380000      3.378266
      6.400000      3.358822
      6.420000      3.450684
      6.440000      3.563882
      6.460000      3.607367
      6.480000      3.580034
      6.500000      3.524767
      6.520000      3.461474
      6.540000      3.406609
      6.560000      3.397321
      6.580000      3.435471
      6.600000      3.469934
      6.620000      3.480116
      6.640000      3.503727
      6.660000      3.563096
      6.680000      3.632176
      6.700000      3.663401
      6.720000      3.609979
      6.740000      3.476786
      6.760000      3.359062
      6.780000      3.348019
      6.800000      3.403792
      6.820000      3.415164
      6.840000      3.362845
      6.860000      3.328352
      6.880000      3.372406
      6.900000      3.480483
      6.920000      3.608316
      6.940000      3.729970
      6.960000      3.822161
      6.980000      3.828125
      7.000000      3.688138
      7.020000      3.400747
      7.040000      3.017453
      7.060000      2.600585
      7.080000      2.229211
      7.100000      2.007323
      7.120000      1.991790
      7.140000      2.136679
      7.160000      2.361104
      7.180000      2.619049
      7.200000      2.864328
      7.220000      3.023128
      7.240000      3.056562
      7.260000      3.004953
      7.280000      2.934404
      7.300000      2.892430
      7.320000      2.919301
      7.340000      3.005558
      7.360000      3.058491
      7.380000      3.022172
      7.400000      2.981536
      7.420000      3.040951
      7.440000      3.171299
      7.460000      3.272330
      7.480000      3.300421
      7.500000      3.256368
      7.520000      3.135091
      7.540000      2.964116
      7.560000      2.827155
      7.580000      2.778932
      7.600000      2.791624
      7.620000      2.818033
      7.640000      2.826522
      7.660000      2.792412
      7.680000      2.749874
      7.700000      2.798111
      7.720000      2.977356
      7.740000      3.198996
      7.760000      3.347533
      7.780000      3.397311
      7.800000      3.401752
      7.820000      3.410886
      7.840000      3.424273
      7.860000      3.408887
      7.880000      3.354183
      7.900000      3.316078
      7.920000      3.370725
      7.940000      3.476098
      7.960000      3.442179
      7.980000      3.135914
      8.000000      2.667173
      8.020000      2.287567
      8.040000      2.155862
      8.060000      2.258519
      8.080000      2.492800
      8.100000      2.758611
      8.120000      3.003531
      8.140000      3.229497
      8.160000      3.441539
      8.180000      3.585439
      8.200000      3.596713
      8.220000      3.514942
      8.240000      3.473558
      8.260000      3.564816
      8.280000      3.746825
      8.300000      3.891184
      8.320000      3.922278
      8.340000      3.882419
      8.360000      3.851738
      8.380000      3.854400
      8.400000      3.854904
      8.420000      3.810442
      8.440000      3.724674
      8.460000      3.645296
      8.480000      3.591282
      8.500000      3.526072
      8.520000      3.437868
      8.540000      3.370958
      8.560000      3.337591
      8.580000      3.296352
      8.600000      3.231242
      8.620000      3.155746
      8.640000      3.067570
      8.660000      2.968050
      8.680000      2.876088
      8.700000      2.790562
      8.720000      2.682756
      8.740000      2.531752
      8.760000      2.352969
      8.780000      2.210647
      8.800000      2.194668
      8.820000      2.350115
      8.840000      2.603584
      8.860000      2.755146
      8.880000      2.598239
      8.900000      2.099285
      8.920000      1.432244
      8.940000      0.822414
      8.960000      0.394898
      8.980000      0.155850
      9.000000      0.049745
      9.020000      0.016169
      9.040000      0.025475
      9.060000      0.102612
      9.080000      0.354260
      9.100000      0.984797
      9.120000      2.244891
      9.140000      4.271316
      9.160000      6.890093
      9.180000      9.594544
      9.200000     11.824335
      9.220000     13.305640
      9.240000     14.089920
      9.260000     14.329761
      9.280000     14.152490
      9.300000     13.779972
      9.320000     13.612326
      9.340000     13.938119
      9.360000     14.538282
      9.380000     14.852859
      9.400000     14.601639
      9.420000     14.002568
      9.440000     13.417295
      9.460000     13.068694
      9.480000     13.091586
      9.500000     13.605000
      9.520000     14.631553
      9.540000     15.981214
      9.560000     17.241462
      9.580000     17.947189
      9.600000     17.872609
      9.620000     17.212320
      9.640000     16.439570
      9.660000     15.932764
      9.680000     15.743780
      9.700000     15.701445
      9.720000     15.619483
      9.740000     15.425894
      9.760000     15.271502
      9.780000     15.467637
      9.800000     16.116003
      9.820000     16.886070
      9.840000     17.342235
      9.860000     17.389537
      9.880000     17.247407
      9.900000     17.069438
      9.920000     16.779450
      9.940000     16.292144
      9.960000     15.708063
      9.980000     15.245764
     10.000000     15.083502
