# EIG2DOS: Utility for SIESTA to obtain the electronic density of states
#
#                                                  Emilio Artacho, Apr. 1999
# --------------------------------------------------------------------------
# Nbands, Nspin, Nk   =    936     1   352
# E_F                 =    -5.2352 eV
# Broadening          =     0.0500 eV
# Number of electrons =   299.8750  300.1930 per cell
#
#        E            N
# --------------------------------------------------------------------------
    -10.000000      4.398490
     -9.980000      4.209929
     -9.960000      4.059564
     -9.940000      4.202674
     -9.920000      4.746302
     -9.900000      5.552572
     -9.880000      6.348443
     -9.860000      6.920231
     -9.840000      7.243605
     -9.820000      7.435647
     -9.800000      7.596336
     -9.780000      7.730712
     -9.760000      7.799980
     -9.740000      7.769701
     -9.720000      7.570123
     -9.700000      7.084317
     -9.680000      6.282011
     -9.660000      5.368881
     -9.640000      4.722117
     -9.620000      4.602569
     -9.600000      4.915983
     -9.580000      5.310865
     -9.560000      5.547258
     -9.540000      5.709966
     -9.520000      6.000406
     -9.500000      6.392210
     -9.480000      6.614960
     -9.460000      6.490820
     -9.440000      6.181585
     -9.420000      6.009614
     -9.400000      6.085982
     -9.380000      6.239520
     -9.360000      6.306400
     -9.340000      6.348138
     -9.320000      6.512167
     -9.300000      6.781866
     -9.280000      6.987374
     -9.260000      7.030413
     -9.240000      6.987645
     -9.220000      6.982674
     -9.200000      7.045569
     -9.180000      7.129168
     -9.160000      7.184416
     -9.140000      7.185714
     -9.120000      7.149921
     -9.100000      7.111886
     -9.080000      7.025928
     -9.060000      6.786756
     -9.040000      6.381262
     -9.020000      5.914092
     -9.000000      5.506796
     -8.980000      5.257568
     -8.960000      5.254905
     -8.940000      5.539828
     -8.920000      6.027895
     -8.900000      6.537738
     -8.880000      6.968822
     -8.860000      7.389808
     -8.840000      7.885672
     -8.820000      8.376129
     -8.800000      8.623507
     -8.780000      8.412141
     -8.760000      7.770854
     -8.740000      7.025841
     -8.720000      6.546798
     -8.700000      6.427703
     -8.680000      6.471841
     -8.660000      6.471002
     -8.640000      6.444626
     -8.620000      6.572894
     -8.600000      6.910275
     -8.580000      7.279749
     -8.560000      7.486996
     -8.540000      7.482860
     -8.520000      7.292133
     -8.500000      6.950093
     -8.480000      6.535096
     -8.460000      6.187227
     -8.440000      6.050040
     -8.420000      6.146327
     -8.400000      6.353508
     -8.380000      6.553341
     -8.360000      6.720808
     -8.340000      6.861819
     -8.320000      6.977741
     -8.300000      7.077927
     -8.280000      7.159784
     -8.260000      7.204011
     -8.240000      7.227791
     -8.220000      7.318394
     -8.200000      7.554994
     -8.180000      7.862448
     -8.160000      8.000733
     -8.140000      7.801112
     -8.120000      7.383153
     -8.100000      7.034109
     -8.080000      6.908396
     -8.060000      6.934711
     -8.040000      6.985174
     -8.020000      7.037039
     -8.000000      7.120342
     -7.980000      7.171699
     -7.960000      7.060992
     -7.940000      6.772852
     -7.920000      6.484535
     -7.900000      6.425075
     -7.880000      6.648521
     -7.860000      6.965915
     -7.840000      7.146401
     -7.820000      7.174505
     -7.800000      7.252079
     -7.780000      7.549205
     -7.760000      7.982813
     -7.740000      8.260941
     -7.720000      8.188454
     -7.700000      7.874425
     -7.680000      7.550087
     -7.660000      7.310571
     -7.640000      7.168201
     -7.620000      7.200535
     -7.600000      7.449249
     -7.580000      7.742394
     -7.560000      7.799081
     -7.540000      7.542960
     -7.520000      7.209765
     -7.500000      7.081238
     -7.480000      7.193515
     -7.460000      7.403529
     -7.440000      7.636433
     -7.420000      7.911258
     -7.400000      8.197249
     -7.380000      8.384601
     -7.360000      8.379711
     -7.340000      8.185177
     -7.320000      7.901085
     -7.300000      7.659879
     -7.280000      7.556827
     -7.260000      7.600735
     -7.240000      7.703118
     -7.220000      7.769639
     -7.200000      7.795198
     -7.180000      7.822691
     -7.160000      7.876630
     -7.140000      7.948962
     -7.120000      7.990571
     -7.100000      7.970829
     -7.080000      7.948856
     -7.060000      7.995711
     -7.040000      8.085344
     -7.020000      8.138346
     -7.000000      8.145655
     -6.980000      8.230298
     -6.960000      8.612608
     -6.940000      9.476469
     -6.920000     10.778721
     -6.900000     12.198007
     -6.880000     13.351530
     -6.860000     14.083728
     -6.840000     14.528792
     -6.820000     14.855404
     -6.800000     14.951961
     -6.780000     14.522299
     -6.760000     13.591695
     -6.740000     12.716892
     -6.720000     12.511716
     -6.700000     13.062680
     -6.680000     13.898074
     -6.660000     14.437490
     -6.640000     14.419800
     -6.620000     13.977533
     -6.600000     13.394519
     -6.580000     12.841426
     -6.560000     12.338989
     -6.540000     11.888681
     -6.520000     11.540104
     -6.500000     11.361792
     -6.480000     11.446326
     -6.460000     11.906866
     -6.440000     12.765848
     -6.420000     13.899185
     -6.400000     15.139360
     -6.380000     16.320607
     -6.360000     17.222345
     -6.340000     17.618542
     -6.320000     17.412200
     -6.300000     16.707901
     -6.280000     15.772258
     -6.260000     14.858825
     -6.240000     14.063589
     -6.220000     13.435200
     -6.200000     13.164012
     -6.180000     13.482103
     -6.160000     14.300297
     -6.140000     15.068219
     -6.120000     15.207194
     -6.100000     14.679008
     -6.080000     13.936839
     -6.060000     13.374173
     -6.040000     13.085755
     -6.020000     13.112191
     -6.000000     13.554454
     -5.980000     14.371340
     -5.960000     15.358630
     -5.940000     16.419968
     -5.920000     17.623516
     -5.900000     18.926515
     -5.880000     20.063442
     -5.860000     20.786860
     -5.840000     21.056736
     -5.820000     20.963469
     -5.800000     20.647742
     -5.780000     20.320350
     -5.760000     20.141455
     -5.740000     19.979127
     -5.720000     19.440898
     -5.700000     18.285408
     -5.680000     16.742475
     -5.660000     15.318643
     -5.640000     14.360921
     -5.620000     13.894699
     -5.600000     13.766115
     -5.580000     13.788600
     -5.560000     13.752874
     -5.540000     13.467083
     -5.520000     12.915751
     -5.500000     12.276578
     -5.480000     11.746938
     -5.460000     11.495984
     -5.440000     11.670106
     -5.420000     12.209906
     -5.400000     12.768448
     -5.380000     12.967789
     -5.360000     12.763134
     -5.340000     12.628300
     -5.320000     13.241316
     -5.300000     14.700741
     -5.280000     16.207149
     -5.260000     16.864487
     -5.240000     16.615113
     -5.220000     16.069176
     -5.200000     15.703922
     -5.180000     15.643695
     -5.160000     16.012800
     -5.140000     16.934941
     -5.120000     18.031384
     -5.100000     18.396514
     -5.080000     17.471080
     -5.060000     15.719420
     -5.040000     14.131717
     -5.020000     13.231347
     -5.000000     12.840462
     -4.980000     12.611916
     -4.960000     12.409536
     -4.940000     12.226987
     -4.920000     12.056147
     -4.900000     11.897349
     -4.880000     11.788050
     -4.860000     11.804305
     -4.840000     12.003140
     -4.820000     12.317250
     -4.800000     12.554473
     -4.780000     12.536281
     -4.760000     12.237690
     -4.740000     11.799037
     -4.720000     11.388709
     -4.700000     11.076987
     -4.680000     10.862990
     -4.660000     10.750771
     -4.640000     10.749516
     -4.620000     10.858017
     -4.600000     11.088114
     -4.580000     11.458922
     -4.560000     11.927941
     -4.540000     12.365330
     -4.520000     12.694619
     -4.500000     13.056301
     -4.480000     13.638037
     -4.460000     14.252101
     -4.440000     14.341031
     -4.420000     13.638217
     -4.400000     12.618394
     -4.380000     12.035301
     -4.360000     12.190758
     -4.340000     12.814228
     -4.320000     13.378189
     -4.300000     13.439003
     -4.280000     12.961735
     -4.260000     12.317987
     -4.240000     11.828455
     -4.220000     11.503074
     -4.200000     11.276136
     -4.180000     11.170216
     -4.160000     11.156592
     -4.140000     11.080515
     -4.120000     10.775877
     -4.100000     10.233053
     -4.080000      9.717382
     -4.060000      9.634145
     -4.040000     10.143114
     -4.020000     11.003513
     -4.000000     11.861016
     -3.980000     12.501314
     -3.960000     12.778759
     -3.940000     12.584929
     -3.920000     12.065578
     -3.900000     11.678209
     -3.880000     11.808485
     -3.860000     12.307875
     -3.840000     12.505653
     -3.820000     11.836872
     -3.800000     10.493889
     -3.780000      9.255400
     -3.760000      8.651412
     -3.740000      8.561799
     -3.720000      8.648261
     -3.700000      8.845437
     -3.680000      9.252662
     -3.660000      9.782638
     -3.640000     10.227768
     -3.620000     10.603100
     -3.600000     11.121451
     -3.580000     11.810685
     -3.560000     12.411562
     -3.540000     12.719190
     -3.520000     12.796479
     -3.500000     12.721463
     -3.480000     12.324023
     -3.460000     11.408064
     -3.440000     10.176051
     -3.420000      9.201562
     -3.400000      8.897224
     -3.380000      9.122547
     -3.360000      9.413076
     -3.340000      9.551877
     -3.320000      9.818334
     -3.300000     10.633595
     -3.280000     11.985903
     -3.260000     13.289927
     -3.240000     13.886917
     -3.220000     13.607254
     -3.200000     12.779632
     -3.180000     11.862920
     -3.160000     11.199060
     -3.140000     10.952369
     -3.120000     11.037069
     -3.100000     11.067249
     -3.080000     10.571137
     -3.060000      9.434852
     -3.040000      8.137083
     -3.020000      7.459575
     -3.000000      7.904646
     -2.980000      9.370151
     -2.960000     11.320351
     -2.940000     13.123982
     -2.920000     14.259157
     -2.900000     14.487394
     -2.880000     13.963654
     -2.860000     13.070226
     -2.840000     12.158543
     -2.820000     11.481356
     -2.800000     11.160911
     -2.780000     11.079744
     -2.760000     10.966004
     -2.740000     10.685300
     -2.720000     10.304894
     -2.700000      9.843754
     -2.680000      9.163579
     -2.660000      8.200191
     -2.640000      7.173257
     -2.620000      6.459318
     -2.600000      6.261844
     -2.580000      6.424654
     -2.560000      6.602471
     -2.540000      6.633912
     -2.520000      6.666088
     -2.500000      6.856931
     -2.480000      7.070842
     -2.460000      7.006993
     -2.440000      6.606419
     -2.420000      6.181233
     -2.400000      6.029222
     -2.380000      6.014580
     -2.360000      5.749849
     -2.340000      5.189468
     -2.320000      4.763684
     -2.300000      4.835502
     -2.280000      5.262367
     -2.260000      5.612227
     -2.240000      5.674812
     -2.220000      5.644375
     -2.200000      5.813755
     -2.180000      6.168280
     -2.160000      6.400995
     -2.140000      6.383766
     -2.120000      6.427969
     -2.100000      6.842756
     -2.080000      7.417794
     -2.060000      7.707876
     -2.040000      7.695699
     -2.020000      7.778234
     -2.000000      8.156147
     -1.980000      8.550388
     -1.960000      8.621208
     -1.940000      8.538092
     -1.920000      8.854462
     -1.900000      9.719211
     -1.880000     10.552984
     -1.860000     10.773916
     -1.840000     10.492167
     -1.820000     10.106122
     -1.800000      9.679389
     -1.780000      9.279085
     -1.760000      9.457935
     -1.740000     10.688892
     -1.720000     12.501827
     -1.700000     13.733426
     -1.680000     13.621460
     -1.660000     12.323873
     -1.640000     10.477334
     -1.620000      8.613786
     -1.600000      7.001724
     -1.580000      5.793120
     -1.560000      5.148589
     -1.540000      5.167600
     -1.520000      5.747048
     -1.500000      6.586677
     -1.480000      7.338684
     -1.460000      7.743184
     -1.440000      7.710088
     -1.420000      7.371893
     -1.400000      6.996602
     -1.380000      6.771941
     -1.360000      6.776758
     -1.340000      7.220867
     -1.320000      8.504499
     -1.300000     10.781520
     -1.280000     13.465231
     -1.260000     15.415796
     -1.240000     15.766571
     -1.220000     14.506620
     -1.200000     12.329365
     -1.180000     10.059373
     -1.160000      8.116792
     -1.140000      6.427488
     -1.120000      4.836576
     -1.100000      3.438148
     -1.080000      2.431503
     -1.060000      1.869004
     -1.040000      1.652219
     -1.020000      1.654768
     -1.000000      1.792253
     -0.980000      2.040923
     -0.960000      2.429668
     -0.940000      2.992395
     -0.920000      3.684868
     -0.900000      4.330985
     -0.880000      4.719787
     -0.860000      4.811362
     -0.840000      4.783925
     -0.820000      4.848503
     -0.800000      5.086377
     -0.780000      5.458993
     -0.760000      5.856235
     -0.740000      6.090603
     -0.720000      5.963851
     -0.700000      5.444861
     -0.680000      4.732395
     -0.660000      4.086196
     -0.640000      3.643659
     -0.620000      3.422302
     -0.600000      3.430076
     -0.580000      3.710743
     -0.560000      4.268909
     -0.540000      4.956826
     -0.520000      5.458781
     -0.500000      5.432074
     -0.480000      4.718774
     -0.460000      3.475438
     -0.440000      2.109222
     -0.420000      1.027081
     -0.400000      0.396548
     -0.380000      0.145336
     -0.360000      0.157577
     -0.340000      0.432745
     -0.320000      1.057447
     -0.300000      2.008439
     -0.280000      2.998131
     -0.260000      3.616915
     -0.240000      3.662787
     -0.220000      3.261254
     -0.200000      2.690805
     -0.180000      2.186378
     -0.160000      1.886199
     -0.140000      1.877078
     -0.120000      2.251318
     -0.100000      3.059637
     -0.080000      4.114204
     -0.060000      4.931682
     -0.040000      5.097637
     -0.020000      4.654917
      0.000000      3.970661
      0.020000      3.340647
      0.040000      2.866438
      0.060000      2.554356
      0.080000      2.362508
      0.100000      2.215006
      0.120000      2.066821
      0.140000      1.937868
      0.160000      1.851325
      0.180000      1.776670
      0.200000      1.679269
      0.220000      1.582045
      0.240000      1.517414
      0.260000      1.465303
      0.280000      1.393841
      0.300000      1.313639
      0.320000      1.251753
      0.340000      1.206874
      0.360000      1.155282
      0.380000      1.087270
      0.400000      1.022232
      0.420000      0.978958
      0.440000      0.941181
      0.460000      0.882337
      0.480000      0.815350
      0.500000      0.771402
      0.520000      0.740451
      0.540000      0.688839
      0.560000      0.623622
      0.580000      0.578162
      0.600000      0.547696
      0.620000      0.501428
      0.640000      0.441863
      0.660000      0.395149
      0.680000      0.361206
      0.700000      0.320574
      0.720000      0.270366
      0.740000      0.218862
      0.760000      0.166389
      0.780000      0.114450
      0.800000      0.074900
      0.820000      0.057224
      0.840000      0.059594
      0.860000      0.075953
      0.880000      0.099127
      0.900000      0.119239
      0.920000      0.135500
      0.940000      0.163978
      0.960000      0.215851
      0.980000      0.277898
      1.000000      0.332164
      1.020000      0.382279
      1.040000      0.440762
      1.060000      0.500345
      1.080000      0.542698
      1.100000      0.574373
      1.120000      0.622533
      1.140000      0.685898
      1.160000      0.732575
      1.180000      0.761571
      1.200000      0.808860
      1.220000      0.876890
      1.240000      0.926829
      1.260000      0.955652
      1.280000      1.004540
      1.300000      1.076899
      1.320000      1.130220
      1.340000      1.160133
      1.360000      1.209828
      1.380000      1.286954
      1.400000      1.349537
      1.420000      1.383885
      1.440000      1.428258
      1.460000      1.507099
      1.480000      1.590149
      1.500000      1.639083
      1.520000      1.672988
      1.540000      1.746304
      1.560000      1.856331
      1.580000      1.937295
      1.600000      1.974418
      1.620000      2.039897
      1.640000      2.176407
      1.660000      2.331591
      1.680000      2.460932
      1.700000      2.631489
      1.720000      2.945887
      1.740000      3.375716
      1.760000      3.737338
      1.780000      3.853429
      1.800000      3.703604
      1.820000      3.389986
      1.840000      3.001736
      1.860000      2.609552
      1.880000      2.368891
      1.900000      2.470411
      1.920000      2.954610
      1.940000      3.674805
      1.960000      4.411675
      1.980000      4.944492
      2.000000      5.110069
      2.020000      4.922727
      2.040000      4.607214
      2.060000      4.412234
      2.080000      4.397209
      2.100000      4.459831
      2.120000      4.505360
      2.140000      4.535747
      2.160000      4.625058
      2.180000      4.821217
      2.200000      5.106513
      2.220000      5.458208
      2.240000      5.836104
      2.260000      6.149085
      2.280000      6.341285
      2.300000      6.467643
      2.320000      6.730211
      2.340000      7.490960
      2.360000      9.041041
      2.380000     11.209873
      2.400000     13.324677
      2.420000     14.649773
      2.440000     14.839237
      2.460000     14.019844
      2.480000     12.565315
      2.500000     10.833956
      2.520000      9.110337
      2.540000      7.716997
      2.560000      6.956351
      2.580000      6.823719
      2.600000      6.928378
      2.620000      6.826207
      2.640000      6.384379
      2.660000      5.808652
      2.680000      5.378434
      2.700000      5.162121
      2.720000      4.996899
      2.740000      4.752424
      2.760000      4.503189
      2.780000      4.365964
      2.800000      4.302063
      2.820000      4.244327
      2.840000      4.351984
      2.860000      4.890909
      2.880000      5.807085
      2.900000      6.667499
      2.920000      7.131546
      2.940000      7.282165
      2.960000      7.416134
      2.980000      7.669003
      3.000000      7.902683
      3.020000      7.881651
      3.040000      7.517930
      3.060000      6.950649
      3.080000      6.418461
      3.100000      6.078115
      3.120000      5.938532
      3.140000      5.932337
      3.160000      5.992855
      3.180000      6.063816
      3.200000      6.098830
      3.220000      6.058252
      3.240000      5.877745
      3.260000      5.501166
      3.280000      5.011897
      3.300000      4.671468
      3.320000      4.751334
      3.340000      5.306137
      3.360000      6.081654
      3.380000      6.662875
      3.400000      6.777778
      3.420000      6.452441
      3.440000      5.863196
      3.460000      5.128886
      3.480000      4.314035
      3.500000      3.555838
      3.520000      3.065076
      3.540000      2.961579
      3.560000      3.139599
      3.580000      3.346557
      3.600000      3.419628
      3.620000      3.419462
      3.640000      3.510024
      3.660000      3.750054
      3.680000      4.060578
      3.700000      4.367690
      3.720000      4.676822
      3.740000      4.997559
      3.760000      5.282123
      3.780000      5.441145
      3.800000      5.392832
      3.820000      5.162953
      3.840000      4.928124
      3.860000      4.842875
      3.880000      4.858791
      3.900000      4.834984
      3.920000      4.750217
      3.940000      4.693560
      3.960000      4.729923
      3.980000      4.833607
      4.000000      4.878461
      4.020000      4.721292
      4.040000      4.370443
      4.060000      4.012565
      4.080000      3.843767
      4.100000      3.922452
      4.120000      4.151312
      4.140000      4.360985
      4.160000      4.436494
      4.180000      4.378296
      4.200000      4.258356
      4.220000      4.131796
      4.240000      4.003685
      4.260000      3.891236
      4.280000      3.868003
      4.300000      4.018848
      4.320000      4.378964
      4.340000      4.873105
      4.360000      5.287759
      4.380000      5.415378
      4.400000      5.268041
      4.420000      5.042287
      4.440000      4.864212
      4.460000      4.683118
      4.480000      4.420448
      4.500000      4.095929
      4.520000      3.760482
      4.540000      3.413348
      4.560000      3.070099
      4.580000      2.845436
      4.600000      2.859570
      4.620000      3.072031
      4.640000      3.313741
      4.660000      3.482733
      4.680000      3.599358
      4.700000      3.697219
      4.720000      3.773614
      4.740000      3.824214
      4.760000      3.862876
      4.780000      3.925288
      4.800000      4.056663
      4.820000      4.247800
      4.840000      4.385738
      4.860000      4.342893
      4.880000      4.128815
      4.900000      3.874624
      4.920000      3.667565
      4.940000      3.489515
      4.960000      3.308975
      4.980000      3.153270
      5.000000      3.090761
      5.020000      3.180401
      5.040000      3.411470
      5.060000      3.669653
      5.080000      3.814501
      5.100000      3.812671
      5.120000      3.757300
      5.140000      3.762613
      5.160000      3.873942
      5.180000      4.060884
      5.200000      4.248735
      5.220000      4.359887
      5.240000      4.366089
      5.260000      4.295430
      5.280000      4.180269
      5.300000      4.032581
      5.320000      3.855440
      5.340000      3.653805
      5.360000      3.472883
      5.380000      3.402677
      5.400000      3.469532
      5.420000      3.570150
      5.440000      3.597819
      5.460000      3.566321
      5.480000      3.530349
      5.500000      3.482133
      5.520000      3.414048
      5.540000      3.388216
      5.560000      3.450224
      5.580000      3.527745
      5.600000      3.497504
      5.620000      3.333115
      5.640000      3.116506
      5.660000      2.926695
      5.680000      2.793254
      5.700000      2.715179
      5.720000      2.638014
      5.740000      2.477299
      5.760000      2.263904
      5.780000      2.192512
      5.800000      2.418875
      5.820000      2.870920
      5.840000      3.346908
      5.860000      3.720235
      5.880000      3.964155
      5.900000      4.071090
      5.920000      4.039510
      5.940000      3.886102
      5.960000      3.646730
      5.980000      3.404589
      6.000000      3.260157
      6.020000      3.215832
      6.040000      3.166916
      6.060000      3.052860
      6.080000      2.943189
      6.100000      2.929455
      6.120000      2.985264
      6.140000      2.994376
      6.160000      2.907158
      6.180000      2.806409
      6.200000      2.795594
      6.220000      2.868397
      6.240000      2.925905
      6.260000      2.901677
      6.280000      2.829861
      6.300000      2.789486
      6.320000      2.825932
      6.340000      2.937515
      6.360000      3.070749
      6.380000      3.123025
      6.400000      3.059578
      6.420000      3.009615
      6.440000      3.111368
      6.460000      3.304508
      6.480000      3.395875
      6.500000      3.293411
      6.520000      3.101132
      6.540000      3.004537
      6.560000      3.098132
      6.580000      3.311001
      6.600000      3.481520
      6.620000      3.501201
      6.640000      3.387561
      6.660000      3.234552
      6.680000      3.106443
      6.700000      2.989664
      6.720000      2.866400
      6.740000      2.790709
      6.760000      2.804388
      6.780000      2.816429
      6.800000      2.689825
      6.820000      2.438834
      6.840000      2.229986
      6.860000      2.173051
      6.880000      2.201055
      6.900000      2.216334
      6.920000      2.291527
      6.940000      2.596233
      6.960000      3.110445
      6.980000      3.540026
      7.000000      3.600028
      7.020000      3.319272
      7.040000      2.979972
      7.060000      2.795529
      7.080000      2.743825
      7.100000      2.701846
      7.120000      2.627575
      7.140000      2.561799
      7.160000      2.536801
      7.180000      2.561239
      7.200000      2.650458
      7.220000      2.786019
      7.240000      2.861575
      7.260000      2.768613
      7.280000      2.542448
      7.300000      2.343188
      7.320000      2.292210
      7.340000      2.368990
      7.360000      2.455220
      7.380000      2.456512
      7.400000      2.382637
      7.420000      2.327149
      7.440000      2.386547
      7.460000      2.586740
      7.480000      2.850433
      7.500000      3.028456
      7.520000      3.007691
      7.540000      2.823851
      7.560000      2.652235
      7.580000      2.647079
      7.600000      2.775861
      7.620000      2.855004
      7.640000      2.773981
      7.660000      2.622533
      7.680000      2.557840
      7.700000      2.613895
      7.720000      2.690650
      7.740000      2.680709
      7.760000      2.572328
      7.780000      2.448978
      7.800000      2.396994
      7.820000      2.422199
      7.840000      2.465698
      7.860000      2.478018
      7.880000      2.457663
      7.900000      2.436418
      7.920000      2.453553
      7.940000      2.525382
      7.960000      2.611347
      7.980000      2.644583
      8.000000      2.620206
      8.020000      2.603649
      8.040000      2.657979
      8.060000      2.870990
      8.080000      3.497027
      8.100000      4.919490
      8.120000      7.217416
      8.140000      9.737073
      8.160000     11.400425
      8.180000     11.620293
      8.200000     10.732886
      8.220000      9.502689
      8.240000      8.471064
      8.260000      7.789936
      8.280000      7.371404
      8.300000      7.070539
      8.320000      6.832615
      8.340000      6.727277
      8.360000      6.919310
      8.380000      7.674584
      8.400000      9.175252
      8.420000     11.162399
      8.440000     12.972998
      8.460000     14.006467
      8.480000     14.035843
      8.500000     13.249266
      8.520000     12.182846
      8.540000     11.375665
      8.560000     10.926632
      8.580000     10.618828
      8.600000     10.472838
      8.620000     10.779068
      8.640000     11.552922
      8.660000     12.402395
      8.680000     13.080709
      8.700000     13.806796
      8.720000     14.809996
      8.740000     15.873767
      8.760000     16.699240
      8.780000     17.509043
      8.800000     18.885501
      8.820000     21.052442
      8.840000     23.427274
      8.860000     24.860759
      8.880000     24.553272
      8.900000     22.811942
      8.920000     20.678778
      8.940000     18.994070
      8.960000     18.080355
      8.980000     18.044023
      9.000000     19.017475
      9.020000     20.960750
      9.040000     23.238558
      9.060000     24.800696
      9.080000     25.099226
      9.100000     24.506280
      9.120000     23.658494
      9.140000     22.775143
      9.160000     21.704038
      9.180000     20.313246
      9.200000     18.756165
      9.220000     17.396282
      9.240000     16.429718
      9.260000     15.746890
      9.280000     15.301971
      9.300000     15.378007
      9.320000     16.254788
      9.340000     17.665358
      9.360000     18.775833
      9.380000     18.866588
      9.400000     18.016763
      9.420000     17.019212
      9.440000     16.629159
      9.460000     16.918686
      9.480000     17.316114
      9.500000     17.208474
      9.520000     16.480825
      9.540000     15.532244
      9.560000     14.825261
      9.580000     14.413156
      9.600000     13.934807
      9.620000     13.094166
      9.640000     12.079088
      9.660000     11.450714
      9.680000     11.623334
      9.700000     12.467702
      9.720000     13.397618
      9.740000     13.788853
      9.760000     13.392323
      9.780000     12.520150
      9.800000     11.866103
      9.820000     12.016071
      9.840000     12.987441
      9.860000     14.196634
      9.880000     14.912619
      9.900000     14.789614
      9.920000     14.033186
      9.940000     13.141028
      9.960000     12.520162
      9.980000     12.322262
     10.000000     12.527311
