# EIG2DOS: Utility for SIESTA to obtain the electronic density of states
#
#                                                  Emilio Artacho, Apr. 1999
# --------------------------------------------------------------------------
# Nbands, Nspin, Nk   =    936     1   352
# E_F                 =    -5.9637 eV
# Broadening          =     0.0500 eV
# Number of electrons =   286.0455  286.4752 per cell
#
#        E            N
# --------------------------------------------------------------------------
    -10.000000      5.573882
     -9.980000      5.679175
     -9.960000      5.772446
     -9.940000      5.881131
     -9.920000      5.992087
     -9.900000      6.008927
     -9.880000      5.828508
     -9.860000      5.466580
     -9.840000      5.088405
     -9.820000      4.937284
     -9.800000      5.234781
     -9.780000      6.079875
     -9.760000      7.328226
     -9.740000      8.502418
     -9.720000      8.965166
     -9.700000      8.407158
     -9.680000      7.160126
     -9.660000      5.940987
     -9.640000      5.366856
     -9.620000      5.683205
     -9.600000      6.665215
     -9.580000      7.694971
     -9.560000      8.196817
     -9.540000      8.088172
     -9.520000      7.657774
     -9.500000      7.124675
     -9.480000      6.568389
     -9.460000      6.121448
     -9.440000      5.926653
     -9.420000      5.975328
     -9.400000      6.124546
     -9.380000      6.178528
     -9.360000      5.924625
     -9.340000      5.255320
     -9.320000      4.346674
     -9.300000      3.637307
     -9.280000      3.527613
     -9.260000      4.060539
     -9.240000      4.913216
     -9.220000      5.681108
     -9.200000      6.101194
     -9.180000      6.069714
     -9.160000      5.652267
     -9.140000      5.105233
     -9.120000      4.707481
     -9.100000      4.526523
     -9.080000      4.452813
     -9.060000      4.412580
     -9.040000      4.422957
     -9.020000      4.511287
     -9.000000      4.698913
     -8.980000      5.021913
     -8.960000      5.488570
     -8.940000      6.002701
     -8.920000      6.367669
     -8.900000      6.422056
     -8.880000      6.165590
     -8.860000      5.735730
     -8.840000      5.304128
     -8.820000      4.990858
     -8.800000      4.827195
     -8.780000      4.773929
     -8.760000      4.756421
     -8.740000      4.725166
     -8.720000      4.730817
     -8.700000      4.879870
     -8.680000      5.178639
     -8.660000      5.484482
     -8.640000      5.634244
     -8.620000      5.575476
     -8.600000      5.367085
     -8.580000      5.091287
     -8.560000      4.787851
     -8.540000      4.474061
     -8.520000      4.206764
     -8.500000      4.082582
     -8.480000      4.158734
     -8.460000      4.397610
     -8.440000      4.692166
     -8.420000      4.909465
     -8.400000      4.937140
     -8.380000      4.772938
     -8.360000      4.563491
     -8.340000      4.477891
     -8.320000      4.540096
     -8.300000      4.670496
     -8.280000      4.917536
     -8.260000      5.493474
     -8.240000      6.454645
     -8.220000      7.486830
     -8.200000      8.179389
     -8.180000      8.415059
     -8.160000      8.319220
     -8.140000      7.964590
     -8.120000      7.378680
     -8.100000      6.738530
     -8.080000      6.325551
     -8.060000      6.319828
     -8.040000      6.701905
     -8.020000      7.268172
     -8.000000      7.715795
     -7.980000      7.805434
     -7.960000      7.513012
     -7.940000      7.041940
     -7.920000      6.689804
     -7.900000      6.674981
     -7.880000      7.027756
     -7.860000      7.584865
     -7.840000      8.086151
     -7.820000      8.323629
     -7.800000      8.220691
     -7.780000      7.802484
     -7.760000      7.156379
     -7.740000      6.418745
     -7.720000      5.744085
     -7.700000      5.257525
     -7.680000      5.006699
     -7.660000      4.959902
     -7.640000      5.107650
     -7.620000      5.527605
     -7.600000      6.209413
     -7.580000      6.850109
     -7.560000      7.060470
     -7.540000      6.814764
     -7.520000      6.465759
     -7.500000      6.290721
     -7.480000      6.255664
     -7.460000      6.226706
     -7.440000      6.197861
     -7.420000      6.274962
     -7.400000      6.542113
     -7.380000      6.977463
     -7.360000      7.472587
     -7.340000      7.896699
     -7.320000      8.132878
     -7.300000      8.128139
     -7.280000      7.962501
     -7.260000      7.804138
     -7.240000      7.752489
     -7.220000      7.759966
     -7.200000      7.701539
     -7.180000      7.499357
     -7.160000      7.216455
     -7.140000      7.018984
     -7.120000      6.993437
     -7.100000      7.064845
     -7.080000      7.161262
     -7.060000      7.343144
     -7.040000      7.679718
     -7.020000      8.088624
     -7.000000      8.355715
     -6.980000      8.289530
     -6.960000      7.889124
     -6.940000      7.385815
     -6.920000      7.078205
     -6.900000      7.096658
     -6.880000      7.337576
     -6.860000      7.607628
     -6.840000      7.764606
     -6.820000      7.726872
     -6.800000      7.469455
     -6.780000      7.088798
     -6.760000      6.829445
     -6.740000      6.954661
     -6.720000      7.511233
     -6.700000      8.216102
     -6.680000      8.664430
     -6.660000      8.697959
     -6.640000      8.495280
     -6.620000      8.299636
     -6.600000      8.185873
     -6.580000      8.105361
     -6.560000      8.037523
     -6.540000      8.023352
     -6.520000      8.046314
     -6.500000      7.974940
     -6.480000      7.741803
     -6.460000      7.498669
     -6.440000      7.446894
     -6.420000      7.576673
     -6.400000      7.693678
     -6.380000      7.655821
     -6.360000      7.504367
     -6.340000      7.389530
     -6.320000      7.402263
     -6.300000      7.452998
     -6.280000      7.319071
     -6.260000      6.875142
     -6.240000      6.267672
     -6.220000      5.815716
     -6.200000      5.788238
     -6.180000      6.275569
     -6.160000      7.155051
     -6.140000      8.098339
     -6.120000      8.664580
     -6.100000      8.558980
     -6.080000      7.896449
     -6.060000      7.166608
     -6.040000      6.942784
     -6.020000      7.607367
     -6.000000      9.188668
     -5.980000     11.336460
     -5.960000     13.520502
     -5.940000     15.334318
     -5.920000     16.533033
     -5.900000     16.770500
     -5.880000     15.659377
     -5.860000     13.369616
     -5.840000     10.826107
     -5.820000      8.999837
     -5.800000      8.229321
     -5.780000      8.269770
     -5.760000      8.675285
     -5.740000      9.106969
     -5.720000      9.517092
     -5.700000     10.146689
     -5.680000     11.271341
     -5.660000     12.820577
     -5.640000     14.244055
     -5.620000     14.881855
     -5.600000     14.552503
     -5.580000     13.764815
     -5.560000     13.284527
     -5.540000     13.472404
     -5.520000     14.085046
     -5.500000     14.633223
     -5.480000     14.787000
     -5.460000     14.511465
     -5.440000     13.991929
     -5.420000     13.460341
     -5.400000     13.071512
     -5.380000     12.893156
     -5.360000     12.889601
     -5.340000     12.945309
     -5.320000     13.046817
     -5.300000     13.371421
     -5.280000     14.070800
     -5.260000     15.058377
     -5.240000     16.091402
     -5.220000     16.966057
     -5.200000     17.557965
     -5.180000     17.729940
     -5.160000     17.339636
     -5.140000     16.453182
     -5.120000     15.451324
     -5.100000     14.718491
     -5.080000     14.279040
     -5.060000     13.900213
     -5.040000     13.451786
     -5.020000     13.008410
     -5.000000     12.699424
     -4.980000     12.632438
     -4.960000     12.945503
     -4.940000     13.770183
     -4.920000     15.005986
     -4.900000     16.172995
     -4.880000     16.708330
     -4.860000     16.517980
     -4.840000     16.060825
     -4.820000     15.733980
     -4.800000     15.360564
     -4.780000     14.512588
     -4.760000     13.190983
     -4.740000     11.930372
     -4.720000     11.319314
     -4.700000     11.629216
     -4.680000     12.784018
     -4.660000     14.410199
     -4.640000     16.005241
     -4.620000     17.276614
     -4.600000     18.177295
     -4.580000     18.578354
     -4.560000     18.276456
     -4.540000     17.431553
     -4.520000     16.650147
     -4.500000     16.401821
     -4.480000     16.524024
     -4.460000     16.530810
     -4.440000     16.273538
     -4.420000     16.014799
     -4.400000     15.951355
     -4.380000     16.030969
     -4.360000     16.273182
     -4.340000     16.923552
     -4.320000     18.105175
     -4.300000     19.469415
     -4.280000     20.388838
     -4.260000     20.541622
     -4.240000     20.186001
     -4.220000     19.802500
     -4.200000     19.613283
     -4.180000     19.492086
     -4.160000     19.196525
     -4.140000     18.617924
     -4.120000     17.820178
     -4.100000     16.909450
     -4.080000     15.982504
     -4.060000     15.182668
     -4.040000     14.688339
     -4.020000     14.606532
     -4.000000     14.891672
     -3.980000     15.343367
     -3.960000     15.633593
     -3.940000     15.384484
     -3.920000     14.397675
     -3.900000     12.892671
     -3.880000     11.424534
     -3.860000     10.520733
     -3.840000     10.403391
     -3.820000     10.942300
     -3.800000     11.771506
     -3.780000     12.528749
     -3.760000     13.082554
     -3.740000     13.532573
     -3.720000     13.996607
     -3.700000     14.440495
     -3.680000     14.687241
     -3.660000     14.531972
     -3.640000     13.903923
     -3.620000     12.972620
     -3.600000     12.046490
     -3.580000     11.362788
     -3.560000     10.984166
     -3.540000     10.829136
     -3.520000     10.781013
     -3.500000     10.752632
     -3.480000     10.631686
     -3.460000     10.310835
     -3.440000      9.832987
     -3.420000      9.322498
     -3.400000      8.771621
     -3.380000      8.122694
     -3.360000      7.550119
     -3.340000      7.430815
     -3.320000      7.955711
     -3.300000      8.886771
     -3.280000      9.753081
     -3.260000     10.183414
     -3.240000     10.050202
     -3.220000      9.474436
     -3.200000      8.806091
     -3.180000      8.558831
     -3.160000      9.210154
     -3.140000     10.839871
     -3.120000     12.833296
     -3.100000     14.050901
     -3.080000     13.566271
     -3.060000     11.430989
     -3.040000      8.662066
     -3.020000      6.413866
     -3.000000      5.274894
     -2.980000      5.278262
     -2.960000      6.175268
     -2.940000      7.526235
     -2.920000      8.812270
     -2.900000      9.712417
     -2.880000     10.244945
     -2.860000     10.603226
     -2.840000     10.924681
     -2.820000     11.230933
     -2.800000     11.488194
     -2.780000     11.636695
     -2.760000     11.592093
     -2.740000     11.297189
     -2.720000     10.798794
     -2.700000     10.265049
     -2.680000      9.919088
     -2.660000      9.921980
     -2.640000     10.274221
     -2.620000     10.805564
     -2.600000     11.242283
     -2.580000     11.309320
     -2.560000     10.862183
     -2.540000     10.002983
     -2.520000      9.057669
     -2.500000      8.372326
     -2.480000      8.107356
     -2.460000      8.214679
     -2.440000      8.520210
     -2.420000      8.794932
     -2.400000      8.888831
     -2.380000      8.876085
     -2.360000      9.007287
     -2.340000      9.564045
     -2.320000     10.781101
     -2.300000     12.653838
     -2.280000     14.642976
     -2.260000     15.859668
     -2.240000     15.868999
     -2.220000     15.112389
     -2.200000     14.322071
     -2.180000     13.816041
     -2.160000     13.485782
     -2.140000     13.114604
     -2.120000     12.612089
     -2.100000     12.132689
     -2.080000     11.935566
     -2.060000     12.061073
     -2.040000     12.269600
     -2.020000     12.331159
     -2.000000     12.265871
     -1.980000     12.293598
     -1.960000     12.564381
     -1.940000     12.923607
     -1.920000     13.041549
     -1.900000     12.778700
     -1.880000     12.280867
     -1.860000     11.753554
     -1.840000     11.294238
     -1.820000     10.944078
     -1.800000     10.778447
     -1.780000     10.866465
     -1.760000     11.189492
     -1.740000     11.648251
     -1.720000     12.089887
     -1.700000     12.298222
     -1.680000     12.082194
     -1.660000     11.513287
     -1.640000     11.014758
     -1.620000     11.041672
     -1.600000     11.636141
     -1.580000     12.355732
     -1.560000     12.656024
     -1.540000     12.377229
     -1.520000     11.871853
     -1.500000     11.590054
     -1.480000     11.579008
     -1.460000     11.521774
     -1.440000     11.191418
     -1.420000     10.681896
     -1.400000     10.246112
     -1.380000     10.080183
     -1.360000     10.263502
     -1.340000     10.794174
     -1.320000     11.597779
     -1.300000     12.492622
     -1.280000     13.244016
     -1.260000     13.724302
     -1.240000     13.973124
     -1.220000     14.085153
     -1.200000     14.127361
     -1.180000     14.164894
     -1.160000     14.214851
     -1.140000     14.170580
     -1.120000     13.897128
     -1.100000     13.370743
     -1.080000     12.666263
     -1.060000     11.851836
     -1.040000     10.954815
     -1.020000     10.056608
     -1.000000      9.348862
     -0.980000      8.994359
     -0.960000      8.945978
     -0.940000      8.977660
     -0.920000      8.922468
     -0.900000      8.838059
     -0.880000      8.902399
     -0.860000      9.153685
     -0.840000      9.326742
     -0.820000      8.996233
     -0.800000      7.959832
     -0.780000      6.459426
     -0.760000      5.022529
     -0.740000      4.162310
     -0.720000      4.190587
     -0.700000      5.113467
     -0.680000      6.564982
     -0.660000      7.924336
     -0.640000      8.665424
     -0.620000      8.645380
     -0.600000      8.067703
     -0.580000      7.268529
     -0.560000      6.565480
     -0.540000      6.181022
     -0.520000      6.212930
     -0.500000      6.637181
     -0.480000      7.279346
     -0.460000      7.839251
     -0.440000      8.100581
     -0.420000      8.121314
     -0.400000      8.097479
     -0.380000      8.052660
     -0.360000      7.806076
     -0.340000      7.260569
     -0.320000      6.567889
     -0.300000      5.972372
     -0.280000      5.618757
     -0.260000      5.542111
     -0.240000      5.766075
     -0.220000      6.372083
     -0.200000      7.432641
     -0.180000      8.823800
     -0.160000     10.146519
     -0.140000     10.978695
     -0.120000     11.245667
     -0.100000     11.202845
     -0.080000     11.056574
     -0.060000     10.786453
     -0.040000     10.301913
     -0.020000      9.565190
      0.000000      8.587131
      0.020000      7.465085
      0.040000      6.405663
      0.060000      5.617723
      0.080000      5.172090
      0.100000      4.973599
      0.120000      4.888955
      0.140000      4.887832
      0.160000      4.991486
      0.180000      5.127285
      0.200000      5.164087
      0.220000      5.069701
      0.240000      4.920236
      0.260000      4.780389
      0.280000      4.663796
      0.300000      4.577844
      0.320000      4.516269
      0.340000      4.397240
      0.360000      4.101866
      0.380000      3.664828
      0.400000      3.352004
      0.420000      3.408714
      0.440000      3.766872
      0.460000      4.086265
      0.480000      4.043616
      0.500000      3.588888
      0.520000      3.010031
      0.540000      2.726031
      0.560000      2.919194
      0.580000      3.351512
      0.600000      3.606785
      0.620000      3.535488
      0.640000      3.358527
      0.660000      3.303580
      0.680000      3.317526
      0.700000      3.231340
      0.720000      3.044687
      0.740000      2.900476
      0.760000      2.855911
      0.780000      2.818107
      0.800000      2.707087
      0.820000      2.572651
      0.840000      2.495385
      0.860000      2.453378
      0.880000      2.362984
      0.900000      2.210981
      0.920000      2.081462
      0.940000      2.041277
      0.960000      2.041650
      0.980000      1.988171
      1.000000      1.881375
      1.020000      1.805275
      1.040000      1.791049
      1.060000      1.777929
      1.080000      1.711900
      1.100000      1.621185
      1.120000      1.569696
      1.140000      1.560488
      1.160000      1.530734
      1.180000      1.453631
      1.200000      1.382833
      1.220000      1.358010
      1.240000      1.338735
      1.260000      1.282213
      1.280000      1.214625
      1.300000      1.174944
      1.320000      1.149588
      1.340000      1.106440
      1.360000      1.049393
      1.380000      1.003664
      1.400000      0.971005
      1.420000      0.931516
      1.440000      0.881859
      1.460000      0.837696
      1.480000      0.800564
      1.500000      0.758537
      1.520000      0.709860
      1.540000      0.653184
      1.560000      0.572727
      1.580000      0.455355
      1.600000      0.312012
      1.620000      0.175946
      1.640000      0.078620
      1.660000      0.027092
      1.680000      0.007074
      1.700000      0.001385
      1.720000      0.000202
      1.740000      0.000022
      1.760000      0.000002
      1.780000      0.000000
      1.800000      0.000000
      1.820000      0.000000
      1.840000      0.000000
      1.860000      0.000000
      1.880000      0.000000
      1.900000      0.000000
      1.920000      0.000000
      1.940000      0.000001
      1.960000      0.000007
      1.980000      0.000067
      2.000000      0.000490
      2.020000      0.002665
      2.040000      0.010874
      2.060000      0.033759
      2.080000      0.081527
      2.100000      0.158522
      2.120000      0.259553
      2.140000      0.374255
      2.160000      0.491351
      2.180000      0.599580
      2.200000      0.689135
      2.220000      0.756801
      2.240000      0.811773
      2.260000      0.864079
      2.280000      0.911716
      2.300000      0.957800
      2.320000      1.011920
      2.340000      1.064795
      2.360000      1.108446
      2.380000      1.160989
      2.400000      1.225773
      2.420000      1.278214
      2.440000      1.320502
      2.460000      1.381738
      2.480000      1.457904
      2.500000      1.516700
      2.520000      1.559461
      2.540000      1.624015
      2.560000      1.717568
      2.580000      1.796620
      2.600000      1.844285
      2.620000      1.910375
      2.640000      2.026257
      2.660000      2.145934
      2.680000      2.229430
      2.700000      2.327092
      2.720000      2.517128
      2.740000      2.796648
      2.760000      3.112714
      2.780000      3.475447
      2.800000      3.913907
      2.820000      4.296411
      2.840000      4.352842
      2.860000      3.966787
      2.880000      3.314122
      2.900000      2.647091
      2.920000      2.100490
      2.940000      1.771290
      2.960000      1.811774
      2.980000      2.303768
      3.000000      3.075478
      3.020000      3.721650
      3.040000      3.878347
      3.060000      3.548382
      3.080000      3.124383
      3.100000      3.025911
      3.120000      3.356137
      3.140000      3.931383
      3.160000      4.542875
      3.180000      5.131078
      3.200000      5.789075
      3.220000      6.664884
      3.240000      7.791940
      3.260000      8.962424
      3.280000      9.832029
      3.300000     10.230927
      3.320000     10.375242
      3.340000     10.664711
      3.360000     11.233196
      3.380000     11.847507
      3.400000     12.218591
      3.420000     12.176355
      3.440000     11.659609
      3.460000     10.798399
      3.480000      9.877790
      3.500000      9.107007
      3.520000      8.527316
      3.540000      8.097517
      3.560000      7.778736
      3.580000      7.579025
      3.600000      7.524054
      3.620000      7.556290
      3.640000      7.540723
      3.660000      7.427686
      3.680000      7.303151
      3.700000      7.234628
      3.720000      7.199980
      3.740000      7.188505
      3.760000      7.210851
      3.780000      7.192804
      3.800000      7.036298
      3.820000      6.782786
      3.840000      6.538426
      3.860000      6.302136
      3.880000      6.042255
      3.900000      5.813015
      3.920000      5.654098
      3.940000      5.515122
      3.960000      5.341627
      3.980000      5.145151
      4.000000      4.980137
      4.020000      4.866315
      4.040000      4.770010
      4.060000      4.713727
      4.080000      4.821621
      4.100000      5.172980
      4.120000      5.649726
      4.140000      5.953214
      4.160000      5.797549
      4.180000      5.169019
      4.200000      4.392107
      4.220000      3.881676
      4.240000      3.860991
      4.260000      4.311792
      4.280000      5.058231
      4.300000      5.806108
      4.320000      6.190256
      4.340000      5.966363
      4.360000      5.198726
      4.380000      4.164966
      4.400000      3.108265
      4.420000      2.178340
      4.440000      1.530436
      4.460000      1.335107
      4.480000      1.660749
      4.500000      2.391543
      4.520000      3.296372
      4.540000      4.159765
      4.560000      4.824947
      4.580000      5.179136
      4.600000      5.197194
      4.620000      4.991531
      4.640000      4.739262
      4.660000      4.551143
      4.680000      4.442562
      4.700000      4.394499
      4.720000      4.377762
      4.740000      4.335771
      4.760000      4.222599
      4.780000      4.063785
      4.800000      3.928556
      4.820000      3.861500
      4.840000      3.875463
      4.860000      3.965675
      4.880000      4.099737
      4.900000      4.227855
      4.920000      4.310051
      4.940000      4.314020
      4.960000      4.218230
      4.980000      4.053137
      5.000000      3.904633
      5.020000      3.844498
      5.040000      3.872458
      5.060000      3.926299
      5.080000      3.951290
      5.100000      3.972263
      5.120000      4.065054
      5.140000      4.248372
      5.160000      4.464339
      5.180000      4.673890
      5.200000      4.897679
      5.220000      5.147106
      5.240000      5.380250
      5.260000      5.545736
      5.280000      5.625684
      5.300000      5.613466
      5.320000      5.463156
      5.340000      5.105938
      5.360000      4.578320
      5.380000      4.096038
      5.400000      3.911066
      5.420000      4.103131
      5.440000      4.518626
      5.460000      4.889440
      5.480000      5.039088
      5.500000      4.973901
      5.520000      4.780431
      5.540000      4.508798
      5.560000      4.181041
      5.580000      3.874593
      5.600000      3.739997
      5.620000      3.862446
      5.640000      4.103440
      5.660000      4.174360
      5.680000      3.919180
      5.700000      3.471996
      5.720000      3.107443
      5.740000      2.996320
      5.760000      3.124481
      5.780000      3.369122
      5.800000      3.599967
      5.820000      3.745243
      5.840000      3.829538
      5.860000      3.953873
      5.880000      4.171820
      5.900000      4.382441
      5.920000      4.425665
      5.940000      4.278432
      5.960000      4.079804
      5.980000      3.963931
      6.000000      3.928266
      6.020000      3.883530
      6.040000      3.791681
      6.060000      3.714659
      6.080000      3.738190
      6.100000      3.880763
      6.120000      4.088363
      6.140000      4.298860
      6.160000      4.474653
      6.180000      4.572620
      6.200000      4.539926
      6.220000      4.361254
      6.240000      4.075778
      6.260000      3.760670
      6.280000      3.515754
      6.300000      3.395696
      6.320000      3.336025
      6.340000      3.231334
      6.360000      3.087055
      6.380000      3.010850
      6.400000      3.060129
      6.420000      3.146812
      6.440000      3.115613
      6.460000      2.937304
      6.480000      2.779568
      6.500000      2.825268
      6.520000      3.071085
      6.540000      3.356792
      6.560000      3.539971
      6.580000      3.594232
      6.600000      3.561900
      6.620000      3.476356
      6.640000      3.364822
      6.660000      3.277794
      6.680000      3.268863
      6.700000      3.357798
      6.720000      3.510290
      6.740000      3.656318
      6.760000      3.761601
      6.780000      3.836095
      6.800000      3.843405
      6.820000      3.730868
      6.840000      3.579376
      6.860000      3.555909
      6.880000      3.692036
      6.900000      3.858085
      6.920000      3.965467
      6.940000      4.046147
      6.960000      4.099195
      6.980000      4.005687
      7.000000      3.677247
      7.020000      3.197291
      7.040000      2.747073
      7.060000      2.453756
      7.080000      2.345920
      7.100000      2.384968
      7.120000      2.501819
      7.140000      2.637691
      7.160000      2.748238
      7.180000      2.775491
      7.200000      2.690111
      7.220000      2.574192
      7.240000      2.569543
      7.260000      2.710755
      7.280000      2.889709
      7.300000      2.997332
      7.320000      3.010386
      7.340000      2.947241
      7.360000      2.837456
      7.380000      2.737699
      7.400000      2.709615
      7.420000      2.767504
      7.440000      2.874719
      7.460000      2.995879
      7.480000      3.129637
      7.500000      3.283416
      7.520000      3.426184
      7.540000      3.480768
      7.560000      3.401666
      7.580000      3.254895
      7.600000      3.153993
      7.620000      3.126181
      7.640000      3.108100
      7.660000      3.052934
      7.680000      2.972999
      7.700000      2.890469
      7.720000      2.816041
      7.740000      2.777119
      7.760000      2.816646
      7.780000      2.953429
      7.800000      3.149143
      7.820000      3.318224
      7.840000      3.398838
      7.860000      3.413782
      7.880000      3.420301
      7.900000      3.419738
      7.920000      3.375567
      7.940000      3.296605
      7.960000      3.225984
      7.980000      3.149092
      8.000000      2.998923
      8.020000      2.775373
      8.040000      2.588302
      8.060000      2.569569
      8.080000      2.778398
      8.100000      3.161549
      8.120000      3.567193
      8.140000      3.830104
      8.160000      3.869503
      8.180000      3.699037
      8.200000      3.393345
      8.220000      3.081623
      8.240000      2.884196
      8.260000      2.793795
      8.280000      2.703971
      8.300000      2.579736
      8.320000      2.483096
      8.340000      2.428692
      8.360000      2.361806
      8.380000      2.280146
      8.400000      2.235663
      8.420000      2.225838
      8.440000      2.211596
      8.460000      2.222228
      8.480000      2.334860
      8.500000      2.581202
      8.520000      2.939512
      8.540000      3.356336
      8.560000      3.739214
      8.580000      3.997074
      8.600000      4.099601
      8.620000      4.059411
      8.640000      3.898397
      8.660000      3.657775
      8.680000      3.376428
      8.700000      3.060756
      8.720000      2.733848
      8.740000      2.461484
      8.760000      2.280094
      8.780000      2.164227
      8.800000      2.069415
      8.820000      1.947400
      8.840000      1.763817
      8.860000      1.551291
      8.880000      1.390640
      8.900000      1.320152
      8.920000      1.311307
      8.940000      1.331961
      8.960000      1.389927
      8.980000      1.514029
      9.000000      1.769453
      9.020000      2.375400
      9.040000      3.759576
      9.060000      6.260831
      9.080000      9.514285
      9.100000     12.216833
      9.120000     12.986394
      9.140000     11.692101
      9.160000      9.630151
      9.180000      8.242504
      9.200000      7.997033
      9.220000      8.571298
      9.240000      9.621223
      9.260000     11.043951
      9.280000     12.668606
      9.300000     14.052570
      9.320000     14.798428
      9.340000     14.947819
      9.360000     14.879799
      9.380000     14.885911
      9.400000     14.952443
      9.420000     14.964896
      9.440000     15.034996
      9.460000     15.446354
      9.480000     16.220481
      9.500000     16.947837
      9.520000     17.203918
      9.540000     16.978248
      9.560000     16.623149
      9.580000     16.554926
      9.600000     16.979127
      9.620000     17.739971
      9.640000     18.494204
      9.660000     19.031981
      9.680000     19.231419
      9.700000     18.853368
      9.720000     17.813958
      9.740000     16.560189
      9.760000     15.717702
      9.780000     15.415059
      9.800000     15.282708
      9.820000     15.021243
      9.840000     14.680032
      9.860000     14.414271
      9.880000     14.218893
      9.900000     14.014203
      9.920000     13.884858
      9.940000     14.051349
      9.960000     14.562832
      9.980000     15.135420
     10.000000     15.388684
