# EIG2DOS: Utility for SIESTA to obtain the electronic density of states
#
#                                                  Emilio Artacho, Apr. 1999
# --------------------------------------------------------------------------
# Nbands, Nspin, Nk   =    936     1   352
# E_F                 =    -5.4239 eV
# Broadening          =     0.0500 eV
# Number of electrons =   296.5682  296.8521 per cell
#
#        E            N
# --------------------------------------------------------------------------
    -10.000000      3.781225
     -9.980000      4.019986
     -9.960000      4.376661
     -9.940000      4.765738
     -9.920000      5.114364
     -9.900000      5.366362
     -9.880000      5.444606
     -9.860000      5.309704
     -9.840000      5.063710
     -9.820000      4.928069
     -9.800000      5.120506
     -9.780000      5.697375
     -9.760000      6.444532
     -9.740000      7.013101
     -9.720000      7.213769
     -9.700000      7.085775
     -9.680000      6.736335
     -9.660000      6.296232
     -9.640000      5.995288
     -9.620000      6.088548
     -9.600000      6.629543
     -9.580000      7.338294
     -9.560000      7.751410
     -9.540000      7.581813
     -9.520000      6.923042
     -9.500000      6.085922
     -9.480000      5.345171
     -9.460000      4.854453
     -9.440000      4.661223
     -9.420000      4.753457
     -9.400000      5.099802
     -9.380000      5.611091
     -9.360000      6.100574
     -9.340000      6.348510
     -9.320000      6.228296
     -9.300000      5.829829
     -9.280000      5.471912
     -9.260000      5.471551
     -9.240000      5.847884
     -9.220000      6.330340
     -9.200000      6.653300
     -9.180000      6.760152
     -9.160000      6.749588
     -9.140000      6.725472
     -9.120000      6.707182
     -9.100000      6.642478
     -9.080000      6.502864
     -9.060000      6.349716
     -9.040000      6.297327
     -9.020000      6.443486
     -9.000000      6.808032
     -8.980000      7.267534
     -8.960000      7.577485
     -8.940000      7.550155
     -8.920000      7.229506
     -8.900000      6.843719
     -8.880000      6.594180
     -8.860000      6.542119
     -8.840000      6.651315
     -8.820000      6.841070
     -8.800000      7.010461
     -8.780000      7.091159
     -8.760000      7.099685
     -8.740000      7.101443
     -8.720000      7.111466
     -8.700000      7.087816
     -8.680000      7.024863
     -8.660000      6.957050
     -8.640000      6.873624
     -8.620000      6.743981
     -8.600000      6.630564
     -8.580000      6.677396
     -8.560000      6.987555
     -8.540000      7.541511
     -8.520000      8.147683
     -8.500000      8.479331
     -8.480000      8.316814
     -8.460000      7.760830
     -8.440000      7.120239
     -8.420000      6.645127
     -8.400000      6.427046
     -8.380000      6.466200
     -8.360000      6.714294
     -8.340000      7.043384
     -8.320000      7.254991
     -8.300000      7.174632
     -8.280000      6.760965
     -8.260000      6.163143
     -8.240000      5.645321
     -8.220000      5.394970
     -8.200000      5.424045
     -8.180000      5.649898
     -8.160000      5.986866
     -8.140000      6.344528
     -8.120000      6.623584
     -8.100000      6.774564
     -8.080000      6.837758
     -8.060000      6.886060
     -8.040000      6.957223
     -8.020000      7.075517
     -8.000000      7.270854
     -7.980000      7.513929
     -7.960000      7.686658
     -7.940000      7.682479
     -7.920000      7.521876
     -7.900000      7.320493
     -7.880000      7.145399
     -7.860000      6.953570
     -7.840000      6.685118
     -7.820000      6.385143
     -7.800000      6.205226
     -7.780000      6.267896
     -7.760000      6.550129
     -7.740000      6.937771
     -7.720000      7.349608
     -7.700000      7.735338
     -7.680000      7.997682
     -7.660000      8.017595
     -7.640000      7.770901
     -7.620000      7.392763
     -7.600000      7.114486
     -7.580000      7.099721
     -7.560000      7.317495
     -7.540000      7.600221
     -7.520000      7.834181
     -7.500000      8.042681
     -7.480000      8.264109
     -7.460000      8.427441
     -7.440000      8.403491
     -7.420000      8.141591
     -7.400000      7.724757
     -7.380000      7.312794
     -7.360000      7.063772
     -7.340000      7.096668
     -7.320000      7.442858
     -7.300000      7.955698
     -7.280000      8.329423
     -7.260000      8.346447
     -7.240000      8.100539
     -7.220000      7.862527
     -7.200000      7.748743
     -7.180000      7.640263
     -7.160000      7.441063
     -7.140000      7.297579
     -7.120000      7.441007
     -7.100000      7.837986
     -7.080000      8.143434
     -7.060000      8.077613
     -7.040000      7.750949
     -7.020000      7.486891
     -7.000000      7.410903
     -6.980000      7.398538
     -6.960000      7.399048
     -6.940000      7.597400
     -6.920000      8.131342
     -6.900000      8.766315
     -6.880000      9.084858
     -6.860000      9.001262
     -6.840000      8.837049
     -6.820000      8.873925
     -6.800000      9.120914
     -6.780000      9.557714
     -6.760000     10.336417
     -6.740000     11.586892
     -6.720000     13.084852
     -6.700000     14.280010
     -6.680000     14.759924
     -6.660000     14.593247
     -6.640000     14.120179
     -6.620000     13.543830
     -6.600000     12.889416
     -6.580000     12.267037
     -6.560000     11.910169
     -6.540000     11.886945
     -6.520000     11.996731
     -6.500000     12.029182
     -6.480000     11.977893
     -6.460000     11.987656
     -6.440000     12.148910
     -6.420000     12.357976
     -6.400000     12.444231
     -6.380000     12.405100
     -6.360000     12.382129
     -6.340000     12.440554
     -6.320000     12.514664
     -6.300000     12.557061
     -6.280000     12.618680
     -6.260000     12.788971
     -6.240000     13.188152
     -6.220000     13.948863
     -6.200000     15.003118
     -6.180000     15.969231
     -6.160000     16.445407
     -6.140000     16.389660
     -6.120000     16.126309
     -6.100000     16.002085
     -6.080000     16.081821
     -6.060000     16.148259
     -6.040000     15.956829
     -6.020000     15.487130
     -6.000000     14.907081
     -5.980000     14.365471
     -5.960000     13.985906
     -5.940000     13.912002
     -5.920000     14.088033
     -5.900000     14.198140
     -5.880000     14.078072
     -5.860000     13.914826
     -5.840000     13.892200
     -5.820000     13.954406
     -5.800000     13.974593
     -5.780000     13.911861
     -5.760000     13.795141
     -5.740000     13.696380
     -5.720000     13.705475
     -5.700000     13.816004
     -5.680000     13.853986
     -5.660000     13.700823
     -5.640000     13.613374
     -5.620000     14.043106
     -5.600000     15.000307
     -5.580000     15.870907
     -5.560000     16.058220
     -5.540000     15.599449
     -5.520000     15.001560
     -5.500000     14.708109
     -5.480000     14.910320
     -5.460000     15.639209
     -5.440000     16.727660
     -5.420000     17.739749
     -5.400000     18.223616
     -5.380000     18.136939
     -5.360000     17.850307
     -5.340000     17.608890
     -5.320000     17.174752
     -5.300000     16.192104
     -5.280000     14.782142
     -5.260000     13.548523
     -5.240000     12.963262
     -5.220000     12.920433
     -5.200000     13.027873
     -5.180000     13.165956
     -5.160000     13.492797
     -5.140000     14.010705
     -5.120000     14.477746
     -5.100000     14.742426
     -5.080000     14.877368
     -5.060000     14.995048
     -5.040000     15.099158
     -5.020000     15.041155
     -5.000000     14.606773
     -4.980000     13.788852
     -4.960000     12.897250
     -4.940000     12.289569
     -4.920000     12.178944
     -4.900000     12.712832
     -4.880000     13.835182
     -4.860000     14.998290
     -4.840000     15.443803
     -4.820000     14.906586
     -4.800000     13.838684
     -4.780000     13.002959
     -4.760000     13.009502
     -4.740000     14.041487
     -4.720000     15.703627
     -4.700000     17.171098
     -4.680000     17.723230
     -4.660000     17.218143
     -4.640000     16.081491
     -4.620000     14.913117
     -4.600000     14.101253
     -4.580000     13.687093
     -4.560000     13.470294
     -4.540000     13.282481
     -4.520000     13.213733
     -4.500000     13.446314
     -4.480000     13.846807
     -4.460000     13.946062
     -4.440000     13.438158
     -4.420000     12.576063
     -4.400000     11.951188
     -4.380000     11.938585
     -4.360000     12.460829
     -4.340000     13.180889
     -4.320000     13.728061
     -4.300000     13.836904
     -4.280000     13.530392
     -4.260000     13.163112
     -4.240000     13.061072
     -4.220000     13.091647
     -4.200000     12.842451
     -4.180000     12.257690
     -4.160000     11.749922
     -4.140000     11.619164
     -4.120000     11.705506
     -4.100000     11.677639
     -4.080000     11.412272
     -4.060000     11.042687
     -4.040000     10.767832
     -4.020000     10.679858
     -4.000000     10.752782
     -3.980000     10.879854
     -3.960000     10.882468
     -3.940000     10.642744
     -3.920000     10.302455
     -3.900000     10.200294
     -3.880000     10.525784
     -3.860000     11.102999
     -3.840000     11.570157
     -3.820000     11.700787
     -3.800000     11.541682
     -3.780000     11.363380
     -3.760000     11.461297
     -3.740000     11.858255
     -3.720000     12.233180
     -3.700000     12.272479
     -3.680000     12.010446
     -3.660000     11.705104
     -3.640000     11.537830
     -3.620000     11.572482
     -3.600000     11.825749
     -3.580000     12.209287
     -3.560000     12.494324
     -3.540000     12.462883
     -3.520000     12.126569
     -3.500000     11.762045
     -3.480000     11.627919
     -3.460000     11.655831
     -3.440000     11.599446
     -3.420000     11.434352
     -3.400000     11.326876
     -3.380000     11.281044
     -3.360000     11.168508
     -3.340000     11.062063
     -3.320000     11.196713
     -3.300000     11.582190
     -3.280000     11.887680
     -3.260000     11.804511
     -3.240000     11.424247
     -3.220000     11.106551
     -3.200000     11.023458
     -3.180000     11.014217
     -3.160000     10.844311
     -3.140000     10.430032
     -3.120000      9.807933
     -3.100000      9.039137
     -3.080000      8.241371
     -3.060000      7.635146
     -3.040000      7.398999
     -3.020000      7.470021
     -3.000000      7.609197
     -2.980000      7.653821
     -2.960000      7.657837
     -2.940000      7.923162
     -2.920000      8.910704
     -2.900000     10.807389
     -2.880000     13.075020
     -2.860000     14.777845
     -2.840000     15.439273
     -2.820000     15.228118
     -2.800000     14.386981
     -2.780000     12.929265
     -2.760000     10.924166
     -2.740000      8.785094
     -2.720000      7.093258
     -2.700000      6.151406
     -2.680000      5.815903
     -2.660000      5.756196
     -2.640000      5.761550
     -2.620000      5.772620
     -2.600000      5.745423
     -2.580000      5.629588
     -2.560000      5.480946
     -2.540000      5.462242
     -2.520000      5.672905
     -2.500000      6.052185
     -2.480000      6.464020
     -2.460000      6.832451
     -2.440000      7.197095
     -2.420000      7.633816
     -2.400000      8.112064
     -2.380000      8.454818
     -2.360000      8.495836
     -2.340000      8.314950
     -2.320000      8.238269
     -2.300000      8.513542
     -2.280000      9.089912
     -2.260000      9.822956
     -2.240000     10.711800
     -2.220000     11.758574
     -2.200000     12.748887
     -2.180000     13.375300
     -2.160000     13.531833
     -2.140000     13.297078
     -2.120000     12.660619
     -2.100000     11.576774
     -2.080000     10.310696
     -2.060000      9.404886
     -2.040000      9.208175
     -2.020000      9.513347
     -2.000000      9.667904
     -1.980000      9.157334
     -1.960000      8.125143
     -1.940000      7.166923
     -1.920000      6.671331
     -1.900000      6.543618
     -1.880000      6.461403
     -1.860000      6.210478
     -1.840000      5.814542
     -1.820000      5.509705
     -1.800000      5.643763
     -1.780000      6.470444
     -1.760000      7.952146
     -1.740000      9.819526
     -1.720000     11.844824
     -1.700000     13.947318
     -1.680000     15.942748
     -1.660000     17.282817
     -1.640000     17.310984
     -1.620000     15.958919
     -1.600000     13.981634
     -1.580000     12.250925
     -1.560000     10.959957
     -1.540000      9.666993
     -1.520000      7.978343
     -1.500000      6.049059
     -1.480000      4.425424
     -1.460000      3.533649
     -1.440000      3.435547
     -1.420000      3.935889
     -1.400000      4.685436
     -1.380000      5.267259
     -1.360000      5.472412
     -1.340000      5.498548
     -1.320000      5.741977
     -1.300000      6.461309
     -1.280000      7.637719
     -1.260000      8.980265
     -1.240000     10.086801
     -1.220000     10.734920
     -1.200000     10.989867
     -1.180000     11.056923
     -1.160000     11.165379
     -1.140000     11.507992
     -1.120000     12.035892
     -1.100000     12.301340
     -1.080000     11.757435
     -1.060000     10.321209
     -1.040000      8.517775
     -1.020000      7.047319
     -1.000000      6.306988
     -0.980000      6.271771
     -0.960000      6.621025
     -0.940000      6.898927
     -0.920000      6.724195
     -0.900000      6.023879
     -0.880000      5.052752
     -0.860000      4.135200
     -0.840000      3.440430
     -0.820000      3.017007
     -0.800000      2.908896
     -0.780000      3.134422
     -0.760000      3.595289
     -0.740000      4.061335
     -0.720000      4.286188
     -0.700000      4.191662
     -0.680000      3.912977
     -0.660000      3.641361
     -0.640000      3.475871
     -0.620000      3.420703
     -0.600000      3.453608
     -0.580000      3.568582
     -0.560000      3.769068
     -0.540000      4.044528
     -0.520000      4.370603
     -0.500000      4.714597
     -0.480000      5.029137
     -0.460000      5.284945
     -0.440000      5.513999
     -0.420000      5.740911
     -0.400000      5.841872
     -0.380000      5.578655
     -0.360000      4.879875
     -0.340000      4.005738
     -0.320000      3.309233
     -0.300000      2.908772
     -0.280000      2.696231
     -0.260000      2.573712
     -0.240000      2.556488
     -0.220000      2.685849
     -0.200000      2.949628
     -0.180000      3.297813
     -0.160000      3.683350
     -0.140000      4.059950
     -0.120000      4.368794
     -0.100000      4.558198
     -0.080000      4.568726
     -0.060000      4.323969
     -0.040000      3.875227
     -0.020000      3.479657
      0.000000      3.349223
      0.020000      3.424739
      0.040000      3.511333
      0.060000      3.491988
      0.080000      3.357491
      0.100000      3.161647
      0.120000      2.974450
      0.140000      2.816703
      0.160000      2.656191
      0.180000      2.479766
      0.200000      2.316976
      0.220000      2.191168
      0.240000      2.092995
      0.260000      2.002057
      0.280000      1.915541
      0.300000      1.846987
      0.320000      1.792551
      0.340000      1.726574
      0.360000      1.648724
      0.380000      1.589109
      0.400000      1.547797
      0.420000      1.490793
      0.440000      1.417863
      0.460000      1.363324
      0.480000      1.327323
      0.500000      1.276930
      0.520000      1.210341
      0.540000      1.157168
      0.560000      1.121575
      0.580000      1.077726
      0.600000      1.018068
      0.620000      0.964103
      0.640000      0.926677
      0.660000      0.888253
      0.680000      0.834799
      0.700000      0.780320
      0.720000      0.740911
      0.740000      0.705048
      0.760000      0.656016
      0.780000      0.603418
      0.800000      0.563017
      0.820000      0.526391
      0.840000      0.480827
      0.860000      0.435605
      0.880000      0.400072
      0.900000      0.364731
      0.920000      0.324225
      0.940000      0.285427
      0.960000      0.244461
      0.980000      0.191266
      1.000000      0.135997
      1.020000      0.100258
      1.040000      0.089677
      1.060000      0.097078
      1.080000      0.120888
      1.100000      0.159646
      1.120000      0.196368
      1.140000      0.212323
      1.160000      0.215792
      1.180000      0.231817
      1.200000      0.264302
      1.220000      0.297510
      1.240000      0.331743
      1.260000      0.384567
      1.280000      0.455532
      1.300000      0.520096
      1.320000      0.565798
      1.340000      0.608003
      1.360000      0.660245
      1.380000      0.713657
      1.400000      0.757465
      1.420000      0.798845
      1.440000      0.848860
      1.460000      0.903819
      1.480000      0.953231
      1.500000      0.998108
      1.520000      1.048889
      1.540000      1.106149
      1.560000      1.159420
      1.580000      1.208467
      1.600000      1.264506
      1.620000      1.326028
      1.640000      1.381173
      1.660000      1.435792
      1.680000      1.502670
      1.700000      1.570392
      1.720000      1.627245
      1.740000      1.692270
      1.760000      1.775706
      1.780000      1.852731
      1.800000      1.917861
      1.820000      2.003085
      1.840000      2.114307
      1.860000      2.223964
      1.880000      2.342047
      1.900000      2.522072
      1.920000      2.783979
      1.940000      3.095153
      1.960000      3.430377
      1.980000      3.749068
      2.000000      3.912399
      2.020000      3.792174
      2.040000      3.497924
      2.060000      3.331596
      2.080000      3.478038
      2.100000      3.842278
      2.120000      4.191260
      2.140000      4.391025
      2.160000      4.482682
      2.180000      4.532000
      2.200000      4.459327
      2.220000      4.104584
      2.240000      3.487882
      2.260000      2.906723
      2.280000      2.695320
      2.300000      2.966299
      2.320000      3.583159
      2.340000      4.264615
      2.360000      4.770446
      2.380000      5.057847
      2.400000      5.200226
      2.420000      5.257768
      2.440000      5.333534
      2.460000      5.573545
      2.480000      6.045313
      2.500000      6.768324
      2.520000      7.824549
      2.540000      9.299797
      2.560000     11.099874
      2.580000     12.864753
      2.600000     14.108803
      2.620000     14.462614
      2.640000     13.841820
      2.660000     12.498644
      2.680000     10.874666
      2.700000      9.304617
      2.720000      7.901388
      2.740000      6.707592
      2.760000      5.796204
      2.780000      5.204985
      2.800000      4.898804
      2.820000      4.797114
      2.840000      4.767096
      2.860000      4.638445
      2.880000      4.335684
      2.900000      4.026254
      2.920000      4.064034
      2.940000      4.689080
      2.960000      5.750410
      2.980000      6.766948
      3.000000      7.308620
      3.020000      7.314204
      3.040000      7.044962
      3.060000      6.794286
      3.080000      6.682603
      3.100000      6.688298
      3.120000      6.768054
      3.140000      6.881104
      3.160000      6.964501
      3.180000      6.957776
      3.200000      6.831882
      3.220000      6.613029
      3.240000      6.405332
      3.260000      6.304650
      3.280000      6.273227
      3.300000      6.203337
      3.320000      6.075989
      3.340000      5.947406
      3.360000      5.828999
      3.380000      5.693873
      3.400000      5.569478
      3.420000      5.516644
      3.440000      5.528521
      3.460000      5.538904
      3.480000      5.529530
      3.500000      5.550226
      3.520000      5.613763
      3.540000      5.645213
      3.560000      5.570501
      3.580000      5.401469
      3.600000      5.205274
      3.620000      5.013416
      3.640000      4.802797
      3.660000      4.585460
      3.680000      4.451459
      3.700000      4.457604
      3.720000      4.508938
      3.740000      4.423658
      3.760000      4.135659
      3.780000      3.781345
      3.800000      3.553242
      3.820000      3.527801
      3.840000      3.672334
      3.860000      3.932786
      3.880000      4.244154
      3.900000      4.525724
      3.920000      4.732646
      3.940000      4.859960
      3.960000      4.880739
      3.980000      4.760344
      4.000000      4.537099
      4.020000      4.322412
      4.040000      4.222396
      4.060000      4.268152
      4.080000      4.391524
      4.100000      4.485215
      4.120000      4.513286
      4.140000      4.548953
      4.160000      4.703743
      4.180000      5.010744
      4.200000      5.352898
      4.220000      5.547671
      4.240000      5.538797
      4.260000      5.419444
      4.280000      5.235985
      4.300000      4.927017
      4.320000      4.520735
      4.340000      4.214670
      4.360000      4.149533
      4.380000      4.224001
      4.400000      4.233215
      4.420000      4.121470
      4.440000      4.025774
      4.460000      4.101276
      4.480000      4.354461
      4.500000      4.637103
      4.520000      4.768263
      4.540000      4.678570
      4.560000      4.471054
      4.580000      4.341972
      4.600000      4.419060
      4.620000      4.642393
      4.640000      4.801053
      4.660000      4.717358
      4.680000      4.384719
      4.700000      3.925589
      4.720000      3.477443
      4.740000      3.131064
      4.760000      2.924898
      4.780000      2.878785
      4.800000      3.026982
      4.820000      3.381553
      4.840000      3.853050
      4.860000      4.253306
      4.880000      4.426894
      4.900000      4.382498
      4.920000      4.260456
      4.940000      4.172313
      4.960000      4.128287
      4.980000      4.137188
      5.000000      4.272317
      5.020000      4.531089
      5.040000      4.724031
      5.060000      4.668008
      5.080000      4.419965
      5.100000      4.174024
      5.120000      4.009542
      5.140000      3.871067
      5.160000      3.728090
      5.180000      3.632573
      5.200000      3.641806
      5.220000      3.753802
      5.240000      3.897208
      5.260000      3.972579
      5.280000      3.952911
      5.300000      3.923930
      5.320000      3.956588
      5.340000      3.986384
      5.360000      3.915235
      5.380000      3.774852
      5.400000      3.668298
      5.420000      3.611746
      5.440000      3.552643
      5.460000      3.468520
      5.480000      3.361249
      5.500000      3.241721
      5.520000      3.157493
      5.540000      3.145286
      5.560000      3.160290
      5.580000      3.128336
      5.600000      3.051509
      5.620000      3.015755
      5.640000      3.093518
      5.660000      3.263644
      5.680000      3.448953
      5.700000      3.605444
      5.720000      3.723298
      5.740000      3.772116
      5.760000      3.737876
      5.780000      3.691004
      5.800000      3.714756
      5.820000      3.783159
      5.840000      3.777902
      5.860000      3.603561
      5.880000      3.263434
      5.900000      2.860544
      5.920000      2.530922
      5.940000      2.348470
      5.960000      2.311147
      5.980000      2.421314
      6.000000      2.707467
      6.020000      3.133690
      6.040000      3.559306
      6.060000      3.834121
      6.080000      3.905524
      6.100000      3.840148
      6.120000      3.760855
      6.140000      3.733891
      6.160000      3.711681
      6.180000      3.615658
      6.200000      3.459739
      6.220000      3.329464
      6.240000      3.252604
      6.260000      3.178220
      6.280000      3.067255
      6.300000      2.934198
      6.320000      2.826749
      6.340000      2.783381
      6.360000      2.787277
      6.380000      2.784818
      6.400000      2.753938
      6.420000      2.726161
      6.440000      2.741434
      6.460000      2.782098
      6.480000      2.784374
      6.500000      2.750791
      6.520000      2.776319
      6.540000      2.911779
      6.560000      3.085486
      6.580000      3.191192
      6.600000      3.193701
      6.620000      3.155790
      6.640000      3.184181
      6.660000      3.322943
      6.680000      3.499021
      6.700000      3.581706
      6.720000      3.500416
      6.740000      3.313116
      6.760000      3.149382
      6.780000      3.089669
      6.800000      3.118127
      6.820000      3.178633
      6.840000      3.235245
      6.860000      3.261754
      6.880000      3.213466
      6.900000      3.069162
      6.920000      2.896381
      6.940000      2.802377
      6.960000      2.796002
      6.980000      2.772318
      7.000000      2.666684
      7.020000      2.531073
      7.040000      2.417937
      7.060000      2.304639
      7.080000      2.198058
      7.100000      2.210521
      7.120000      2.439453
      7.140000      2.820161
      7.160000      3.166189
      7.180000      3.333182
      7.200000      3.305642
      7.220000      3.155983
      7.240000      2.975825
      7.260000      2.832142
      7.280000      2.744877
      7.300000      2.714465
      7.320000      2.764324
      7.340000      2.920963
      7.360000      3.164773
      7.380000      3.418503
      7.400000      3.572632
      7.420000      3.537247
      7.440000      3.298817
      7.460000      2.930124
      7.480000      2.547562
      7.500000      2.259312
      7.520000      2.126659
      7.540000      2.149043
      7.560000      2.279810
      7.580000      2.441939
      7.600000      2.545599
      7.620000      2.547892
      7.640000      2.488021
      7.660000      2.425396
      7.680000      2.373571
      7.700000      2.312352
      7.720000      2.232669
      7.740000      2.165898
      7.760000      2.161470
      7.780000      2.212633
      7.800000      2.245370
      7.820000      2.225853
      7.840000      2.226163
      7.860000      2.322886
      7.880000      2.474896
      7.900000      2.560940
      7.920000      2.513182
      7.940000      2.383275
      7.960000      2.289969
      7.980000      2.303356
      8.000000      2.378228
      8.020000      2.414946
      8.040000      2.376317
      8.060000      2.315578
      8.080000      2.302248
      8.100000      2.354480
      8.120000      2.433519
      8.140000      2.503786
      8.160000      2.634315
      8.180000      3.015649
      8.200000      3.775200
      8.220000      4.725657
      8.240000      5.410674
      8.260000      5.519114
      8.280000      5.159638
      8.300000      4.658540
      8.320000      4.245691
      8.340000      4.018884
      8.360000      4.088704
      8.380000      4.640232
      8.400000      5.797582
      8.420000      7.376745
      8.440000      8.838446
      8.460000      9.659045
      8.480000      9.740818
      8.500000      9.388100
      8.520000      9.037098
      8.540000      9.037420
      8.560000      9.434727
      8.580000      9.929632
      8.600000     10.267148
      8.620000     10.585915
      8.640000     11.150165
      8.660000     11.928224
      8.680000     12.662908
      8.700000     13.132231
      8.720000     13.220025
      8.740000     12.935260
      8.760000     12.455875
      8.780000     12.122946
      8.800000     12.290539
      8.820000     13.019328
      8.840000     13.987576
      8.860000     14.882207
      8.880000     15.742705
      8.900000     16.742170
      8.920000     17.790854
      8.940000     18.516560
      8.960000     18.570782
      8.980000     17.939644
      9.000000     17.000727
      9.020000     16.196445
      9.040000     15.653676
      9.060000     15.319874
      9.080000     15.427932
      9.100000     16.436506
      9.120000     18.389490
      9.140000     20.651911
      9.160000     22.483825
      9.180000     23.730182
      9.200000     24.722530
      9.220000     25.575241
      9.240000     25.992251
      9.260000     25.835594
      9.280000     25.338930
      9.300000     24.648200
      9.320000     23.714664
      9.340000     22.648060
      9.360000     21.670077
      9.380000     20.809344
      9.400000     19.984325
      9.420000     19.213612
      9.440000     18.525204
      9.460000     17.839826
      9.480000     17.102434
      9.500000     16.400078
      9.520000     15.826192
      9.540000     15.322396
      9.560000     14.787913
      9.580000     14.264899
      9.600000     13.879989
      9.620000     13.710281
      9.640000     13.758208
      9.660000     13.855821
      9.680000     13.667589
      9.700000     13.057951
      9.720000     12.324083
      9.740000     11.895958
      9.760000     11.980120
      9.780000     12.515174
      9.800000     13.241124
      9.820000     13.800775
      9.840000     13.933382
      9.860000     13.596550
      9.880000     12.932879
      9.900000     12.239661
      9.920000     11.940114
      9.940000     12.359926
      9.960000     13.366664
      9.980000     14.337683
     10.000000     14.730197
