# EIG2DOS: Utility for SIESTA to obtain the electronic density of states
#
#                                                  Emilio Artacho, Apr. 1999
# --------------------------------------------------------------------------
# Nbands, Nspin, Nk   =    936     1   145
# E_F                 =    -5.1327 eV
# Broadening          =     0.0500 eV
# Number of electrons =   301.4207  301.6224 per cell
#
#        E            N
# --------------------------------------------------------------------------
    -10.000000      4.181319
     -9.980000      4.448776
     -9.960000      4.725829
     -9.940000      4.921560
     -9.920000      5.132282
     -9.900000      5.501736
     -9.880000      6.082635
     -9.860000      6.820803
     -9.840000      7.544374
     -9.820000      7.998767
     -9.800000      8.002639
     -9.780000      7.598216
     -9.760000      7.029405
     -9.740000      6.555429
     -9.720000      6.283780
     -9.700000      6.167324
     -9.680000      6.099424
     -9.660000      6.000813
     -9.640000      5.899870
     -9.620000      5.936663
     -9.600000      6.198206
     -9.580000      6.563556
     -9.560000      6.802997
     -9.540000      6.798761
     -9.520000      6.599527
     -9.500000      6.333161
     -9.480000      6.150766
     -9.460000      6.184706
     -9.440000      6.478485
     -9.420000      6.981178
     -9.400000      7.551845
     -9.380000      7.884769
     -9.360000      7.636373
     -9.340000      6.821469
     -9.320000      5.887623
     -9.300000      5.279561
     -9.280000      5.134411
     -9.260000      5.428639
     -9.240000      6.147527
     -9.220000      7.154088
     -9.200000      8.047745
     -9.180000      8.382516
     -9.160000      8.074929
     -9.140000      7.483227
     -9.120000      7.006105
     -9.100000      6.696707
     -9.080000      6.381294
     -9.060000      6.054694
     -9.040000      5.934207
     -9.020000      6.091382
     -9.000000      6.256060
     -8.980000      6.130424
     -8.960000      5.764003
     -8.940000      5.506576
     -8.920000      5.649469
     -8.900000      6.133783
     -8.880000      6.623506
     -8.860000      6.894442
     -8.840000      7.060814
     -8.820000      7.321846
     -8.800000      7.584955
     -8.780000      7.572687
     -8.760000      7.256996
     -8.740000      6.865832
     -8.720000      6.525697
     -8.700000      6.232451
     -8.680000      6.070422
     -8.660000      6.189383
     -8.640000      6.610797
     -8.620000      7.146294
     -8.600000      7.503708
     -8.580000      7.512700
     -8.560000      7.249626
     -8.540000      6.932716
     -8.520000      6.772324
     -8.500000      6.896234
     -8.480000      7.238860
     -8.460000      7.519769
     -8.440000      7.503884
     -8.420000      7.243512
     -8.400000      6.991801
     -8.380000      6.929491
     -8.360000      6.986692
     -8.340000      6.958796
     -8.320000      6.790859
     -8.300000      6.633066
     -8.280000      6.619822
     -8.260000      6.724690
     -8.240000      6.822637
     -8.220000      6.799927
     -8.200000      6.683407
     -8.180000      6.727900
     -8.160000      7.168043
     -8.140000      7.798849
     -8.120000      8.090422
     -8.100000      7.816061
     -8.080000      7.291328
     -8.060000      6.946139
     -8.040000      6.921349
     -8.020000      7.130093
     -8.000000      7.476594
     -7.980000      7.880000
     -7.960000      8.188249
     -7.940000      8.200525
     -7.920000      7.834698
     -7.900000      7.290732
     -7.880000      6.964255
     -7.860000      7.077896
     -7.840000      7.442493
     -7.820000      7.693166
     -7.800000      7.675642
     -7.780000      7.502209
     -7.760000      7.360537
     -7.740000      7.358251
     -7.720000      7.456946
     -7.700000      7.507284
     -7.680000      7.400396
     -7.660000      7.194912
     -7.640000      7.049493
     -7.620000      7.060877
     -7.600000      7.219218
     -7.580000      7.470024
     -7.560000      7.760328
     -7.540000      8.010954
     -7.520000      8.102661
     -7.500000      8.013311
     -7.480000      7.913402
     -7.460000      7.976265
     -7.440000      8.163078
     -7.420000      8.273190
     -7.400000      8.158409
     -7.380000      7.898764
     -7.360000      7.731260
     -7.340000      7.758446
     -7.320000      7.879546
     -7.300000      8.026926
     -7.280000      8.197685
     -7.260000      8.271557
     -7.240000      8.120262
     -7.220000      7.867214
     -7.200000      7.766796
     -7.180000      7.880293
     -7.160000      8.097461
     -7.140000      8.375726
     -7.120000      8.720204
     -7.100000      9.016819
     -7.080000      9.078949
     -7.060000      8.888064
     -7.040000      8.799840
     -7.020000      9.411173
     -7.000000     10.978807
     -6.980000     12.994703
     -6.960000     14.577721
     -6.940000     15.232302
     -6.920000     15.070833
     -6.900000     14.484116
     -6.880000     13.804903
     -6.860000     13.223779
     -6.840000     12.863918
     -6.820000     12.782277
     -6.800000     12.895442
     -6.780000     13.055302
     -6.760000     13.197688
     -6.740000     13.307898
     -6.720000     13.340008
     -6.700000     13.287150
     -6.680000     13.178733
     -6.660000     12.934569
     -6.640000     12.435415
     -6.620000     11.791122
     -6.600000     11.357624
     -6.580000     11.472669
     -6.560000     12.198863
     -6.540000     13.243526
     -6.520000     14.194167
     -6.500000     14.908166
     -6.480000     15.585184
     -6.460000     16.400847
     -6.440000     17.147486
     -6.420000     17.397909
     -6.400000     17.018392
     -6.380000     16.286089
     -6.360000     15.498162
     -6.340000     14.722834
     -6.320000     13.953228
     -6.300000     13.344588
     -6.280000     13.233991
     -6.260000     13.828859
     -6.240000     14.833418
     -6.220000     15.566630
     -6.200000     15.553618
     -6.180000     14.894849
     -6.160000     14.050468
     -6.140000     13.468272
     -6.120000     13.495040
     -6.100000     14.297272
     -6.080000     15.583399
     -6.060000     16.719506
     -6.040000     17.382811
     -6.020000     17.819648
     -6.000000     18.359007
     -5.980000     18.987348
     -5.960000     19.499680
     -5.940000     19.837903
     -5.920000     20.083068
     -5.900000     20.255066
     -5.880000     20.419214
     -5.860000     20.787432
     -5.840000     21.303264
     -5.820000     21.358997
     -5.800000     20.338611
     -5.780000     18.325618
     -5.760000     16.067786
     -5.740000     14.359979
     -5.720000     13.519059
     -5.700000     13.279470
     -5.680000     13.105249
     -5.660000     12.673057
     -5.640000     12.076743
     -5.620000     11.589454
     -5.600000     11.387530
     -5.580000     11.572382
     -5.560000     12.230400
     -5.540000     13.242119
     -5.520000     14.150418
     -5.500000     14.481136
     -5.480000     14.233397
     -5.460000     13.876405
     -5.440000     13.821343
     -5.420000     14.076025
     -5.400000     14.396141
     -5.380000     14.571827
     -5.360000     14.620223
     -5.340000     14.812897
     -5.320000     15.407905
     -5.300000     16.328407
     -5.280000     17.246252
     -5.260000     17.930524
     -5.240000     18.266112
     -5.220000     18.018203
     -5.200000     17.011270
     -5.180000     15.548165
     -5.160000     14.251244
     -5.140000     13.465552
     -5.120000     13.052992
     -5.100000     12.710278
     -5.080000     12.303200
     -5.060000     11.915753
     -5.040000     11.711975
     -5.020000     11.760852
     -5.000000     11.948748
     -4.980000     12.131559
     -4.960000     12.345057
     -4.940000     12.681731
     -4.920000     13.013862
     -4.900000     13.042667
     -4.880000     12.575191
     -4.860000     11.696256
     -4.840000     10.796125
     -4.820000     10.397648
     -4.800000     10.738391
     -4.780000     11.501415
     -4.760000     12.106337
     -4.740000     12.233869
     -4.720000     11.985805
     -4.700000     11.629770
     -4.680000     11.290165
     -4.660000     10.930508
     -4.640000     10.566533
     -4.620000     10.322977
     -4.600000     10.342454
     -4.580000     10.809972
     -4.560000     11.905295
     -4.540000     13.496437
     -4.520000     14.997782
     -4.500000     15.757415
     -4.480000     15.616935
     -4.460000     15.068696
     -4.440000     14.839887
     -4.420000     15.199308
     -4.400000     15.641270
     -4.380000     15.389785
     -4.360000     14.187178
     -4.340000     12.471771
     -4.320000     10.958963
     -4.300000     10.177700
     -4.280000     10.196796
     -4.260000     10.623409
     -4.240000     10.878196
     -4.220000     10.591227
     -4.200000      9.909699
     -4.180000      9.403018
     -4.160000      9.508794
     -4.140000     10.096652
     -4.120000     10.655824
     -4.100000     10.809791
     -4.080000     10.584797
     -4.060000     10.331809
     -4.040000     10.438675
     -4.020000     10.969185
     -4.000000     11.586987
     -3.980000     11.878824
     -3.960000     11.637870
     -3.940000     10.905120
     -3.920000      9.943323
     -3.900000      9.110050
     -3.880000      8.638854
     -3.860000      8.548506
     -3.840000      8.697599
     -3.820000      8.889789
     -3.800000      9.030262
     -3.780000      9.258080
     -3.760000      9.903750
     -3.740000     11.214329
     -3.720000     12.970367
     -3.700000     14.409219
     -3.680000     14.824373
     -3.660000     14.336704
     -3.640000     13.787144
     -3.620000     13.783978
     -3.600000     14.123255
     -3.580000     14.198885
     -3.560000     13.715380
     -3.540000     12.843660
     -3.520000     11.812222
     -3.500000     10.596956
     -3.480000      9.157565
     -3.460000      7.853981
     -3.440000      7.352230
     -3.420000      7.996490
     -3.400000      9.331193
     -3.380000     10.340160
     -3.360000     10.296925
     -3.340000      9.456894
     -3.320000      8.815258
     -3.300000      9.135928
     -3.280000     10.281371
     -3.260000     11.438168
     -3.240000     11.866264
     -3.220000     11.426513
     -3.200000     10.529074
     -3.180000      9.731986
     -3.160000      9.407389
     -3.140000      9.654047
     -3.120000     10.351593
     -3.100000     11.194792
     -3.080000     11.740937
     -3.060000     11.707708
     -3.040000     11.387195
     -3.020000     11.500165
     -3.000000     12.437794
     -2.980000     13.819082
     -2.960000     14.864924
     -2.940000     15.024001
     -2.920000     14.178244
     -2.900000     12.501837
     -2.880000     10.403581
     -2.860000      8.515180
     -2.840000      7.454064
     -2.820000      7.453446
     -2.800000      8.150225
     -2.780000      8.760591
     -2.760000      8.616527
     -2.740000      7.614519
     -2.720000      6.215949
     -2.700000      5.154412
     -2.680000      5.062658
     -2.660000      6.051014
     -2.640000      7.491978
     -2.620000      8.392915
     -2.600000      8.191463
     -2.580000      7.187903
     -2.560000      6.137154
     -2.540000      5.535441
     -2.520000      5.418818
     -2.500000      5.636687
     -2.480000      5.989009
     -2.460000      6.153565
     -2.440000      5.819084
     -2.420000      5.000541
     -2.400000      4.119051
     -2.380000      3.753550
     -2.360000      4.280677
     -2.340000      5.567212
     -2.320000      6.916903
     -2.300000      7.526334
     -2.280000      7.185623
     -2.260000      6.440877
     -2.240000      6.026868
     -2.220000      6.275269
     -2.200000      7.034868
     -2.180000      7.891671
     -2.160000      8.370909
     -2.140000      8.188001
     -2.120000      7.485801
     -2.100000      6.753825
     -2.080000      6.502626
     -2.060000      7.004881
     -2.040000      8.159042
     -2.020000      9.458402
     -2.000000     10.258387
     -1.980000     10.350707
     -1.960000     10.204401
     -1.940000     10.441061
     -1.920000     11.206821
     -1.900000     12.051400
     -1.880000     12.191748
     -1.860000     11.094998
     -1.840000      9.004356
     -1.820000      6.785712
     -1.800000      5.409322
     -1.780000      5.610284
     -1.760000      7.501603
     -1.740000     10.214681
     -1.720000     12.335869
     -1.700000     12.976025
     -1.680000     12.239758
     -1.660000     10.763432
     -1.640000      9.141448
     -1.620000      7.784745
     -1.600000      6.992890
     -1.580000      6.861496
     -1.560000      7.179574
     -1.540000      7.604212
     -1.520000      7.892269
     -1.500000      7.961976
     -1.480000      7.844064
     -1.460000      7.583225
     -1.440000      7.202694
     -1.420000      6.766384
     -1.400000      6.357607
     -1.380000      5.989372
     -1.360000      5.669612
     -1.340000      5.505454
     -1.320000      5.583872
     -1.300000      5.810789
     -1.280000      5.980134
     -1.260000      5.943871
     -1.240000      5.681673
     -1.220000      5.247506
     -1.200000      4.693361
     -1.180000      4.109849
     -1.160000      3.682519
     -1.140000      3.561366
     -1.120000      3.696070
     -1.100000      3.904989
     -1.080000      4.080389
     -1.060000      4.233390
     -1.040000      4.361195
     -1.020000      4.397449
     -1.000000      4.315013
     -0.980000      4.179748
     -0.960000      4.073754
     -0.940000      4.027823
     -0.920000      4.033201
     -0.900000      4.034395
     -0.880000      3.919690
     -0.860000      3.618659
     -0.840000      3.190386
     -0.820000      2.751964
     -0.800000      2.365236
     -0.780000      2.044288
     -0.760000      1.826404
     -0.740000      1.764557
     -0.720000      1.892240
     -0.700000      2.272835
     -0.680000      3.028862
     -0.660000      4.329812
     -0.640000      6.452275
     -0.620000      9.586257
     -0.600000     13.115172
     -0.580000     15.310603
     -0.560000     14.585852
     -0.540000     11.229964
     -0.520000      7.251679
     -0.500000      4.484959
     -0.480000      3.398726
     -0.460000      3.454973
     -0.440000      3.861970
     -0.420000      4.007002
     -0.400000      3.669772
     -0.380000      3.025333
     -0.360000      2.400324
     -0.340000      1.986396
     -0.320000      1.742202
     -0.300000      1.522254
     -0.280000      1.271870
     -0.260000      1.074654
     -0.240000      1.022665
     -0.220000      1.096431
     -0.200000      1.187517
     -0.180000      1.194467
     -0.160000      1.097672
     -0.140000      0.980492
     -0.120000      0.978468
     -0.100000      1.213000
     -0.080000      1.771271
     -0.060000      2.670477
     -0.040000      3.760449
     -0.020000      4.688462
      0.000000      5.079567
      0.020000      4.833851
      0.040000      4.218335
      0.060000      3.606214
      0.080000      3.139362
      0.100000      2.723903
      0.120000      2.314084
      0.140000      2.010764
      0.160000      1.857192
      0.180000      1.755594
      0.200000      1.647059
      0.220000      1.577820
      0.240000      1.549574
      0.260000      1.474118
      0.280000      1.306010
      0.300000      1.120804
      0.320000      1.032991
      0.340000      1.068283
      0.360000      1.129664
      0.380000      1.089135
      0.400000      0.925639
      0.420000      0.752002
      0.440000      0.680233
      0.460000      0.703462
      0.480000      0.732678
      0.500000      0.698311
      0.520000      0.600184
      0.540000      0.491854
      0.560000      0.425173
      0.580000      0.406850
      0.600000      0.408263
      0.620000      0.397301
      0.640000      0.355217
      0.660000      0.284655
      0.680000      0.205918
      0.700000      0.140364
      0.720000      0.103060
      0.740000      0.102232
      0.760000      0.129824
      0.780000      0.161179
      0.800000      0.178918
      0.820000      0.189626
      0.840000      0.205984
      0.860000      0.228698
      0.880000      0.260110
      0.900000      0.309744
      0.920000      0.374645
      0.940000      0.444579
      0.960000      0.518413
      0.980000      0.582810
      1.000000      0.611000
      1.020000      0.614319
      1.040000      0.642530
      1.060000      0.715387
      1.080000      0.803667
      1.100000      0.872314
      1.120000      0.909908
      1.140000      0.932443
      1.160000      0.967924
      1.180000      1.026210
      1.200000      1.090749
      1.220000      1.146383
      1.240000      1.200662
      1.260000      1.263829
      1.280000      1.326172
      1.300000      1.378121
      1.320000      1.429342
      1.340000      1.484144
      1.360000      1.533087
      1.380000      1.582321
      1.400000      1.648155
      1.420000      1.735279
      1.440000      1.844684
      1.460000      1.955765
      1.480000      2.011395
      1.500000      1.991860
      1.520000      1.976937
      1.540000      2.076189
      1.560000      2.315080
      1.580000      2.597994
      1.600000      2.784555
      1.620000      2.842415
      1.640000      2.907026
      1.660000      3.140496
      1.680000      3.537663
      1.700000      3.881135
      1.720000      3.892562
      1.740000      3.451860
      1.760000      2.717529
      1.780000      2.101155
      1.800000      2.074010
      1.820000      2.800271
      1.840000      3.866677
      1.860000      4.526869
      1.880000      4.382375
      1.900000      3.793942
      1.920000      3.513806
      1.940000      3.885747
      1.960000      4.500909
      1.980000      4.760860
      2.000000      4.636550
      2.020000      4.582449
      2.040000      4.828927
      2.060000      5.145388
      2.080000      5.288320
      2.100000      5.368925
      2.120000      5.630167
      2.140000      5.993630
      2.160000      6.101876
      2.180000      5.862931
      2.200000      5.695380
      2.220000      6.098930
      2.240000      7.147599
      2.260000      8.575144
      2.280000     10.229847
      2.300000     12.076050
      2.320000     13.709948
      2.340000     14.389129
      2.360000     13.804116
      2.380000     12.429415
      2.400000     10.938418
      2.420000      9.663660
      2.440000      8.709142
      2.460000      8.150383
      2.480000      7.941239
      2.500000      7.822366
      2.520000      7.463353
      2.540000      6.754222
      2.560000      5.937244
      2.580000      5.340715
      2.600000      5.032142
      2.620000      4.858627
      2.640000      4.746910
      2.660000      4.791621
      2.680000      5.018687
      2.700000      5.225166
      2.720000      5.230861
      2.740000      5.185560
      2.760000      5.392563
      2.780000      5.898822
      2.800000      6.458453
      2.820000      6.833179
      2.840000      6.997076
      2.860000      7.079375
      2.880000      7.162659
      2.900000      7.167860
      2.920000      6.968552
      2.940000      6.588341
      2.960000      6.240149
      2.980000      6.154245
      3.000000      6.337550
      3.020000      6.526079
      3.040000      6.463712
      3.060000      6.197363
      3.080000      5.998440
      3.100000      6.053952
      3.120000      6.287772
      3.140000      6.401788
      3.160000      6.135074
      3.180000      5.590139
      3.200000      5.200314
      3.220000      5.286092
      3.240000      5.743536
      3.260000      6.182610
      3.280000      6.290628
      3.300000      6.082076
      3.320000      5.819106
      3.340000      5.667864
      3.360000      5.501152
      3.380000      5.105398
      3.400000      4.472738
      3.420000      3.787966
      3.440000      3.232855
      3.460000      2.892068
      3.480000      2.772614
      3.500000      2.849219
      3.520000      3.093172
      3.540000      3.449699
      3.560000      3.803090
      3.580000      4.045638
      3.600000      4.210383
      3.620000      4.429287
      3.640000      4.729031
      3.660000      4.992764
      3.680000      5.139427
      3.700000      5.216745
      3.720000      5.276477
      3.740000      5.251874
      3.760000      5.065798
      3.780000      4.824484
      3.800000      4.741767
      3.820000      4.837827
      3.840000      4.899966
      3.860000      4.803008
      3.880000      4.653695
      3.900000      4.573160
      3.920000      4.549738
      3.940000      4.530459
      3.960000      4.513953
      3.980000      4.530186
      4.000000      4.575687
      4.020000      4.596569
      4.040000      4.537132
      4.060000      4.384498
      4.080000      4.199202
      4.100000      4.122146
      4.120000      4.242237
      4.140000      4.426000
      4.160000      4.443745
      4.180000      4.285460
      4.200000      4.156491
      4.220000      4.152883
      4.240000      4.161027
      4.260000      4.126424
      4.280000      4.196477
      4.300000      4.493075
      4.320000      4.900753
      4.340000      5.158357
      4.360000      5.083272
      4.380000      4.677732
      4.400000      4.085201
      4.420000      3.506838
      4.440000      3.120022
      4.460000      3.006586
      4.480000      3.131831
      4.500000      3.379733
      4.520000      3.631041
      4.540000      3.823235
      4.560000      3.926600
      4.580000      3.914826
      4.600000      3.795168
      4.620000      3.621615
      4.640000      3.458854
      4.660000      3.357192
      4.680000      3.361933
      4.700000      3.503299
      4.720000      3.752902
      4.740000      4.015839
      4.760000      4.179548
      4.780000      4.191288
      4.800000      4.114037
      4.820000      4.054120
      4.840000      4.001321
      4.860000      3.835266
      4.880000      3.530459
      4.900000      3.243076
      4.920000      3.154399
      4.940000      3.333031
      4.960000      3.733542
      4.980000      4.185676
      5.000000      4.435125
      5.020000      4.337836
      5.040000      3.986100
      5.060000      3.613841
      5.080000      3.418195
      5.100000      3.434206
      5.120000      3.546274
      5.140000      3.651027
      5.160000      3.770588
      5.180000      3.929986
      5.200000      4.009827
      5.220000      3.872127
      5.240000      3.548773
      5.260000      3.179505
      5.280000      2.893869
      5.300000      2.826354
      5.320000      3.081535
      5.340000      3.605140
      5.360000      4.161360
      5.380000      4.480514
      5.400000      4.435600
      5.420000      4.090096
      5.440000      3.611631
      5.460000      3.170438
      5.480000      2.880868
      5.500000      2.765057
      5.520000      2.759951
      5.540000      2.797656
      5.560000      2.886232
      5.580000      3.072805
      5.600000      3.311481
      5.620000      3.430101
      5.640000      3.292388
      5.660000      2.962661
      5.680000      2.661844
      5.700000      2.574362
      5.720000      2.721694
      5.740000      3.016577
      5.760000      3.372850
      5.780000      3.699022
      5.800000      3.869955
      5.820000      3.834570
      5.840000      3.704066
      5.860000      3.629557
      5.880000      3.628217
      5.900000      3.587958
      5.920000      3.410297
      5.940000      3.117647
      5.960000      2.828911
      5.980000      2.664085
      6.000000      2.712573
      6.020000      3.013699
      6.040000      3.449874
      6.060000      3.742056
      6.080000      3.681795
      6.100000      3.321107
      6.120000      2.880564
      6.140000      2.550762
      6.160000      2.435065
      6.180000      2.585198
      6.200000      2.960080
      6.220000      3.372379
      6.240000      3.605282
      6.260000      3.600504
      6.280000      3.448181
      6.300000      3.219749
      6.320000      2.924386
      6.340000      2.614657
      6.360000      2.423817
      6.380000      2.472973
      6.400000      2.772046
      6.420000      3.200635
      6.440000      3.569553
      6.460000      3.712035
      6.480000      3.566937
      6.500000      3.229326
      6.520000      2.885324
      6.540000      2.659792
      6.560000      2.555260
      6.580000      2.532157
      6.600000      2.612544
      6.620000      2.851572
      6.640000      3.173233
      6.660000      3.342979
      6.680000      3.205389
      6.700000      2.859932
      6.720000      2.540159
      6.740000      2.415277
      6.760000      2.508437
      6.780000      2.714393
      6.800000      2.913700
      6.820000      3.060611
      6.840000      3.112957
      6.860000      3.001756
      6.880000      2.754757
      6.900000      2.525757
      6.920000      2.465561
      6.940000      2.626324
      6.960000      2.927599
      6.980000      3.168902
      7.000000      3.166597
      7.020000      2.928901
      7.040000      2.650510
      7.060000      2.521028
      7.080000      2.570570
      7.100000      2.696706
      7.120000      2.797032
      7.140000      2.839231
      7.160000      2.832301
      7.180000      2.794767
      7.200000      2.737590
      7.220000      2.642469
      7.240000      2.489596
      7.260000      2.310858
      7.280000      2.171241
      7.300000      2.120813
      7.320000      2.196962
      7.340000      2.434288
      7.360000      2.833836
      7.380000      3.293956
      7.400000      3.591246
      7.420000      3.528559
      7.440000      3.120423
      7.460000      2.588243
      7.480000      2.211945
      7.500000      2.183525
      7.520000      2.482337
      7.540000      2.850758
      7.560000      2.994463
      7.580000      2.865006
      7.600000      2.684406
      7.620000      2.645174
      7.640000      2.673434
      7.660000      2.581570
      7.680000      2.355330
      7.700000      2.152474
      7.720000      2.086596
      7.740000      2.140852
      7.760000      2.257887
      7.780000      2.411653
      7.800000      2.586130
      7.820000      2.723914
      7.840000      2.738271
      7.860000      2.610255
      7.880000      2.412904
      7.900000      2.203884
      7.920000      1.999802
      7.940000      1.891629
      7.960000      2.091606
      7.980000      2.843497
      8.000000      4.311871
      8.020000      6.445696
      8.040000      8.788735
      8.060000     10.541011
      8.080000     11.119663
      8.100000     10.685841
      8.120000      9.904104
      8.140000      9.237210
      8.160000      8.731724
      8.180000      8.338273
      8.200000      7.993737
      8.220000      7.506033
      8.240000      6.882089
      8.260000      6.694771
      8.280000      7.600702
      8.300000      9.472247
      8.320000     11.429211
      8.340000     12.779438
      8.360000     13.551889
      8.380000     14.020607
      8.400000     14.064015
      8.420000     13.289694
      8.440000     11.736873
      8.460000     10.149996
      8.480000      9.425033
      8.500000      9.907998
      8.520000     11.181516
      8.540000     12.423308
      8.560000     13.089423
      8.580000     13.308085
      8.600000     13.623114
      8.620000     14.493384
      8.640000     15.928627
      8.660000     17.338894
      8.680000     17.923143
      8.700000     17.595119
      8.720000     17.418702
      8.740000     18.663906
      8.760000     21.318583
      8.780000     23.913318
      8.800000     25.000206
      8.820000     24.476970
      8.840000     23.321281
      8.860000     22.435278
      8.880000     22.033238
      8.900000     21.891811
      8.920000     21.755077
      8.940000     21.378284
      8.960000     20.564977
      8.980000     19.530341
      9.000000     18.959221
      9.020000     19.321435
      9.040000     20.275460
      9.060000     21.002684
      9.080000     21.012182
      9.100000     20.357749
      9.120000     19.206709
      9.140000     17.641451
      9.160000     15.952720
      9.180000     14.832870
      9.200000     15.001267
      9.220000     16.476640
      9.240000     18.332038
      9.260000     19.360889
      9.280000     18.929680
      9.300000     17.224161
      9.320000     15.029493
      9.340000     13.366661
      9.360000     12.987832
      9.380000     14.000343
      9.400000     15.936474
      9.420000     18.024419
      9.440000     19.409860
      9.460000     19.478722
      9.480000     18.196266
      9.500000     16.070710
      9.520000     13.731489
      9.540000     11.609561
      9.560000     10.037348
      9.580000      9.462017
      9.600000     10.280780
      9.620000     12.266529
      9.640000     14.279203
      9.660000     15.013772
      9.680000     14.189320
      9.700000     12.701605
      9.720000     11.632781
      9.740000     11.472017
      9.760000     12.144192
      9.780000     13.235767
      9.800000     14.232073
      9.820000     14.951062
      9.840000     15.580073
      9.860000     16.090917
      9.880000     16.053033
      9.900000     15.224870
      9.920000     13.937436
      9.940000     12.748106
      9.960000     11.947250
      9.980000     11.483076
     10.000000     11.271464
