# EIG2DOS: Utility for SIESTA to obtain the electronic density of states
#
#                                                  Emilio Artacho, Apr. 1999
# --------------------------------------------------------------------------
# Nbands, Nspin, Nk   =    936     1   352
# E_F                 =    -5.9346 eV
# Broadening          =     0.0500 eV
# Number of electrons =   286.5455  286.9523 per cell
#
#        E            N
# --------------------------------------------------------------------------
    -10.000000      4.510014
     -9.980000      4.747246
     -9.960000      5.170272
     -9.940000      5.745166
     -9.920000      6.332798
     -9.900000      6.701534
     -9.880000      6.681516
     -9.860000      6.340165
     -9.840000      5.933352
     -9.820000      5.683479
     -9.800000      5.673710
     -9.780000      5.920861
     -9.760000      6.421089
     -9.740000      7.061643
     -9.720000      7.554681
     -9.700000      7.599854
     -9.680000      7.169782
     -9.660000      6.548289
     -9.640000      6.050335
     -9.620000      5.769564
     -9.600000      5.585039
     -9.580000      5.323115
     -9.560000      4.897396
     -9.540000      4.371529
     -9.520000      3.932851
     -9.500000      3.756523
     -9.480000      3.882121
     -9.460000      4.266034
     -9.440000      4.904062
     -9.420000      5.808618
     -9.400000      6.875105
     -9.380000      7.805321
     -9.360000      8.172969
     -9.340000      7.681712
     -9.320000      6.466162
     -9.300000      5.054837
     -9.280000      3.995661
     -9.260000      3.591469
     -9.240000      3.891885
     -9.220000      4.714616
     -9.200000      5.655370
     -9.180000      6.257876
     -9.160000      6.310560
     -9.140000      5.973883
     -9.120000      5.581433
     -9.100000      5.333704
     -9.080000      5.200786
     -9.060000      5.073912
     -9.040000      4.946218
     -9.020000      4.930617
     -9.000000      5.131430
     -8.980000      5.526655
     -8.960000      5.966127
     -8.940000      6.260962
     -8.920000      6.294817
     -8.900000      6.093868
     -8.880000      5.797638
     -8.860000      5.560594
     -8.840000      5.487229
     -8.820000      5.614232
     -8.800000      5.889947
     -8.780000      6.174906
     -8.760000      6.311209
     -8.740000      6.228608
     -8.720000      5.989883
     -8.700000      5.723638
     -8.680000      5.522898
     -8.660000      5.409792
     -8.640000      5.365925
     -8.620000      5.379985
     -8.600000      5.465588
     -8.580000      5.640630
     -8.560000      5.917466
     -8.540000      6.310217
     -8.520000      6.816334
     -8.500000      7.359420
     -8.480000      7.742018
     -8.460000      7.728411
     -8.440000      7.240615
     -8.420000      6.439509
     -8.400000      5.613595
     -8.380000      5.012249
     -8.360000      4.723328
     -8.340000      4.666843
     -8.320000      4.709118
     -8.300000      4.760985
     -8.280000      4.798840
     -8.260000      4.865258
     -8.240000      5.022410
     -8.220000      5.254591
     -8.200000      5.461550
     -8.180000      5.575081
     -8.160000      5.642450
     -8.140000      5.780070
     -8.120000      6.052186
     -8.100000      6.395601
     -8.080000      6.680924
     -8.060000      6.854665
     -8.040000      6.985589
     -8.020000      7.154534
     -8.000000      7.335738
     -7.980000      7.421450
     -7.960000      7.364874
     -7.940000      7.272248
     -7.920000      7.315610
     -7.900000      7.551606
     -7.880000      7.874162
     -7.860000      8.148430
     -7.840000      8.327187
     -7.820000      8.458520
     -7.800000      8.624898
     -7.780000      8.781028
     -7.760000      8.664486
     -7.740000      8.073478
     -7.720000      7.190377
     -7.700000      6.368558
     -7.680000      5.684267
     -7.660000      4.997188
     -7.640000      4.358074
     -7.620000      4.034429
     -7.600000      4.154845
     -7.580000      4.550998
     -7.560000      4.943315
     -7.540000      5.167821
     -7.520000      5.248506
     -7.500000      5.318296
     -7.480000      5.484062
     -7.460000      5.762699
     -7.440000      6.107109
     -7.420000      6.452283
     -7.400000      6.774957
     -7.380000      7.137053
     -7.360000      7.599740
     -7.340000      8.078475
     -7.320000      8.401175
     -7.300000      8.526605
     -7.280000      8.556397
     -7.260000      8.532470
     -7.240000      8.399904
     -7.220000      8.182116
     -7.200000      8.030392
     -7.180000      8.047717
     -7.160000      8.170402
     -7.140000      8.279263
     -7.120000      8.330574
     -7.100000      8.315344
     -7.080000      8.186808
     -7.060000      7.911428
     -7.040000      7.549532
     -7.020000      7.229303
     -7.000000      7.040628
     -6.980000      6.981112
     -6.960000      7.007671
     -6.940000      7.088786
     -6.920000      7.188114
     -6.900000      7.248713
     -6.880000      7.210837
     -6.860000      7.045988
     -6.840000      6.811847
     -6.820000      6.657693
     -6.800000      6.703780
     -6.780000      6.908102
     -6.760000      7.115837
     -6.740000      7.247350
     -6.720000      7.348002
     -6.700000      7.456206
     -6.680000      7.562370
     -6.660000      7.691367
     -6.640000      7.869920
     -6.620000      8.034028
     -6.600000      8.102249
     -6.580000      8.090631
     -6.560000      8.063905
     -6.540000      8.049677
     -6.520000      8.060735
     -6.500000      8.130899
     -6.480000      8.278081
     -6.460000      8.451351
     -6.440000      8.539107
     -6.420000      8.458438
     -6.400000      8.238715
     -6.380000      7.969046
     -6.360000      7.676157
     -6.340000      7.328093
     -6.320000      6.937027
     -6.300000      6.577297
     -6.280000      6.311739
     -6.260000      6.164083
     -6.240000      6.163296
     -6.220000      6.353209
     -6.200000      6.731671
     -6.180000      7.209723
     -6.160000      7.646452
     -6.140000      7.929666
     -6.120000      8.062489
     -6.100000      8.166801
     -6.080000      8.341642
     -6.060000      8.569296
     -6.040000      8.841219
     -6.020000      9.280619
     -6.000000     10.044810
     -5.980000     11.152959
     -5.960000     12.468279
     -5.940000     13.843209
     -5.920000     15.134685
     -5.900000     15.947654
     -5.880000     15.642632
     -5.860000     13.983825
     -5.840000     11.611840
     -5.820000      9.524524
     -5.800000      8.249530
     -5.780000      7.735588
     -5.760000      7.791188
     -5.740000      8.382495
     -5.720000      9.570107
     -5.700000     11.229180
     -5.680000     12.903390
     -5.660000     14.083150
     -5.640000     14.613855
     -5.620000     14.700693
     -5.600000     14.590093
     -5.580000     14.403179
     -5.560000     14.220351
     -5.540000     14.177831
     -5.520000     14.418495
     -5.500000     14.921868
     -5.480000     15.410266
     -5.460000     15.528564
     -5.440000     15.157395
     -5.420000     14.489177
     -5.400000     13.799126
     -5.380000     13.245699
     -5.360000     12.908555
     -5.340000     12.863651
     -5.320000     13.121953
     -5.300000     13.585621
     -5.280000     14.148416
     -5.260000     14.788761
     -5.240000     15.495269
     -5.220000     16.139631
     -5.200000     16.521416
     -5.180000     16.561231
     -5.160000     16.383731
     -5.140000     16.157251
     -5.120000     15.903083
     -5.100000     15.537349
     -5.080000     15.043691
     -5.060000     14.526311
     -5.040000     14.137213
     -5.020000     13.966730
     -5.000000     13.953902
     -4.980000     13.947706
     -4.960000     13.873918
     -4.940000     13.742890
     -4.920000     13.546469
     -4.900000     13.332536
     -4.880000     13.357837
     -4.860000     13.955620
     -4.840000     15.109496
     -4.820000     16.206457
     -4.800000     16.429205
     -4.780000     15.523324
     -4.760000     14.067449
     -4.740000     12.943444
     -4.720000     12.676191
     -4.700000     13.268941
     -4.680000     14.426617
     -4.660000     15.776070
     -4.640000     16.990034
     -4.620000     17.868374
     -4.600000     18.304415
     -4.580000     18.225826
     -4.560000     17.709589
     -4.540000     17.067125
     -4.520000     16.664054
     -4.500000     16.698073
     -4.480000     17.100787
     -4.460000     17.537599
     -4.440000     17.635613
     -4.420000     17.360324
     -4.400000     17.108809
     -4.380000     17.364897
     -4.360000     18.244644
     -4.340000     19.346902
     -4.320000     20.031623
     -4.300000     19.876575
     -4.280000     18.959364
     -4.260000     17.756813
     -4.240000     16.766491
     -4.220000     16.214464
     -4.200000     16.030508
     -4.180000     15.964439
     -4.160000     15.726387
     -4.140000     15.158350
     -4.120000     14.408481
     -4.100000     13.911966
     -4.080000     14.029972
     -4.060000     14.689929
     -4.040000     15.513850
     -4.020000     16.180027
     -4.000000     16.476793
     -3.980000     16.220814
     -3.960000     15.393891
     -3.940000     14.270667
     -3.920000     13.234318
     -3.900000     12.483701
     -3.880000     12.001027
     -3.860000     11.738739
     -3.840000     11.715245
     -3.820000     11.945417
     -3.800000     12.376473
     -3.780000     12.927502
     -3.760000     13.545331
     -3.740000     14.175162
     -3.720000     14.726211
     -3.700000     15.144630
     -3.680000     15.458742
     -3.660000     15.631846
     -3.640000     15.415658
     -3.620000     14.522387
     -3.600000     13.017449
     -3.580000     11.426226
     -3.560000     10.306221
     -3.540000      9.760544
     -3.520000      9.479880
     -3.500000      9.195628
     -3.480000      9.007263
     -3.460000      9.274046
     -3.440000     10.181688
     -3.420000     11.424357
     -3.400000     12.338420
     -3.380000     12.364895
     -3.360000     11.449703
     -3.340000     10.061405
     -3.320000      8.837862
     -3.300000      8.205096
     -3.280000      8.218407
     -3.260000      8.615300
     -3.240000      9.052890
     -3.220000      9.401902
     -3.200000      9.773559
     -3.180000     10.230941
     -3.160000     10.585825
     -3.140000     10.536292
     -3.120000      9.953786
     -3.100000      9.039562
     -3.080000      8.217751
     -3.060000      7.833535
     -3.040000      7.945050
     -3.020000      8.386053
     -3.000000      8.930917
     -2.980000      9.365820
     -2.960000      9.516723
     -2.940000      9.342298
     -2.920000      9.012737
     -2.900000      8.828270
     -2.880000      9.000935
     -2.860000      9.476879
     -2.840000      9.953422
     -2.820000     10.093149
     -2.800000      9.797350
     -2.780000      9.324222
     -2.760000      9.098898
     -2.740000      9.378473
     -2.720000     10.120684
     -2.700000     11.111391
     -2.680000     12.104830
     -2.660000     12.854600
     -2.640000     13.161265
     -2.620000     12.994356
     -2.600000     12.515078
     -2.580000     11.924648
     -2.560000     11.339224
     -2.540000     10.794591
     -2.520000     10.264652
     -2.500000      9.708262
     -2.480000      9.210019
     -2.460000      9.010405
     -2.440000      9.298795
     -2.420000     10.059539
     -2.400000     11.133148
     -2.380000     12.223241
     -2.360000     12.835846
     -2.340000     12.538546
     -2.320000     11.436628
     -2.300000     10.206307
     -2.280000      9.519051
     -2.260000      9.512630
     -2.240000      9.879191
     -2.220000     10.307823
     -2.200000     10.688308
     -2.180000     11.009434
     -2.160000     11.253610
     -2.140000     11.397363
     -2.120000     11.440282
     -2.100000     11.387433
     -2.080000     11.211074
     -2.060000     10.901211
     -2.040000     10.561467
     -2.020000     10.377557
     -2.000000     10.481629
     -1.980000     10.866728
     -1.960000     11.389480
     -1.940000     11.863821
     -1.920000     12.223545
     -1.900000     12.565918
     -1.880000     12.935776
     -1.860000     13.105244
     -1.840000     12.725737
     -1.820000     11.717305
     -1.800000     10.415508
     -1.780000      9.369478
     -1.760000      9.049735
     -1.740000      9.606813
     -1.720000     10.743049
     -1.700000     11.853419
     -1.680000     12.406318
     -1.660000     12.240107
     -1.640000     11.563263
     -1.620000     10.797961
     -1.600000     10.422861
     -1.580000     10.731133
     -1.560000     11.571822
     -1.540000     12.447549
     -1.520000     12.975232
     -1.500000     13.157156
     -1.480000     13.176447
     -1.460000     13.080202
     -1.440000     12.734529
     -1.420000     12.008767
     -1.400000     10.979513
     -1.380000      9.993362
     -1.360000      9.480164
     -1.340000      9.627481
     -1.320000     10.221853
     -1.300000     10.822431
     -1.280000     11.112946
     -1.260000     11.107638
     -1.240000     11.050344
     -1.220000     11.151660
     -1.200000     11.417098
     -1.180000     11.689582
     -1.160000     11.809288
     -1.140000     11.742089
     -1.120000     11.653383
     -1.100000     11.860439
     -1.080000     12.585340
     -1.060000     13.708382
     -1.040000     14.790243
     -1.020000     15.312985
     -1.000000     14.928939
     -0.980000     13.645602
     -0.960000     11.859773
     -0.940000     10.106939
     -0.920000      8.726600
     -0.900000      7.805868
     -0.880000      7.360216
     -0.860000      7.444209
     -0.840000      8.066216
     -0.820000      9.009585
     -0.800000      9.807963
     -0.780000     10.061852
     -0.760000      9.788614
     -0.740000      9.252784
     -0.720000      8.525403
     -0.700000      7.544316
     -0.680000      6.472221
     -0.660000      5.610510
     -0.640000      5.063637
     -0.620000      4.740528
     -0.600000      4.588122
     -0.580000      4.656109
     -0.560000      4.960536
     -0.540000      5.376407
     -0.520000      5.699438
     -0.500000      5.802322
     -0.480000      5.705802
     -0.460000      5.507958
     -0.440000      5.296879
     -0.420000      5.135606
     -0.400000      5.078858
     -0.380000      5.192357
     -0.360000      5.549628
     -0.340000      6.150858
     -0.320000      6.859818
     -0.300000      7.547159
     -0.280000      8.309910
     -0.260000      9.394478
     -0.240000     10.837025
     -0.220000     12.291441
     -0.200000     13.285842
     -0.180000     13.568180
     -0.160000     13.156229
     -0.140000     12.196313
     -0.120000     10.909289
     -0.100000      9.615954
     -0.080000      8.671266
     -0.060000      8.267536
     -0.040000      8.271264
     -0.020000      8.294219
      0.000000      7.988941
      0.020000      7.305994
      0.040000      6.464309
      0.060000      5.718023
      0.080000      5.206928
      0.100000      4.967467
      0.120000      4.968819
      0.140000      5.123257
      0.160000      5.318645
      0.180000      5.458068
      0.200000      5.474209
      0.220000      5.359546
      0.240000      5.214353
      0.260000      5.197787
      0.280000      5.361305
      0.300000      5.562610
      0.320000      5.577218
      0.340000      5.290588
      0.360000      4.814299
      0.380000      4.403652
      0.400000      4.205909
      0.420000      4.096211
      0.440000      3.784275
      0.460000      3.090140
      0.480000      2.124957
      0.500000      1.199322
      0.520000      0.574223
      0.540000      0.328777
      0.560000      0.423485
      0.580000      0.802695
      0.600000      1.412553
      0.620000      2.146056
      0.640000      2.788676
      0.660000      3.085709
      0.680000      2.945101
      0.700000      2.534315
      0.720000      2.134696
      0.740000      1.960992
      0.760000      2.105149
      0.780000      2.543848
      0.800000      3.153672
      0.820000      3.734146
      0.840000      4.068166
      0.860000      4.043967
      0.880000      3.743993
      0.900000      3.371619
      0.920000      3.073553
      0.940000      2.849833
      0.960000      2.633127
      0.980000      2.415672
      1.000000      2.251180
      1.020000      2.152270
      1.040000      2.065826
      1.060000      1.960847
      1.080000      1.868355
      1.100000      1.812761
      1.120000      1.763994
      1.140000      1.689451
      1.160000      1.608193
      1.180000      1.553261
      1.200000      1.513817
      1.220000      1.457865
      1.240000      1.387610
      1.260000      1.330296
      1.280000      1.289966
      1.300000      1.245249
      1.320000      1.186930
      1.340000      1.129305
      1.360000      1.084406
      1.380000      1.044562
      1.400000      0.996380
      1.420000      0.941095
      1.440000      0.891981
      1.460000      0.853120
      1.480000      0.811903
      1.500000      0.759692
      1.520000      0.708041
      1.540000      0.668155
      1.560000      0.626461
      1.580000      0.564806
      1.600000      0.491190
      1.620000      0.422824
      1.640000      0.358326
      1.660000      0.294787
      1.680000      0.245492
      1.700000      0.215731
      1.720000      0.189751
      1.740000      0.157283
      1.760000      0.126787
      1.780000      0.107064
      1.800000      0.096844
      1.820000      0.093586
      1.840000      0.099222
      1.860000      0.115443
      1.880000      0.138930
      1.900000      0.163422
      1.920000      0.185543
      1.940000      0.207819
      1.960000      0.234052
      1.980000      0.261425
      2.000000      0.283873
      2.020000      0.304078
      2.040000      0.330217
      2.060000      0.359896
      2.080000      0.383905
      2.100000      0.407258
      2.120000      0.446910
      2.140000      0.508136
      2.160000      0.582958
      2.180000      0.667932
      2.200000      0.760666
      2.220000      0.844699
      2.240000      0.905070
      2.260000      0.953949
      2.280000      1.011036
      2.300000      1.069536
      2.320000      1.117328
      2.340000      1.167713
      2.360000      1.230379
      2.380000      1.289328
      2.400000      1.339872
      2.420000      1.399847
      2.440000      1.469106
      2.460000      1.530442
      2.480000      1.588521
      2.500000      1.659129
      2.520000      1.736399
      2.540000      1.807552
      2.560000      1.878224
      2.580000      1.962578
      2.600000      2.064013
      2.620000      2.177265
      2.640000      2.307948
      2.660000      2.469481
      2.680000      2.650652
      2.700000      2.821902
      2.720000      2.986945
      2.740000      3.183820
      2.760000      3.407541
      2.780000      3.562758
      2.800000      3.546592
      2.820000      3.381623
      2.840000      3.207355
      2.860000      3.132276
      2.880000      3.163591
      2.900000      3.274435
      2.920000      3.444944
      2.940000      3.616637
      2.960000      3.670037
      2.980000      3.504689
      3.000000      3.173911
      3.020000      2.921730
      3.040000      3.020297
      3.060000      3.538891
      3.080000      4.267963
      3.100000      4.842192
      3.120000      4.969705
      3.140000      4.669209
      3.160000      4.338999
      3.180000      4.472379
      3.200000      5.211917
      3.220000      6.280779
      3.240000      7.383756
      3.260000      8.490077
      3.280000      9.670904
      3.300000     10.855285
      3.320000     11.831451
      3.340000     12.380435
      3.360000     12.352997
      3.380000     11.713797
      3.400000     10.627676
      3.420000      9.446718
      3.440000      8.468318
      3.460000      7.754447
      3.480000      7.276319
      3.500000      7.063774
      3.520000      7.087782
      3.540000      7.175354
      3.560000      7.154185
      3.580000      6.979409
      3.600000      6.695140
      3.620000      6.373711
      3.640000      6.128370
      3.660000      6.102258
      3.680000      6.340340
      3.700000      6.678269
      3.720000      6.860804
      3.740000      6.793813
      3.760000      6.601598
      3.780000      6.445841
      3.800000      6.386612
      3.820000      6.400421
      3.840000      6.423768
      3.860000      6.377805
      3.880000      6.223765
      3.900000      6.005432
      3.920000      5.810567
      3.940000      5.689015
      3.960000      5.637440
      3.980000      5.665288
      4.000000      5.814033
      4.020000      6.100486
      4.040000      6.481787
      4.060000      6.860131
      4.080000      7.106211
      4.100000      7.092670
      4.120000      6.725586
      4.140000      6.004290
      4.160000      5.077742
      4.180000      4.206988
      4.200000      3.665585
      4.220000      3.639940
      4.240000      4.120999
      4.260000      4.862175
      4.280000      5.515763
      4.300000      5.839278
      4.320000      5.763606
      4.340000      5.346406
      4.360000      4.728839
      4.380000      4.078072
      4.400000      3.517532
      4.420000      3.122830
      4.440000      2.967454
      4.460000      3.121830
      4.480000      3.573204
      4.500000      4.151874
      4.520000      4.591095
      4.540000      4.716578
      4.560000      4.586616
      4.580000      4.418541
      4.600000      4.361184
      4.620000      4.384403
      4.640000      4.407247
      4.660000      4.430432
      4.680000      4.495998
      4.700000      4.599507
      4.720000      4.682122
      4.740000      4.694370
      4.760000      4.663412
      4.780000      4.684912
      4.800000      4.845742
      4.820000      5.152493
      4.840000      5.498045
      4.860000      5.687140
      4.880000      5.561599
      4.900000      5.147147
      4.920000      4.649494
      4.940000      4.304296
      4.960000      4.249338
      4.980000      4.480542
      5.000000      4.862091
      5.020000      5.214978
      5.040000      5.442144
      5.060000      5.542582
      5.080000      5.515482
      5.100000      5.324412
      5.120000      4.969293
      5.140000      4.537706
      5.160000      4.158012
      5.180000      3.911988
      5.200000      3.796917
      5.220000      3.766229
      5.240000      3.781432
      5.260000      3.813239
      5.280000      3.838530
      5.300000      3.868890
      5.320000      3.947367
      5.340000      4.093698
      5.360000      4.280836
      5.380000      4.463787
      5.400000      4.586676
      5.420000      4.571363
      5.440000      4.354474
      5.460000      3.946426
      5.480000      3.445946
      5.500000      3.004059
      5.520000      2.750005
      5.540000      2.730557
      5.560000      2.934577
      5.580000      3.336376
      5.600000      3.855536
      5.620000      4.312052
      5.640000      4.494316
      5.660000      4.311569
      5.680000      3.899090
      5.700000      3.538211
      5.720000      3.431857
      5.740000      3.575690
      5.760000      3.832822
      5.780000      4.077332
      5.800000      4.271737
      5.820000      4.438901
      5.840000      4.570791
      5.860000      4.606927
      5.880000      4.520700
      5.900000      4.366924
      5.920000      4.216345
      5.940000      4.090423
      5.960000      3.984960
      5.980000      3.911764
      6.000000      3.881299
      6.020000      3.876286
      6.040000      3.873912
      6.060000      3.878490
      6.080000      3.906269
      6.100000      3.938830
      6.120000      3.919169
      6.140000      3.812628
      6.160000      3.651698
      6.180000      3.496434
      6.200000      3.376504
      6.220000      3.302621
      6.240000      3.295025
      6.260000      3.355837
      6.280000      3.435313
      6.300000      3.459458
      6.320000      3.395447
      6.340000      3.270880
      6.360000      3.126543
      6.380000      2.994759
      6.400000      2.927155
      6.420000      2.973218
      6.440000      3.115798
      6.460000      3.280774
      6.480000      3.406721
      6.500000      3.464631
      6.520000      3.437485
      6.540000      3.334071
      6.560000      3.219044
      6.580000      3.185654
      6.600000      3.268930
      6.620000      3.404515
      6.640000      3.502961
      6.660000      3.536420
      6.680000      3.524129
      6.700000      3.488949
      6.720000      3.463781
      6.740000      3.474817
      6.760000      3.491171
      6.780000      3.459877
      6.800000      3.401503
      6.820000      3.393141
      6.840000      3.457990
      6.860000      3.551003
      6.880000      3.641459
      6.900000      3.735099
      6.920000      3.813296
      6.940000      3.805208
      6.960000      3.651470
      6.980000      3.380597
      7.000000      3.096489
      7.020000      2.891465
      7.040000      2.787772
      7.060000      2.754924
      7.080000      2.742267
      7.100000      2.693599
      7.120000      2.592266
      7.140000      2.502259
      7.160000      2.500307
      7.180000      2.571139
      7.200000      2.637786
      7.220000      2.672109
      7.240000      2.710951
      7.260000      2.782282
      7.280000      2.857866
      7.300000      2.891406
      7.320000      2.895010
      7.340000      2.944099
      7.360000      3.090759
      7.380000      3.296546
      7.400000      3.465959
      7.420000      3.530345
      7.440000      3.497842
      7.460000      3.443388
      7.480000      3.431472
      7.500000      3.418024
      7.520000      3.278048
      7.540000      2.978646
      7.560000      2.664032
      7.580000      2.515410
      7.600000      2.571521
      7.620000      2.729963
      7.640000      2.888862
      7.660000      3.015161
      7.680000      3.085536
      7.700000      3.071267
      7.720000      3.003451
      7.740000      2.967507
      7.760000      3.024173
      7.780000      3.175407
      7.800000      3.392391
      7.820000      3.640688
      7.840000      3.861752
      7.860000      3.958642
      7.880000      3.848688
      7.900000      3.532304
      7.920000      3.092841
      7.940000      2.644376
      7.960000      2.286038
      7.980000      2.073090
      8.000000      2.009498
      8.020000      2.076607
      8.040000      2.256624
      8.060000      2.507197
      8.080000      2.750627
      8.100000      2.932830
      8.120000      3.054897
      8.140000      3.115817
      8.160000      3.092703
      8.180000      3.006633
      8.200000      2.926344
      8.220000      2.886823
      8.240000      2.868310
      8.260000      2.843065
      8.280000      2.786624
      8.300000      2.674092
      8.320000      2.532114
      8.340000      2.478976
      8.360000      2.647360
      8.380000      3.052418
      8.400000      3.569631
      8.420000      4.039018
      8.440000      4.345474
      8.460000      4.428667
      8.480000      4.304207
      8.500000      4.063917
      8.520000      3.806344
      8.540000      3.587278
      8.560000      3.422112
      8.580000      3.292434
      8.600000      3.174304
      8.620000      3.066124
      8.640000      2.962319
      8.660000      2.831705
      8.680000      2.654217
      8.700000      2.458183
      8.720000      2.299902
      8.740000      2.208623
      8.760000      2.167775
      8.780000      2.148433
      8.800000      2.135897
      8.820000      2.133286
      8.840000      2.170893
      8.860000      2.291865
      8.880000      2.484346
      8.900000      2.628818
      8.920000      2.550658
      8.940000      2.157373
      8.960000      1.533832
      8.980000      0.893011
      9.000000      0.425894
      9.020000      0.212503
      9.040000      0.288997
      9.060000      0.783046
      9.080000      1.941760
      9.100000      3.955462
      9.120000      6.685728
      9.140000      9.598879
      9.160000     12.084421
      9.180000     13.860884
      9.200000     14.960201
      9.220000     15.333886
      9.240000     14.786643
      9.260000     13.543321
      9.280000     12.564788
      9.300000     12.764255
      9.320000     13.989286
      9.340000     15.260548
      9.360000     15.890869
      9.380000     15.875037
      9.400000     15.453687
      9.420000     14.925641
      9.440000     14.735727
      9.460000     15.261594
      9.480000     16.477621
      9.500000     17.924695
      9.520000     19.006931
      9.540000     19.392495
      9.560000     19.163246
      9.580000     18.578421
      9.600000     17.859836
      9.620000     17.270800
      9.640000     17.119632
      9.660000     17.438364
      9.680000     17.788806
      9.700000     17.611450
      9.720000     16.715238
      9.740000     15.343568
      9.760000     13.955644
      9.780000     13.034247
      9.800000     12.883075
      9.820000     13.449697
      9.840000     14.361123
      9.860000     15.180003
      9.880000     15.691803
      9.900000     16.015437
      9.920000     16.460624
      9.940000     17.224389
      9.960000     18.163493
      9.980000     18.885203
     10.000000     19.096152
