# EIG2DOS: Utility for SIESTA to obtain the electronic density of states
#
#                                                  Emilio Artacho, Apr. 1999
# --------------------------------------------------------------------------
# Nbands, Nspin, Nk   =    936     1   352
# E_F                 =    -5.1319 eV
# Broadening          =     0.0500 eV
# Number of electrons =   301.6818  301.9486 per cell
#
#        E            N
# --------------------------------------------------------------------------
    -10.000000      4.576776
     -9.980000      4.613527
     -9.960000      4.552420
     -9.940000      4.527663
     -9.920000      4.735444
     -9.900000      5.318506
     -9.880000      6.236235
     -9.860000      7.211277
     -9.840000      7.877261
     -9.820000      8.021366
     -9.800000      7.703058
     -9.780000      7.186709
     -9.760000      6.755222
     -9.740000      6.532758
     -9.720000      6.443327
     -9.700000      6.318758
     -9.680000      6.067845
     -9.660000      5.776009
     -9.640000      5.648360
     -9.620000      5.832396
     -9.600000      6.257960
     -9.580000      6.664779
     -9.560000      6.814663
     -9.540000      6.668496
     -9.520000      6.388686
     -9.500000      6.203401
     -9.480000      6.237747
     -9.460000      6.455365
     -9.440000      6.762096
     -9.420000      7.112704
     -9.400000      7.447829
     -9.380000      7.583145
     -9.360000      7.334167
     -9.340000      6.764532
     -9.320000      6.146481
     -9.300000      5.710118
     -9.280000      5.561062
     -9.260000      5.732089
     -9.240000      6.200761
     -9.220000      6.886721
     -9.200000      7.631816
     -9.180000      8.207327
     -9.160000      8.413697
     -9.140000      8.188527
     -9.120000      7.625162
     -9.100000      6.916470
     -9.080000      6.283117
     -9.060000      5.921093
     -9.040000      5.919427
     -9.020000      6.151137
     -9.000000      6.334716
     -8.980000      6.301548
     -8.960000      6.125582
     -8.940000      5.974479
     -8.920000      5.967683
     -8.900000      6.157107
     -8.880000      6.507440
     -8.860000      6.898761
     -8.840000      7.207492
     -8.820000      7.379576
     -8.800000      7.429333
     -8.780000      7.394870
     -8.760000      7.277939
     -8.740000      7.028983
     -8.720000      6.647016
     -8.700000      6.272131
     -8.680000      6.109643
     -8.660000      6.270664
     -8.640000      6.694198
     -8.620000      7.174010
     -8.600000      7.462099
     -8.580000      7.443632
     -8.560000      7.253011
     -8.540000      7.132822
     -8.520000      7.162004
     -8.500000      7.216645
     -8.480000      7.185657
     -8.460000      7.107818
     -8.440000      7.067787
     -8.420000      7.065151
     -8.400000      7.070816
     -8.380000      7.113381
     -8.360000      7.190302
     -8.340000      7.184182
     -8.320000      6.996378
     -8.300000      6.715811
     -8.280000      6.545589
     -8.260000      6.565352
     -8.240000      6.671485
     -8.220000      6.772746
     -8.200000      6.917712
     -8.180000      7.171826
     -8.160000      7.462109
     -8.140000      7.624588
     -8.120000      7.594198
     -8.100000      7.468050
     -8.080000      7.341661
     -8.060000      7.203530
     -8.040000      7.073219
     -8.020000      7.082464
     -8.000000      7.302223
     -7.980000      7.607950
     -7.960000      7.806922
     -7.940000      7.831793
     -7.920000      7.747997
     -7.900000      7.623081
     -7.880000      7.478050
     -7.860000      7.349093
     -7.840000      7.278539
     -7.820000      7.241720
     -7.800000      7.209891
     -7.780000      7.246499
     -7.760000      7.403634
     -7.740000      7.596709
     -7.720000      7.677883
     -7.700000      7.563533
     -7.680000      7.272324
     -7.660000      6.920618
     -7.640000      6.689084
     -7.620000      6.717080
     -7.600000      6.997281
     -7.580000      7.408102
     -7.560000      7.827718
     -7.540000      8.151022
     -7.520000      8.253828
     -7.500000      8.079637
     -7.480000      7.770879
     -7.460000      7.596064
     -7.440000      7.691110
     -7.420000      7.941125
     -7.400000      8.148779
     -7.380000      8.220033
     -7.360000      8.150349
     -7.340000      7.975655
     -7.320000      7.805168
     -7.300000      7.763170
     -7.280000      7.840473
     -7.260000      7.909683
     -7.240000      7.907297
     -7.220000      7.911122
     -7.200000      8.011171
     -7.180000      8.175717
     -7.160000      8.294063
     -7.140000      8.314439
     -7.120000      8.303716
     -7.100000      8.377354
     -7.080000      8.583228
     -7.060000      8.889096
     -7.040000      9.324325
     -7.020000     10.063910
     -7.000000     11.223066
     -6.980000     12.587180
     -6.960000     13.727290
     -6.940000     14.408202
     -6.920000     14.737669
     -6.900000     14.879199
     -6.880000     14.741806
     -6.860000     14.098012
     -6.840000     13.045602
     -6.820000     12.185728
     -6.800000     12.129631
     -6.780000     12.867253
     -6.760000     13.783074
     -6.740000     14.241668
     -6.720000     14.049549
     -6.700000     13.438839
     -6.680000     12.760921
     -6.660000     12.238890
     -6.640000     11.930617
     -6.620000     11.792668
     -6.600000     11.754003
     -6.580000     11.840512
     -6.560000     12.219251
     -6.540000     12.989895
     -6.520000     14.004591
     -6.500000     15.038765
     -6.480000     16.009153
     -6.460000     16.866158
     -6.440000     17.425147
     -6.420000     17.502136
     -6.400000     17.156067
     -6.380000     16.621523
     -6.360000     15.989698
     -6.340000     15.148165
     -6.320000     14.121833
     -6.300000     13.293895
     -6.280000     13.146462
     -6.260000     13.791696
     -6.240000     14.773239
     -6.220000     15.406679
     -6.200000     15.358526
     -6.180000     14.790008
     -6.160000     14.035564
     -6.140000     13.429440
     -6.120000     13.355078
     -6.100000     14.060203
     -6.080000     15.337800
     -6.060000     16.625947
     -6.040000     17.512977
     -6.020000     18.039520
     -6.000000     18.478045
     -5.980000     18.951449
     -5.960000     19.383475
     -5.940000     19.711258
     -5.920000     19.943534
     -5.900000     20.100375
     -5.880000     20.308817
     -5.860000     20.769309
     -5.840000     21.332606
     -5.820000     21.338278
     -5.800000     20.227436
     -5.780000     18.182134
     -5.760000     15.979350
     -5.740000     14.360940
     -5.720000     13.573200
     -5.700000     13.342433
     -5.680000     13.215780
     -5.660000     12.925333
     -5.640000     12.486689
     -5.620000     12.082864
     -5.600000     11.886925
     -5.580000     11.966736
     -5.560000     12.364138
     -5.540000     13.093168
     -5.520000     13.925775
     -5.500000     14.439549
     -5.480000     14.440251
     -5.460000     14.145662
     -5.440000     13.919120
     -5.420000     13.953426
     -5.400000     14.170689
     -5.380000     14.354312
     -5.360000     14.435395
     -5.340000     14.649695
     -5.320000     15.279565
     -5.300000     16.255181
     -5.280000     17.202738
     -5.260000     17.831088
     -5.240000     18.033105
     -5.220000     17.730259
     -5.200000     16.895477
     -5.180000     15.673022
     -5.160000     14.372268
     -5.140000     13.346904
     -5.120000     12.777179
     -5.100000     12.549757
     -5.080000     12.424794
     -5.060000     12.247509
     -5.040000     12.000535
     -5.020000     11.808750
     -5.000000     11.853409
     -4.980000     12.173813
     -4.960000     12.627105
     -4.940000     13.020522
     -4.920000     13.167514
     -4.900000     12.914469
     -4.880000     12.260577
     -4.860000     11.427954
     -4.840000     10.756336
     -4.820000     10.500575
     -4.800000     10.699496
     -4.780000     11.199009
     -4.760000     11.746758
     -4.740000     12.099906
     -4.720000     12.127137
     -4.700000     11.816353
     -4.680000     11.247956
     -4.660000     10.630123
     -4.640000     10.232440
     -4.620000     10.186405
     -4.600000     10.469466
     -4.580000     11.120878
     -4.560000     12.246032
     -4.540000     13.684408
     -4.520000     14.921158
     -4.500000     15.522858
     -4.480000     15.514879
     -4.460000     15.268899
     -4.440000     15.178897
     -4.420000     15.379222
     -4.400000     15.565303
     -4.380000     15.192081
     -4.360000     14.030335
     -4.340000     12.460517
     -4.320000     11.144279
     -4.300000     10.447106
     -4.280000     10.224749
     -4.260000     10.145773
     -4.240000     10.066090
     -4.220000     10.005269
     -4.200000      9.960093
     -4.180000      9.916049
     -4.160000      9.919690
     -4.140000     10.016000
     -4.120000     10.169277
     -4.100000     10.301109
     -4.080000     10.407883
     -4.060000     10.603439
     -4.040000     10.965427
     -4.020000     11.358111
     -4.000000     11.536231
     -3.980000     11.414947
     -3.960000     11.090814
     -3.940000     10.630557
     -3.920000     10.022438
     -3.900000      9.336089
     -3.880000      8.767610
     -3.860000      8.453295
     -3.840000      8.331052
     -3.820000      8.302276
     -3.800000      8.468409
     -3.780000      9.066502
     -3.760000     10.205803
     -3.740000     11.721788
     -3.720000     13.183342
     -3.700000     14.077928
     -3.680000     14.215740
     -3.660000     13.941193
     -3.640000     13.789895
     -3.620000     13.998297
     -3.600000     14.369580
     -3.580000     14.457961
     -3.560000     13.893206
     -3.540000     12.695257
     -3.520000     11.299081
     -3.500000     10.199848
     -3.480000      9.578505
     -3.460000      9.278229
     -3.440000      9.084654
     -3.420000      8.978261
     -3.400000      9.079816
     -3.380000      9.371935
     -3.360000      9.621478
     -3.340000      9.679850
     -3.320000      9.742901
     -3.300000     10.132322
     -3.280000     10.800950
     -3.260000     11.230798
     -3.240000     11.002509
     -3.220000     10.356974
     -3.200000      9.951072
     -3.180000     10.111179
     -3.160000     10.536952
     -3.140000     10.744256
     -3.120000     10.646409
     -3.100000     10.578172
     -3.080000     10.785675
     -3.060000     11.148881
     -3.040000     11.554895
     -3.020000     12.226414
     -3.000000     13.329444
     -2.980000     14.457716
     -2.960000     14.899136
     -2.940000     14.363153
     -2.920000     13.167093
     -2.900000     11.786081
     -2.880000     10.488359
     -2.860000      9.351183
     -2.840000      8.433652
     -2.820000      7.880265
     -2.800000      7.780351
     -2.780000      7.905755
     -2.760000      7.784926
     -2.740000      7.187562
     -2.720000      6.432290
     -2.700000      6.068457
     -2.680000      6.290870
     -2.660000      6.779398
     -2.640000      7.093307
     -2.620000      7.116722
     -2.600000      7.071127
     -2.580000      7.117086
     -2.560000      7.073894
     -2.540000      6.686234
     -2.520000      6.056206
     -2.500000      5.554313
     -2.480000      5.341549
     -2.460000      5.216135
     -2.440000      4.958622
     -2.420000      4.656425
     -2.400000      4.603242
     -2.380000      4.923767
     -2.360000      5.374821
     -2.340000      5.623247
     -2.320000      5.703703
     -2.300000      5.986383
     -2.280000      6.622114
     -2.260000      7.251604
     -2.240000      7.438456
     -2.220000      7.236555
     -2.200000      7.091054
     -2.180000      7.232139
     -2.160000      7.414812
     -2.140000      7.326588
     -2.120000      7.075136
     -2.100000      7.075437
     -2.080000      7.472356
     -2.060000      7.923795
     -2.040000      8.106278
     -2.020000      8.228566
     -2.000000      8.771681
     -1.980000      9.790986
     -1.960000     10.800373
     -1.940000     11.428606
     -1.920000     11.780892
     -1.900000     11.915411
     -1.880000     11.462029
     -1.860000     10.147335
     -1.840000      8.327300
     -1.820000      6.724556
     -1.800000      5.922115
     -1.780000      6.237747
     -1.760000      7.719717
     -1.740000      9.928470
     -1.720000     11.912545
     -1.700000     12.781723
     -1.680000     12.317194
     -1.660000     10.929678
     -1.640000      9.217127
     -1.620000      7.704770
     -1.600000      6.776948
     -1.580000      6.581439
     -1.560000      6.976976
     -1.540000      7.603690
     -1.520000      8.044355
     -1.500000      8.067124
     -1.480000      7.766054
     -1.460000      7.391125
     -1.440000      7.064790
     -1.420000      6.737958
     -1.400000      6.365004
     -1.380000      5.996012
     -1.360000      5.709390
     -1.340000      5.568674
     -1.320000      5.633198
     -1.300000      5.888255
     -1.280000      6.149413
     -1.260000      6.153695
     -1.240000      5.792414
     -1.220000      5.186303
     -1.200000      4.542270
     -1.180000      4.014547
     -1.160000      3.672414
     -1.140000      3.522256
     -1.120000      3.547243
     -1.100000      3.722456
     -1.080000      3.993557
     -1.060000      4.273933
     -1.040000      4.475254
     -1.020000      4.539853
     -1.000000      4.467118
     -0.980000      4.319628
     -0.960000      4.184865
     -0.940000      4.117763
     -0.920000      4.106308
     -0.900000      4.073331
     -0.880000      3.925981
     -0.860000      3.630952
     -0.840000      3.233836
     -0.820000      2.805559
     -0.800000      2.404726
     -0.780000      2.084624
     -0.760000      1.890231
     -0.740000      1.846446
     -0.720000      1.973564
     -0.700000      2.322444
     -0.680000      3.014218
     -0.660000      4.279094
     -0.640000      6.433990
     -0.620000      9.602243
     -0.600000     13.100119
     -0.580000     15.242831
     -0.560000     14.541549
     -0.540000     11.311709
     -0.520000      7.476138
     -0.500000      4.765745
     -0.480000      3.636838
     -0.460000      3.618140
     -0.440000      3.988984
     -0.420000      4.158998
     -0.400000      3.862745
     -0.380000      3.204962
     -0.360000      2.481922
     -0.340000      1.911811
     -0.320000      1.538304
     -0.300000      1.326373
     -0.280000      1.233531
     -0.260000      1.194731
     -0.240000      1.142549
     -0.220000      1.070039
     -0.200000      1.020820
     -0.180000      1.009873
     -0.160000      1.005843
     -0.140000      1.005567
     -0.120000      1.084312
     -0.100000      1.348016
     -0.080000      1.865253
     -0.060000      2.659966
     -0.040000      3.677557
     -0.020000      4.670194
      0.000000      5.230504
      0.020000      5.103652
      0.040000      4.433846
      0.060000      3.618230
      0.080000      2.963003
      0.100000      2.528803
      0.120000      2.234333
      0.140000      2.007852
      0.160000      1.834832
      0.180000      1.715983
      0.200000      1.620598
      0.220000      1.510725
      0.240000      1.397809
      0.260000      1.319008
      0.280000      1.264375
      0.300000      1.191418
      0.320000      1.102300
      0.340000      1.035168
      0.360000      0.989711
      0.380000      0.933093
      0.400000      0.863551
      0.420000      0.803883
      0.440000      0.754771
      0.460000      0.704084
      0.480000      0.651977
      0.500000      0.598937
      0.520000      0.543372
      0.540000      0.494483
      0.560000      0.455640
      0.580000      0.412125
      0.600000      0.361083
      0.620000      0.319983
      0.640000      0.286816
      0.660000      0.236486
      0.680000      0.168616
      0.700000      0.115121
      0.720000      0.095681
      0.740000      0.099312
      0.760000      0.109934
      0.780000      0.125996
      0.800000      0.149995
      0.820000      0.173795
      0.840000      0.188499
      0.860000      0.204402
      0.880000      0.242256
      0.900000      0.302715
      0.920000      0.364175
      0.940000      0.414480
      0.960000      0.465025
      0.980000      0.525135
      1.000000      0.580491
      1.020000      0.616995
      1.040000      0.652036
      1.060000      0.709498
      1.080000      0.773977
      1.100000      0.813525
      1.120000      0.840806
      1.140000      0.895917
      1.160000      0.971017
      1.180000      1.019038
      1.200000      1.041466
      1.220000      1.090317
      1.240000      1.171357
      1.260000      1.231654
      1.280000      1.259120
      1.300000      1.302888
      1.320000      1.379724
      1.340000      1.449842
      1.360000      1.495030
      1.380000      1.542516
      1.400000      1.609650
      1.420000      1.683102
      1.440000      1.749370
      1.460000      1.812676
      1.480000      1.883180
      1.500000      1.960033
      1.520000      2.039944
      1.540000      2.136215
      1.560000      2.261451
      1.580000      2.407879
      1.600000      2.581009
      1.620000      2.823676
      1.640000      3.158163
      1.660000      3.511436
      1.680000      3.735632
      1.700000      3.726269
      1.720000      3.500853
      1.740000      3.143621
      1.760000      2.745693
      1.780000      2.460251
      1.800000      2.501840
      1.820000      2.965362
      1.840000      3.697428
      1.860000      4.385178
      1.880000      4.746113
      1.900000      4.721816
      1.920000      4.528076
      1.940000      4.433485
      1.960000      4.511498
      1.980000      4.647247
      2.000000      4.723389
      2.020000      4.754185
      2.040000      4.842345
      2.060000      5.041149
      2.080000      5.306941
      2.100000      5.579221
      2.120000      5.834203
      2.140000      6.034289
      2.160000      6.114303
      2.180000      6.079406
      2.200000      6.065155
      2.220000      6.277774
      2.240000      6.935491
      2.260000      8.230476
      2.280000     10.155039
      2.300000     12.268193
      2.320000     13.785941
      2.340000     14.115938
      2.360000     13.332220
      2.380000     12.021080
      2.400000     10.707824
      2.420000      9.586592
      2.440000      8.722228
      2.460000      8.216803
      2.480000      8.059351
      2.500000      7.979097
      2.520000      7.614097
      2.540000      6.842260
      2.560000      5.911013
      2.580000      5.206897
      2.600000      4.898464
      2.620000      4.850599
      2.640000      4.862188
      2.660000      4.870013
      2.680000      4.894773
      2.700000      4.918915
      2.720000      4.937807
      2.740000      5.069872
      2.760000      5.450416
      2.780000      6.023375
      2.800000      6.565498
      2.820000      6.892067
      2.840000      6.989329
      2.860000      6.999085
      2.880000      7.058755
      2.900000      7.121801
      2.920000      7.014196
      2.940000      6.687192
      2.960000      6.312727
      2.980000      6.101759
      3.000000      6.091707
      3.020000      6.140524
      3.040000      6.107975
      3.060000      6.012808
      3.080000      5.985473
      3.100000      6.079570
      3.120000      6.191531
      3.140000      6.177743
      3.160000      5.981868
      3.180000      5.651882
      3.200000      5.338148
      3.220000      5.261413
      3.240000      5.532346
      3.260000      5.982842
      3.280000      6.307559
      3.300000      6.365271
      3.320000      6.215357
      3.340000      5.918065
      3.360000      5.449839
      3.380000      4.802342
      3.400000      4.085518
      3.420000      3.492927
      3.440000      3.153437
      3.460000      3.047661
      3.480000      3.063027
      3.500000      3.094518
      3.520000      3.121468
      3.540000      3.208574
      3.560000      3.423552
      3.580000      3.765714
      3.600000      4.165338
      3.620000      4.541433
      3.640000      4.860967
      3.660000      5.118192
      3.680000      5.282006
      3.700000      5.325804
      3.720000      5.274444
      3.740000      5.167916
      3.760000      5.039207
      3.780000      4.944547
      3.800000      4.907833
      3.820000      4.849655
      3.840000      4.714306
      3.860000      4.624814
      3.880000      4.725102
      3.900000      4.903678
      3.920000      4.885784
      3.940000      4.594830
      3.960000      4.243320
      3.980000      4.075906
      4.000000      4.149006
      4.020000      4.340816
      4.040000      4.499576
      4.060000      4.569549
      4.080000      4.577845
      4.100000      4.544355
      4.120000      4.455582
      4.140000      4.292904
      4.160000      4.067327
      4.180000      3.855122
      4.200000      3.778877
      4.220000      3.927747
      4.240000      4.272266
      4.260000      4.635646
      4.280000      4.830660
      4.300000      4.866265
      4.320000      4.893451
      4.340000      4.935134
      4.360000      4.831329
      4.380000      4.468208
      4.400000      3.940802
      4.420000      3.470208
      4.440000      3.222785
      4.460000      3.219413
      4.480000      3.370668
      4.500000      3.561715
      4.520000      3.715268
      4.540000      3.806968
      4.560000      3.833999
      4.580000      3.790605
      4.600000      3.702501
      4.620000      3.640158
      4.640000      3.653414
      4.660000      3.736476
      4.680000      3.854581
      4.700000      3.952317
      4.720000      3.975933
      4.740000      3.933866
      4.760000      3.894398
      4.780000      3.907280
      4.800000      3.949912
      4.820000      3.942114
      4.840000      3.825457
      4.860000      3.646763
      4.880000      3.529841
      4.900000      3.548445
      4.920000      3.653589
      4.940000      3.737654
      4.960000      3.750081
      4.980000      3.721402
      5.000000      3.696657
      5.020000      3.701858
      5.040000      3.757049
      5.060000      3.859360
      5.080000      3.958640
      5.100000      3.991936
      5.120000      3.938112
      5.140000      3.820696
      5.160000      3.685648
      5.180000      3.585895
      5.200000      3.535950
      5.220000      3.481298
      5.240000      3.378373
      5.260000      3.312004
      5.280000      3.445076
      5.300000      3.794896
      5.320000      4.144125
      5.340000      4.254212
      5.360000      4.104519
      5.380000      3.862817
      5.400000      3.686841
      5.420000      3.609218
      5.440000      3.561057
      5.460000      3.455785
      5.480000      3.272808
      5.500000      3.076737
      5.520000      2.944311
      5.540000      2.893397
      5.560000      2.893347
      5.580000      2.900319
      5.600000      2.878445
      5.620000      2.832842
      5.640000      2.818726
      5.660000      2.889008
      5.680000      3.031505
      5.700000      3.164868
      5.720000      3.214889
      5.740000      3.203628
      5.760000      3.237792
      5.780000      3.384574
      5.800000      3.574694
      5.820000      3.672291
      5.840000      3.630783
      5.860000      3.525864
      5.880000      3.446826
      5.900000      3.406635
      5.920000      3.359163
      5.940000      3.273188
      5.960000      3.173062
      5.980000      3.101789
      6.000000      3.057332
      6.020000      3.004676
      6.040000      2.946351
      6.060000      2.927793
      6.080000      2.976706
      6.100000      3.069390
      6.120000      3.139084
      6.140000      3.117370
      6.160000      3.002478
      6.180000      2.881610
      6.200000      2.866343
      6.220000      2.993834
      6.240000      3.164640
      6.260000      3.205760
      6.280000      3.054206
      6.300000      2.847022
      6.320000      2.779717
      6.340000      2.906611
      6.360000      3.104844
      6.380000      3.209016
      6.400000      3.162473
      6.420000      3.034757
      6.440000      2.928378
      6.460000      2.921955
      6.480000      3.054854
      6.500000      3.267086
      6.520000      3.379401
      6.540000      3.236273
      6.560000      2.883894
      6.580000      2.555365
      6.600000      2.477390
      6.620000      2.694513
      6.640000      3.027957
      6.660000      3.202281
      6.680000      3.080242
      6.700000      2.778650
      6.720000      2.535583
      6.740000      2.511768
      6.760000      2.709126
      6.780000      2.974538
      6.800000      3.079364
      6.820000      2.917161
      6.840000      2.643548
      6.860000      2.528241
      6.880000      2.662582
      6.900000      2.882946
      6.920000      2.980089
      6.940000      2.908079
      6.960000      2.767916
      6.980000      2.666778
      7.000000      2.641292
      7.020000      2.672911
      7.040000      2.724294
      7.060000      2.758849
      7.080000      2.764741
      7.100000      2.770216
      7.120000      2.808249
      7.140000      2.863007
      7.160000      2.860842
      7.180000      2.729702
      7.200000      2.491323
      7.220000      2.276902
      7.240000      2.222757
      7.260000      2.347132
      7.280000      2.527266
      7.300000      2.622077
      7.320000      2.623872
      7.340000      2.636785
      7.360000      2.720436
      7.380000      2.837857
      7.400000      2.937566
      7.420000      2.990105
      7.440000      2.963365
      7.460000      2.866854
      7.480000      2.792175
      7.500000      2.805160
      7.520000      2.835605
      7.540000      2.762815
      7.560000      2.580452
      7.580000      2.410936
      7.600000      2.365187
      7.620000      2.434177
      7.640000      2.523647
      7.660000      2.549411
      7.680000      2.485009
      7.700000      2.373354
      7.720000      2.314869
      7.740000      2.378355
      7.760000      2.497635
      7.780000      2.528497
      7.800000      2.429675
      7.820000      2.314590
      7.840000      2.304830
      7.860000      2.394090
      7.880000      2.479426
      7.900000      2.483883
      7.920000      2.420194
      7.940000      2.368761
      7.960000      2.450878
      7.980000      2.851625
      8.000000      3.844010
      8.020000      5.647702
      8.040000      8.064393
      8.060000     10.312797
      8.080000     11.519785
      8.100000     11.427240
      8.120000     10.479000
      8.140000      9.323128
      8.160000      8.386449
      8.180000      7.792026
      8.200000      7.460254
      8.220000      7.256053
      8.240000      7.132624
      8.260000      7.216684
      8.280000      7.816865
      8.300000      9.227978
      8.320000     11.279759
      8.340000     13.198784
      8.360000     14.203152
      8.380000     14.107694
      8.400000     13.231179
      8.420000     12.049553
      8.440000     11.057939
      8.460000     10.557326
      8.480000     10.430501
      8.500000     10.407779
      8.520000     10.529660
      8.540000     11.064000
      8.560000     12.028785
      8.580000     13.135847
      8.600000     14.223389
      8.620000     15.337023
      8.640000     16.299915
      8.660000     16.707367
      8.680000     16.574145
      8.700000     16.641842
      8.720000     17.834275
      8.740000     20.385610
      8.760000     23.358309
      8.780000     25.197469
      8.800000     25.159010
      8.820000     23.977051
      8.840000     22.843746
      8.860000     22.219090
      8.880000     21.916430
      8.900000     21.767786
      8.920000     21.753999
      8.940000     21.700911
      8.960000     21.280782
      8.980000     20.473965
      9.000000     19.741899
      9.020000     19.523391
      9.040000     19.786589
      9.060000     20.198886
      9.080000     20.509550
      9.100000     20.596405
      9.120000     20.239470
      9.140000     19.151929
      9.160000     17.420326
      9.180000     15.739821
      9.200000     14.992617
      9.220000     15.578372
      9.240000     17.073920
      9.260000     18.431390
      9.280000     18.675719
      9.300000     17.629167
      9.320000     16.007335
      9.340000     14.822170
      9.360000     14.623161
      9.380000     15.213237
      9.400000     16.055011
      9.420000     16.791324
      9.440000     17.296221
      9.460000     17.506093
      9.480000     17.350955
      9.500000     16.678088
      9.520000     15.296917
      9.540000     13.319097
      9.560000     11.368036
      9.580000     10.250578
      9.600000     10.416378
      9.620000     11.652313
      9.640000     13.107653
      9.660000     13.792421
      9.680000     13.373244
      9.700000     12.424287
      9.720000     11.840235
      9.740000     12.172158
      9.760000     13.398288
      9.780000     14.941466
      9.800000     15.955275
      9.820000     15.966864
      9.840000     15.217449
      9.860000     14.259758
      9.880000     13.481625
      9.900000     13.058840
      9.920000     13.018367
      9.940000     13.205417
      9.960000     13.336278
      9.980000     13.198850
     10.000000     12.814619
