# EIG2DOS: Utility for SIESTA to obtain the electronic density of states
#
#                                                  Emilio Artacho, Apr. 1999
# --------------------------------------------------------------------------
# Nbands, Nspin, Nk   =    936     1   352
# E_F                 =    -5.9176 eV
# Broadening          =     0.0500 eV
# Number of electrons =   287.2273  287.7008 per cell
#
#        E            N
# --------------------------------------------------------------------------
    -10.000000      5.410328
     -9.980000      5.276525
     -9.960000      5.399850
     -9.940000      5.665519
     -9.920000      5.904205
     -9.900000      6.015595
     -9.880000      6.016984
     -9.860000      5.995860
     -9.840000      6.015497
     -9.820000      6.077614
     -9.800000      6.198433
     -9.780000      6.452281
     -9.760000      6.843403
     -9.740000      7.197528
     -9.720000      7.314098
     -9.700000      7.201858
     -9.680000      7.060309
     -9.660000      7.048404
     -9.640000      7.138150
     -9.620000      7.166201
     -9.600000      6.984971
     -9.580000      6.573850
     -9.560000      6.020195
     -9.540000      5.424507
     -9.520000      4.858189
     -9.500000      4.387908
     -9.480000      4.106532
     -9.460000      4.148733
     -9.440000      4.653191
     -9.420000      5.604468
     -9.400000      6.643171
     -9.380000      7.147850
     -9.360000      6.702089
     -9.340000      5.513553
     -9.320000      4.271140
     -9.300000      3.599634
     -9.280000      3.718220
     -9.260000      4.480128
     -9.240000      5.509218
     -9.220000      6.338127
     -9.200000      6.646872
     -9.180000      6.450616
     -9.160000      6.008736
     -9.140000      5.571847
     -9.120000      5.242078
     -9.100000      5.037345
     -9.080000      5.024991
     -9.060000      5.308688
     -9.040000      5.886333
     -9.020000      6.616931
     -9.000000      7.312427
     -8.980000      7.780100
     -8.960000      7.833540
     -8.940000      7.374857
     -8.920000      6.502740
     -8.900000      5.532054
     -8.880000      4.849686
     -8.860000      4.689104
     -8.840000      5.033414
     -8.820000      5.675331
     -8.800000      6.292311
     -8.780000      6.540075
     -8.760000      6.238488
     -8.740000      5.521277
     -8.720000      4.737664
     -8.700000      4.175037
     -8.680000      3.900251
     -8.660000      3.823157
     -8.640000      3.831285
     -8.620000      3.866432
     -8.600000      3.927033
     -8.580000      4.022479
     -8.560000      4.122045
     -8.540000      4.156221
     -8.520000      4.091619
     -8.500000      3.991482
     -8.480000      3.957919
     -8.460000      4.015422
     -8.440000      4.088327
     -8.420000      4.099160
     -8.400000      4.064471
     -8.380000      4.078143
     -8.360000      4.216795
     -8.340000      4.500350
     -8.320000      4.957671
     -8.300000      5.655175
     -8.280000      6.560259
     -8.260000      7.430276
     -8.240000      7.976035
     -8.220000      8.121334
     -8.200000      8.008755
     -8.180000      7.781572
     -8.160000      7.456731
     -8.140000      7.024759
     -8.120000      6.587909
     -8.100000      6.323892
     -8.080000      6.353967
     -8.060000      6.710241
     -8.040000      7.356020
     -8.020000      8.099523
     -8.000000      8.533286
     -7.980000      8.305576
     -7.960000      7.560885
     -7.940000      6.909610
     -7.920000      6.805588
     -7.900000      7.107633
     -7.880000      7.376808
     -7.860000      7.393017
     -7.840000      7.200217
     -7.820000      6.887397
     -7.800000      6.581959
     -7.780000      6.483705
     -7.760000      6.651832
     -7.740000      6.827659
     -7.720000      6.683491
     -7.700000      6.243828
     -7.680000      5.895849
     -7.660000      5.997939
     -7.640000      6.549601
     -7.620000      7.152254
     -7.600000      7.298663
     -7.580000      6.853322
     -7.560000      6.208010
     -7.540000      5.867945
     -7.520000      6.008125
     -7.500000      6.451570
     -7.480000      6.884689
     -7.460000      7.082997
     -7.440000      7.043315
     -7.420000      6.899413
     -7.400000      6.770010
     -7.380000      6.749011
     -7.360000      6.890417
     -7.340000      7.135323
     -7.320000      7.396782
     -7.300000      7.682854
     -7.280000      7.986769
     -7.260000      8.165731
     -7.240000      8.098595
     -7.220000      7.869798
     -7.200000      7.669255
     -7.180000      7.576630
     -7.160000      7.525429
     -7.140000      7.440495
     -7.120000      7.334376
     -7.100000      7.267861
     -7.080000      7.271512
     -7.060000      7.306653
     -7.040000      7.286628
     -7.020000      7.162119
     -7.000000      6.971161
     -6.980000      6.775348
     -6.960000      6.611004
     -6.940000      6.537369
     -6.920000      6.638556
     -6.900000      6.949578
     -6.880000      7.427933
     -6.860000      7.932824
     -6.840000      8.201999
     -6.820000      8.007957
     -6.800000      7.434421
     -6.780000      6.885398
     -6.760000      6.708199
     -6.740000      6.863001
     -6.720000      7.065809
     -6.700000      7.181541
     -6.680000      7.304953
     -6.660000      7.526183
     -6.640000      7.853374
     -6.620000      8.330099
     -6.600000      8.990209
     -6.580000      9.658323
     -6.560000      9.954148
     -6.540000      9.621945
     -6.520000      8.837802
     -6.500000      8.070789
     -6.480000      7.633481
     -6.460000      7.482916
     -6.440000      7.425611
     -6.420000      7.356727
     -6.400000      7.290291
     -6.380000      7.281703
     -6.360000      7.346469
     -6.340000      7.385487
     -6.320000      7.232884
     -6.300000      6.864702
     -6.280000      6.521330
     -6.260000      6.580813
     -6.240000      7.292865
     -6.220000      8.529587
     -6.200000      9.739256
     -6.180000     10.272225
     -6.160000      9.869637
     -6.140000      8.806605
     -6.120000      7.612332
     -6.100000      6.793549
     -6.080000      6.755068
     -6.060000      7.761218
     -6.040000      9.836331
     -6.020000     12.635671
     -6.000000     15.414119
     -5.980000     17.191169
     -5.960000     17.141908
     -5.940000     15.215036
     -5.920000     12.427952
     -5.900000     10.156729
     -5.880000      9.069789
     -5.860000      8.901098
     -5.840000      9.006724
     -5.820000      8.896885
     -5.800000      8.418290
     -5.780000      7.743619
     -5.760000      7.279478
     -5.740000      7.478513
     -5.720000      8.629987
     -5.700000     10.702981
     -5.680000     13.257404
     -5.660000     15.533677
     -5.640000     16.784840
     -5.620000     16.715112
     -5.600000     15.727548
     -5.580000     14.640392
     -5.560000     14.030334
     -5.540000     13.912471
     -5.520000     13.981028
     -5.500000     13.933706
     -5.480000     13.637546
     -5.460000     13.192374
     -5.440000     12.795316
     -5.420000     12.511550
     -5.400000     12.291827
     -5.380000     12.173945
     -5.360000     12.318643
     -5.340000     12.826299
     -5.320000     13.598956
     -5.300000     14.450526
     -5.280000     15.303103
     -5.260000     16.190141
     -5.240000     17.102742
     -5.220000     17.867565
     -5.200000     18.175651
     -5.180000     17.847300
     -5.160000     17.104367
     -5.140000     16.416808
     -5.120000     16.019863
     -5.100000     15.684784
     -5.080000     15.030319
     -5.060000     14.000388
     -5.040000     12.952602
     -5.020000     12.345449
     -5.000000     12.449549
     -4.980000     13.278067
     -4.960000     14.565216
     -4.940000     15.768386
     -4.920000     16.356729
     -4.900000     16.225950
     -4.880000     15.659168
     -4.860000     14.897309
     -4.840000     13.968586
     -4.820000     12.911576
     -4.800000     11.948722
     -4.780000     11.396078
     -4.760000     11.492040
     -4.740000     12.280796
     -4.720000     13.554987
     -4.700000     14.906251
     -4.680000     15.894131
     -4.660000     16.254108
     -4.640000     16.053171
     -4.620000     15.624534
     -4.600000     15.232798
     -4.580000     14.910312
     -4.560000     14.751810
     -4.540000     15.064568
     -4.520000     15.959054
     -4.500000     17.045508
     -4.480000     17.801695
     -4.460000     18.113900
     -4.440000     18.242929
     -4.420000     18.343977
     -4.400000     18.322148
     -4.380000     18.194689
     -4.360000     18.200777
     -4.340000     18.381605
     -4.320000     18.485957
     -4.300000     18.466405
     -4.280000     18.619296
     -4.260000     19.118271
     -4.240000     19.724487
     -4.220000     19.998205
     -4.200000     19.663836
     -4.180000     18.718454
     -4.160000     17.267583
     -4.140000     15.529342
     -4.120000     14.031665
     -4.100000     13.409884
     -4.080000     13.805929
     -4.060000     14.660221
     -4.040000     15.252331
     -4.020000     15.359221
     -4.000000     15.219036
     -3.980000     14.930785
     -3.960000     14.239786
     -3.940000     13.081725
     -3.920000     12.110398
     -3.900000     12.340791
     -3.880000     14.038793
     -3.860000     16.049144
     -3.840000     16.674826
     -3.820000     15.382930
     -3.800000     13.217384
     -3.780000     11.502027
     -3.760000     10.689179
     -3.740000     10.458852
     -3.720000     10.364955
     -3.700000     10.220351
     -3.680000     10.079429
     -3.660000     10.010941
     -3.640000      9.965921
     -3.620000      9.859020
     -3.600000      9.711995
     -3.580000      9.683208
     -3.560000      9.932131
     -3.540000     10.441834
     -3.520000     10.982278
     -3.500000     11.250928
     -3.480000     11.106160
     -3.460000     10.790402
     -3.440000     10.923015
     -3.420000     11.971310
     -3.400000     13.513194
     -3.380000     14.386696
     -3.360000     13.886198
     -3.340000     12.408214
     -3.320000     10.742629
     -3.300000      9.303633
     -3.280000      8.192926
     -3.260000      7.455176
     -3.240000      7.092190
     -3.220000      7.149577
     -3.200000      7.895090
     -3.180000      9.650024
     -3.160000     12.160945
     -3.140000     14.232143
     -3.120000     14.476768
     -3.100000     12.644102
     -3.080000      9.891654
     -3.060000      7.696167
     -3.040000      6.792199
     -3.020000      7.032384
     -3.000000      7.831850
     -2.980000      8.657220
     -2.960000      9.283576
     -2.940000      9.752310
     -2.920000     10.204988
     -2.900000     10.793537
     -2.880000     11.597822
     -2.860000     12.440703
     -2.840000     12.853413
     -2.820000     12.465321
     -2.800000     11.444164
     -2.780000     10.385241
     -2.760000      9.807914
     -2.740000      9.875294
     -2.720000     10.447872
     -2.700000     11.197481
     -2.680000     11.737107
     -2.660000     11.821934
     -2.640000     11.449735
     -2.620000     10.770796
     -2.600000      9.986238
     -2.580000      9.287398
     -2.560000      8.771347
     -2.540000      8.436914
     -2.520000      8.272181
     -2.500000      8.245727
     -2.480000      8.242002
     -2.460000      8.149682
     -2.440000      8.002619
     -2.420000      7.956348
     -2.400000      8.212140
     -2.380000      9.029789
     -2.360000     10.630955
     -2.340000     12.858410
     -2.320000     14.959535
     -2.300000     16.013316
     -2.280000     15.772739
     -2.260000     14.890644
     -2.240000     14.163152
     -2.220000     13.787192
     -2.200000     13.499565
     -2.180000     13.143511
     -2.160000     12.815189
     -2.140000     12.596477
     -2.120000     12.413961
     -2.100000     12.187003
     -2.080000     11.980244
     -2.060000     11.946016
     -2.040000     12.158505
     -2.020000     12.528482
     -2.000000     12.882627
     -1.980000     13.135019
     -1.960000     13.331116
     -1.940000     13.484770
     -1.920000     13.490374
     -1.900000     13.321760
     -1.880000     13.151854
     -1.860000     13.085708
     -1.840000     12.965383
     -1.820000     12.605165
     -1.800000     12.034475
     -1.780000     11.431819
     -1.760000     10.977549
     -1.740000     10.769045
     -1.720000     10.776335
     -1.700000     10.919566
     -1.680000     11.199410
     -1.660000     11.629117
     -1.640000     12.048760
     -1.620000     12.211370
     -1.600000     12.106650
     -1.580000     12.015954
     -1.560000     12.177570
     -1.540000     12.525228
     -1.520000     12.786414
     -1.500000     12.739141
     -1.480000     12.365947
     -1.460000     11.836534
     -1.440000     11.395683
     -1.420000     11.255931
     -1.400000     11.494503
     -1.380000     12.015802
     -1.360000     12.687188
     -1.340000     13.437266
     -1.320000     14.118884
     -1.300000     14.444644
     -1.280000     14.232050
     -1.260000     13.608115
     -1.240000     12.848315
     -1.220000     12.126639
     -1.200000     11.525027
     -1.180000     11.131058
     -1.160000     10.988231
     -1.140000     11.059873
     -1.120000     11.307799
     -1.100000     11.682961
     -1.080000     12.053361
     -1.060000     12.277707
     -1.040000     12.265943
     -1.020000     11.905692
     -1.000000     11.149621
     -0.980000     10.229741
     -0.960000      9.580670
     -0.940000      9.535133
     -0.920000     10.128493
     -0.900000     11.044538
     -0.880000     11.747178
     -0.860000     11.855891
     -0.840000     11.403395
     -0.820000     10.666149
     -0.800000      9.862998
     -0.780000      9.078246
     -0.760000      8.345787
     -0.740000      7.709220
     -0.720000      7.194059
     -0.700000      6.740592
     -0.680000      6.219104
     -0.660000      5.532137
     -0.640000      4.680740
     -0.620000      3.769845
     -0.600000      2.969966
     -0.580000      2.426032
     -0.560000      2.185191
     -0.540000      2.193640
     -0.520000      2.335464
     -0.500000      2.516998
     -0.480000      2.751328
     -0.460000      3.130587
     -0.440000      3.717833
     -0.420000      4.496481
     -0.400000      5.372083
     -0.380000      6.162994
     -0.360000      6.656641
     -0.340000      6.769261
     -0.320000      6.634540
     -0.300000      6.492430
     -0.280000      6.510740
     -0.260000      6.727136
     -0.240000      7.129565
     -0.220000      7.750453
     -0.200000      8.624379
     -0.180000      9.594787
     -0.160000     10.243781
     -0.140000     10.206413
     -0.120000      9.537640
     -0.100000      8.629750
     -0.080000      7.879890
     -0.060000      7.503433
     -0.040000      7.443108
     -0.020000      7.371114
      0.000000      6.938903
      0.020000      6.097243
      0.040000      5.129993
      0.060000      4.402613
      0.080000      4.105949
      0.100000      4.171870
      0.120000      4.379040
      0.140000      4.528453
      0.160000      4.532238
      0.180000      4.412063
      0.200000      4.289796
      0.220000      4.374883
      0.240000      4.839522
      0.260000      5.577431
      0.280000      6.173590
      0.300000      6.261786
      0.320000      5.848847
      0.340000      5.256813
      0.360000      4.871116
      0.380000      4.915746
      0.400000      5.314294
      0.420000      5.712172
      0.440000      5.688965
      0.460000      5.075314
      0.480000      4.134298
      0.500000      3.354367
      0.520000      3.008852
      0.540000      2.966680
      0.560000      2.922097
      0.580000      2.713038
      0.600000      2.388185
      0.620000      2.051108
      0.640000      1.745580
      0.660000      1.489425
      0.680000      1.307867
      0.700000      1.198021
      0.720000      1.130697
      0.740000      1.097895
      0.760000      1.129886
      0.780000      1.301323
      0.800000      1.735336
      0.820000      2.505271
      0.840000      3.453983
      0.860000      4.195284
      0.880000      4.416226
      0.900000      4.144238
      0.920000      3.647211
      0.940000      3.156560
      0.960000      2.763374
      0.980000      2.481858
      1.000000      2.297643
      1.020000      2.170866
      1.040000      2.060613
      1.060000      1.956770
      1.080000      1.869423
      1.100000      1.799190
      1.120000      1.731860
      1.140000      1.658047
      1.160000      1.587717
      1.180000      1.531888
      1.200000      1.479511
      1.220000      1.417294
      1.240000      1.356353
      1.260000      1.308659
      1.280000      1.261395
      1.300000      1.204323
      1.320000      1.150869
      1.340000      1.108150
      1.360000      1.062098
      1.380000      1.008458
      1.400000      0.960613
      1.420000      0.919900
      1.440000      0.874179
      1.460000      0.822657
      1.480000      0.772121
      1.500000      0.716067
      1.520000      0.640772
      1.540000      0.549146
      1.560000      0.462012
      1.580000      0.394245
      1.600000      0.344405
      1.620000      0.307818
      1.640000      0.281639
      1.660000      0.258925
      1.680000      0.232969
      1.700000      0.202344
      1.720000      0.165290
      1.740000      0.120151
      1.760000      0.073241
      1.780000      0.035901
      1.800000      0.013793
      1.820000      0.004131
      1.840000      0.001300
      1.860000      0.002141
      1.880000      0.007743
      1.900000      0.022931
      1.920000      0.052818
      1.940000      0.096420
      1.960000      0.144198
      1.980000      0.186029
      2.000000      0.220063
      2.020000      0.248891
      2.040000      0.273670
      2.060000      0.299115
      2.080000      0.334445
      2.100000      0.385355
      2.120000      0.454114
      2.140000      0.541184
      2.160000      0.636108
      2.180000      0.718838
      2.200000      0.780793
      2.220000      0.833577
      2.240000      0.888063
      2.260000      0.939410
      2.280000      0.985227
      2.300000      1.035985
      2.320000      1.092763
      2.340000      1.144543
      2.360000      1.194374
      2.380000      1.252887
      2.400000      1.312931
      2.420000      1.366176
      2.440000      1.424206
      2.460000      1.492915
      2.480000      1.557802
      2.500000      1.616311
      2.520000      1.686003
      2.540000      1.769220
      2.560000      1.848106
      2.580000      1.920424
      2.600000      2.007974
      2.620000      2.121972
      2.640000      2.247550
      2.660000      2.384492
      2.680000      2.581018
      2.700000      2.891701
      2.720000      3.311540
      2.740000      3.763151
      2.760000      4.115094
      2.780000      4.213467
      2.800000      3.964401
      2.820000      3.415315
      2.840000      2.735529
      2.860000      2.118132
      2.880000      1.689101
      2.900000      1.495647
      2.920000      1.592146
      2.940000      2.076412
      2.960000      2.915712
      2.980000      3.751102
      3.000000      4.080081
      3.020000      3.758239
      3.040000      3.213835
      3.060000      3.087651
      3.080000      3.702286
      3.100000      4.814082
      3.120000      5.807417
      3.140000      6.285045
      3.160000      6.554366
      3.180000      7.333258
      3.200000      8.941213
      3.220000     11.020518
      3.240000     12.940653
      3.260000     14.068436
      3.280000     13.849339
      3.300000     12.259691
      3.320000     10.153486
      3.340000      8.701138
      3.360000      8.417177
      3.380000      8.882163
      3.400000      9.398543
      3.420000      9.709746
      3.440000      9.903906
      3.460000      9.909532
      3.480000      9.520675
      3.500000      8.784238
      3.520000      8.013914
      3.540000      7.460869
      3.560000      7.137626
      3.580000      6.934166
      3.600000      6.803729
      3.620000      6.787901
      3.640000      6.890104
      3.660000      7.010068
      3.680000      7.039151
      3.700000      6.964106
      3.720000      6.830840
      3.740000      6.658033
      3.760000      6.448697
      3.780000      6.229907
      3.800000      6.012784
      3.820000      5.787281
      3.840000      5.582114
      3.860000      5.423630
      3.880000      5.269052
      3.900000      5.088332
      3.920000      4.952604
      3.940000      4.956498
      3.960000      5.074023
      3.980000      5.161118
      4.000000      5.159377
      4.020000      5.234995
      4.040000      5.594184
      4.060000      6.199047
      4.080000      6.742876
      4.100000      6.853422
      4.120000      6.366315
      4.140000      5.525217
      4.160000      4.838316
      4.180000      4.641485
      4.200000      4.870848
      4.220000      5.240950
      4.240000      5.481938
      4.260000      5.416777
      4.280000      5.006063
      4.300000      4.361600
      4.320000      3.623503
      4.340000      2.856312
      4.360000      2.111228
      4.380000      1.502201
      4.400000      1.184712
      4.420000      1.312339
      4.440000      1.971770
      4.460000      3.072722
      4.480000      4.314952
      4.500000      5.309467
      4.520000      5.755164
      4.540000      5.579302
      4.560000      4.991162
      4.580000      4.370958
      4.600000      4.023585
      4.620000      3.991859
      4.640000      4.112674
      4.660000      4.254275
      4.680000      4.445065
      4.700000      4.743942
      4.720000      5.048558
      4.740000      5.124831
      4.760000      4.851015
      4.780000      4.350572
      4.800000      3.839871
      4.820000      3.450338
      4.840000      3.230270
      4.860000      3.174338
      4.880000      3.202392
      4.900000      3.215884
      4.920000      3.205096
      4.940000      3.232385
      4.960000      3.317063
      4.980000      3.412629
      5.000000      3.479615
      5.020000      3.507363
      5.040000      3.502478
      5.060000      3.526711
      5.080000      3.680141
      5.100000      3.972421
      5.120000      4.275841
      5.140000      4.469453
      5.160000      4.588997
      5.180000      4.785075
      5.200000      5.134749
      5.220000      5.537479
      5.240000      5.832359
      5.260000      5.945636
      5.280000      5.849506
      5.300000      5.502610
      5.320000      4.968956
      5.340000      4.494197
      5.360000      4.322284
      5.380000      4.479009
      5.400000      4.807285
      5.420000      5.131680
      5.440000      5.301868
      5.460000      5.195519
      5.480000      4.827106
      5.500000      4.370860
      5.520000      3.995719
      5.540000      3.801599
      5.560000      3.884003
      5.580000      4.226883
      5.600000      4.570014
      5.620000      4.609365
      5.640000      4.306197
      5.660000      3.863420
      5.680000      3.484759
      5.700000      3.281431
      5.720000      3.300814
      5.740000      3.502346
      5.760000      3.754542
      5.780000      3.942538
      5.800000      4.060273
      5.820000      4.157583
      5.840000      4.229931
      5.860000      4.212447
      5.880000      4.065215
      5.900000      3.829634
      5.920000      3.616708
      5.940000      3.540841
      5.960000      3.625716
      5.980000      3.773961
      6.000000      3.855661
      6.020000      3.834378
      6.040000      3.810900
      6.060000      3.919758
      6.080000      4.163242
      6.100000      4.409774
      6.120000      4.560808
      6.140000      4.602879
      6.160000      4.506813
      6.180000      4.209236
      6.200000      3.715168
      6.220000      3.177262
      6.240000      2.844762
      6.260000      2.879587
      6.280000      3.208496
      6.300000      3.592518
      6.320000      3.821053
      6.340000      3.810037
      6.360000      3.599371
      6.380000      3.331031
      6.400000      3.155788
      6.420000      3.108869
      6.440000      3.109679
      6.460000      3.068390
      6.480000      2.980173
      6.500000      2.922584
      6.520000      2.953398
      6.540000      3.060899
      6.560000      3.209553
      6.580000      3.334425
      6.600000      3.335678
      6.620000      3.199512
      6.640000      3.057435
      6.660000      3.027501
      6.680000      3.089184
      6.700000      3.192058
      6.720000      3.355434
      6.740000      3.570260
      6.760000      3.740131
      6.780000      3.805159
      6.800000      3.814547
      6.820000      3.833656
      6.840000      3.876875
      6.860000      3.954624
      6.880000      4.099079
      6.900000      4.282599
      6.920000      4.343255
      6.940000      4.092032
      6.960000      3.537236
      6.980000      2.932335
      7.000000      2.564019
      7.020000      2.533463
      7.040000      2.719650
      7.060000      2.896589
      7.080000      2.916873
      7.100000      2.813430
      7.120000      2.709342
      7.140000      2.674793
      7.160000      2.724104
      7.180000      2.871743
      7.200000      3.090580
      7.220000      3.278881
      7.240000      3.360400
      7.260000      3.355662
      7.280000      3.300993
      7.300000      3.186457
      7.320000      3.026041
      7.340000      2.904656
      7.360000      2.898786
      7.380000      2.993915
      7.400000      3.105956
      7.420000      3.169050
      7.440000      3.202272
      7.460000      3.273679
      7.480000      3.374839
      7.500000      3.382955
      7.520000      3.212464
      7.540000      2.955954
      7.560000      2.805050
      7.580000      2.854018
      7.600000      3.010892
      7.620000      3.095777
      7.640000      3.018605
      7.660000      2.841105
      7.680000      2.677537
      7.700000      2.584592
      7.720000      2.544851
      7.740000      2.522629
      7.760000      2.523987
      7.780000      2.588015
      7.800000      2.737601
      7.820000      2.971829
      7.840000      3.267391
      7.860000      3.563628
      7.880000      3.783505
      7.900000      3.852091
      7.920000      3.692737
      7.940000      3.295764
      7.960000      2.807790
      7.980000      2.473165
      8.000000      2.455367
      8.020000      2.720139
      8.040000      3.093587
      8.060000      3.441665
      8.080000      3.760322
      8.100000      4.055638
      8.120000      4.212085
      8.140000      4.081041
      8.160000      3.666238
      8.180000      3.142947
      8.200000      2.707610
      8.220000      2.443662
      8.240000      2.328570
      8.260000      2.337043
      8.280000      2.470517
      8.300000      2.679961
      8.320000      2.861063
      8.340000      2.966610
      8.360000      3.052885
      8.380000      3.194152
      8.400000      3.404300
      8.420000      3.641020
      8.440000      3.833896
      8.460000      3.915460
      8.480000      3.870649
      8.500000      3.753523
      8.520000      3.635956
      8.540000      3.540466
      8.560000      3.433270
      8.580000      3.291272
      8.600000      3.140189
      8.620000      2.997901
      8.640000      2.838567
      8.660000      2.640221
      8.680000      2.408322
      8.700000      2.148770
      8.720000      1.877067
      8.740000      1.651799
      8.760000      1.540078
      8.780000      1.557858
      8.800000      1.687663
      8.820000      1.921476
      8.840000      2.308901
      8.860000      3.101772
      8.880000      4.831291
      8.900000      7.838620
      8.920000     11.260741
      8.940000     12.914927
      8.960000     11.288405
      8.980000      7.426663
      9.000000      3.834413
      9.020000      2.026636
      9.040000      1.895745
      9.060000      2.659150
      9.080000      3.665651
      9.100000      4.614934
      9.120000      5.458360
      9.140000      6.208973
      9.160000      6.855804
      9.180000      7.448289
      9.200000      8.234267
      9.220000      9.580714
      9.240000     11.530636
      9.260000     13.503692
      9.280000     14.708988
      9.300000     14.812764
      9.320000     14.155444
      9.340000     13.485172
      9.360000     13.409674
      9.380000     14.026519
      9.400000     15.125671
      9.420000     16.469874
      9.440000     17.686747
      9.460000     18.305293
      9.480000     18.222512
      9.500000     17.845756
      9.520000     17.602081
      9.540000     17.575624
      9.560000     17.663326
      9.580000     17.781385
      9.600000     17.854465
      9.620000     17.810636
      9.640000     17.640499
      9.660000     17.388374
      9.680000     17.129754
      9.700000     16.970569
      9.720000     16.947894
      9.740000     16.913599
      9.760000     16.640909
      9.780000     16.065104
      9.800000     15.328685
      9.820000     14.599404
      9.840000     13.938798
      9.860000     13.391464
      9.880000     13.152805
      9.900000     13.527842
      9.920000     14.623994
      9.940000     16.104307
      9.960000     17.366454
      9.980000     18.021572
     10.000000     18.122253
