# EIG2DOS: Utility for SIESTA to obtain the electronic density of states
#
#                                                  Emilio Artacho, Apr. 1999
# --------------------------------------------------------------------------
# Nbands, Nspin, Nk   =    936     1   352
# E_F                 =    -5.5181 eV
# Broadening          =     0.0500 eV
# Number of electrons =   296.5966  296.9420 per cell
#
#        E            N
# --------------------------------------------------------------------------
    -10.000000      4.515917
     -9.980000      3.988508
     -9.960000      3.515717
     -9.940000      3.292786
     -9.920000      3.273762
     -9.900000      3.374519
     -9.880000      3.717829
     -9.860000      4.484263
     -9.840000      5.528717
     -9.820000      6.325747
     -9.800000      6.427071
     -9.780000      5.909095
     -9.760000      5.233899
     -9.740000      4.745815
     -9.720000      4.468117
     -9.700000      4.298159
     -9.680000      4.188489
     -9.660000      4.153597
     -9.640000      4.242898
     -9.620000      4.495960
     -9.600000      4.856319
     -9.580000      5.187745
     -9.560000      5.422110
     -9.540000      5.622249
     -9.520000      5.855832
     -9.500000      6.070968
     -9.480000      6.168929
     -9.460000      6.169261
     -9.440000      6.216348
     -9.420000      6.416150
     -9.400000      6.724250
     -9.380000      7.011608
     -9.360000      7.202150
     -9.340000      7.306597
     -9.320000      7.347240
     -9.300000      7.325549
     -9.280000      7.280556
     -9.260000      7.314024
     -9.240000      7.488794
     -9.220000      7.697904
     -9.200000      7.756488
     -9.180000      7.688366
     -9.160000      7.725919
     -9.140000      7.941522
     -9.120000      8.116321
     -9.100000      8.049622
     -9.080000      7.804233
     -9.060000      7.602735
     -9.040000      7.589730
     -9.020000      7.693854
     -9.000000      7.683327
     -8.980000      7.393270
     -8.960000      6.904933
     -8.940000      6.470628
     -8.920000      6.262354
     -8.900000      6.214817
     -8.880000      6.154505
     -8.860000      6.044446
     -8.840000      6.001718
     -8.820000      6.096802
     -8.800000      6.215663
     -8.780000      6.155914
     -8.760000      5.874851
     -8.740000      5.574030
     -8.720000      5.471079
     -8.700000      5.556389
     -8.680000      5.643799
     -8.660000      5.608903
     -8.640000      5.504085
     -8.620000      5.455842
     -8.600000      5.520515
     -8.580000      5.655328
     -8.560000      5.775249
     -8.540000      5.814467
     -8.520000      5.781477
     -8.500000      5.776412
     -8.480000      5.899644
     -8.460000      6.123128
     -8.440000      6.314593
     -8.420000      6.411791
     -8.400000      6.483791
     -8.380000      6.571505
     -8.360000      6.601799
     -8.340000      6.548781
     -8.320000      6.529672
     -8.300000      6.655655
     -8.280000      6.906182
     -8.260000      7.171290
     -8.240000      7.340658
     -8.220000      7.362435
     -8.200000      7.250280
     -8.180000      7.052988
     -8.160000      6.842052
     -8.140000      6.716976
     -8.120000      6.782193
     -8.100000      7.091054
     -8.080000      7.584702
     -8.060000      8.068253
     -8.040000      8.293451
     -8.020000      8.121635
     -8.000000      7.603504
     -7.980000      6.896294
     -7.960000      6.151138
     -7.940000      5.505226
     -7.920000      5.086128
     -7.900000      4.913802
     -7.880000      4.866416
     -7.860000      4.851787
     -7.840000      4.935346
     -7.820000      5.211051
     -7.800000      5.636646
     -7.780000      6.071529
     -7.760000      6.412404
     -7.740000      6.654675
     -7.720000      6.851618
     -7.700000      7.020596
     -7.680000      7.117490
     -7.660000      7.117318
     -7.640000      7.058521
     -7.620000      7.007878
     -7.600000      7.034518
     -7.580000      7.180036
     -7.560000      7.402942
     -7.540000      7.584371
     -7.520000      7.645426
     -7.500000      7.668761
     -7.480000      7.836959
     -7.460000      8.213163
     -7.440000      8.650309
     -7.420000      8.934780
     -7.400000      8.966501
     -7.380000      8.822500
     -7.360000      8.661626
     -7.340000      8.523058
     -7.320000      8.289053
     -7.300000      7.928628
     -7.280000      7.632291
     -7.260000      7.576451
     -7.240000      7.693727
     -7.220000      7.790407
     -7.200000      7.775493
     -7.180000      7.683854
     -7.160000      7.578237
     -7.140000      7.499975
     -7.120000      7.417200
     -7.100000      7.226277
     -7.080000      6.921107
     -7.060000      6.678207
     -7.040000      6.654520
     -7.020000      6.808143
     -7.000000      7.010840
     -6.980000      7.215075
     -6.960000      7.423857
     -6.940000      7.624199
     -6.920000      7.829245
     -6.900000      8.060952
     -6.880000      8.240420
     -6.860000      8.253478
     -6.840000      8.174074
     -6.820000      8.233225
     -6.800000      8.551603
     -6.780000      9.152210
     -6.760000     10.215810
     -6.740000     11.928276
     -6.720000     13.927899
     -6.700000     15.297414
     -6.680000     15.422928
     -6.660000     14.617336
     -6.640000     13.656576
     -6.620000     12.951271
     -6.600000     12.407495
     -6.580000     11.892567
     -6.560000     11.516937
     -6.540000     11.441837
     -6.520000     11.603523
     -6.500000     11.740702
     -6.480000     11.699111
     -6.460000     11.628221
     -6.440000     11.767802
     -6.420000     12.118986
     -6.400000     12.504140
     -6.380000     12.863683
     -6.360000     13.244898
     -6.340000     13.546372
     -6.320000     13.568040
     -6.300000     13.342455
     -6.280000     13.125949
     -6.260000     12.995228
     -6.240000     12.734429
     -6.220000     12.200598
     -6.200000     11.542431
     -6.180000     10.992949
     -6.160000     10.659747
     -6.140000     10.528964
     -6.120000     10.542797
     -6.100000     10.739089
     -6.080000     11.289223
     -6.060000     12.205144
     -6.040000     13.138626
     -6.020000     13.716349
     -6.000000     13.920321
     -5.980000     14.015726
     -5.960000     14.277731
     -5.940000     14.752824
     -5.920000     15.175875
     -5.900000     15.243299
     -5.880000     14.954514
     -5.860000     14.576615
     -5.840000     14.388631
     -5.820000     14.535893
     -5.800000     15.011581
     -5.780000     15.718759
     -5.760000     16.610113
     -5.740000     17.736245
     -5.720000     19.044343
     -5.700000     20.132761
     -5.680000     20.365484
     -5.660000     19.414426
     -5.640000     17.620440
     -5.620000     15.663135
     -5.600000     14.043611
     -5.580000     12.949294
     -5.560000     12.318454
     -5.540000     11.952327
     -5.520000     11.669899
     -5.500000     11.362214
     -5.480000     11.029067
     -5.460000     10.810268
     -5.440000     10.778555
     -5.420000     10.769456
     -5.400000     10.638728
     -5.380000     10.515818
     -5.360000     10.618117
     -5.340000     10.998612
     -5.320000     11.568000
     -5.300000     12.204217
     -5.280000     12.803942
     -5.260000     13.305720
     -5.240000     13.660213
     -5.220000     13.828435
     -5.200000     13.862935
     -5.180000     13.865323
     -5.160000     13.847727
     -5.140000     13.814735
     -5.120000     13.896702
     -5.100000     14.176978
     -5.080000     14.540080
     -5.060000     14.862469
     -5.040000     15.114482
     -5.020000     15.157438
     -5.000000     14.751303
     -4.980000     13.922785
     -4.960000     13.070966
     -4.940000     12.550234
     -4.920000     12.348947
     -4.900000     12.270302
     -4.880000     12.161739
     -4.860000     11.898867
     -4.840000     11.469290
     -4.820000     11.091329
     -4.800000     10.935384
     -4.780000     10.853023
     -4.760000     10.697490
     -4.740000     10.669663
     -4.720000     11.038695
     -4.700000     11.742532
     -4.680000     12.506323
     -4.660000     13.222333
     -4.640000     13.969426
     -4.620000     14.669026
     -4.600000     15.030035
     -4.580000     14.915561
     -4.560000     14.464573
     -4.540000     13.844047
     -4.520000     13.197211
     -4.500000     12.743129
     -4.480000     12.578794
     -4.460000     12.492394
     -4.440000     12.265048
     -4.420000     12.015645
     -4.400000     11.993719
     -4.380000     12.190957
     -4.360000     12.435459
     -4.340000     12.742781
     -4.320000     13.249887
     -4.300000     13.845503
     -4.280000     14.193810
     -4.260000     14.178491
     -4.240000     14.014655
     -4.220000     13.831371
     -4.200000     13.501190
     -4.180000     12.987624
     -4.160000     12.473181
     -4.140000     12.050082
     -4.120000     11.629639
     -4.100000     11.210166
     -4.080000     10.953832
     -4.060000     10.950820
     -4.040000     11.084406
     -4.020000     11.177631
     -4.000000     11.249844
     -3.980000     11.598186
     -3.960000     12.499590
     -3.940000     13.839780
     -3.920000     15.203948
     -3.900000     16.255108
     -3.880000     16.830093
     -3.860000     16.826073
     -3.840000     16.268614
     -3.820000     15.443137
     -3.800000     14.752842
     -3.780000     14.395143
     -3.760000     14.237582
     -3.740000     14.033447
     -3.720000     13.748737
     -3.700000     13.594172
     -3.680000     13.667326
     -3.660000     13.768789
     -3.640000     13.736860
     -3.620000     13.684007
     -3.600000     13.727229
     -3.580000     13.764218
     -3.560000     13.647851
     -3.540000     13.422066
     -3.520000     13.308828
     -3.500000     13.427347
     -3.480000     13.552586
     -3.460000     13.368746
     -3.440000     12.947929
     -3.420000     12.634791
     -3.400000     12.509448
     -3.380000     12.364799
     -3.360000     12.143970
     -3.340000     12.008365
     -3.320000     11.999257
     -3.300000     11.941215
     -3.280000     11.675360
     -3.260000     11.209260
     -3.240000     10.689491
     -3.220000     10.311925
     -3.200000     10.173694
     -3.180000     10.179811
     -3.160000     10.192521
     -3.140000     10.250251
     -3.120000     10.486284
     -3.100000     10.847074
     -3.080000     11.081938
     -3.060000     11.069542
     -3.040000     10.998617
     -3.020000     11.110700
     -3.000000     11.362342
     -2.980000     11.516203
     -2.960000     11.523692
     -2.940000     11.598113
     -2.920000     11.891049
     -2.900000     12.234014
     -2.880000     12.276906
     -2.860000     11.903822
     -2.840000     11.384651
     -2.820000     11.026322
     -2.800000     10.818572
     -2.780000     10.516343
     -2.760000     10.004427
     -2.740000      9.454576
     -2.720000      9.066147
     -2.700000      8.817276
     -2.680000      8.593000
     -2.660000      8.399667
     -2.640000      8.338853
     -2.620000      8.443578
     -2.600000      8.582329
     -2.580000      8.577107
     -2.560000      8.453473
     -2.540000      8.425366
     -2.520000      8.576847
     -2.500000      8.743445
     -2.480000      8.770125
     -2.460000      8.736083
     -2.440000      8.839033
     -2.420000      9.127548
     -2.400000      9.425988
     -2.380000      9.522979
     -2.360000      9.384705
     -2.340000      9.154529
     -2.320000      8.977492
     -2.300000      8.856638
     -2.280000      8.690082
     -2.260000      8.453031
     -2.240000      8.285010
     -2.220000      8.309766
     -2.200000      8.405225
     -2.180000      8.336670
     -2.160000      8.135011
     -2.140000      8.074303
     -2.120000      8.224782
     -2.100000      8.331392
     -2.080000      8.224399
     -2.060000      8.081428
     -2.040000      8.132618
     -2.020000      8.302945
     -2.000000      8.370367
     -1.980000      8.357759
     -1.960000      8.481878
     -1.940000      8.766102
     -1.920000      8.971451
     -1.900000      8.888007
     -1.880000      8.508473
     -1.860000      7.954209
     -1.840000      7.389676
     -1.820000      7.010850
     -1.800000      7.020702
     -1.780000      7.538381
     -1.760000      8.433456
     -1.740000      9.289395
     -1.720000      9.738654
     -1.700000      9.858486
     -1.680000     10.072277
     -1.660000     10.622243
     -1.640000     11.250911
     -1.620000     11.466990
     -1.600000     11.020817
     -1.580000     10.043241
     -1.560000      8.883413
     -1.540000      7.918313
     -1.520000      7.381962
     -1.500000      7.264200
     -1.480000      7.365572
     -1.460000      7.489690
     -1.440000      7.635666
     -1.420000      7.956294
     -1.400000      8.505045
     -1.380000      9.148898
     -1.360000      9.740713
     -1.340000     10.198386
     -1.320000     10.409759
     -1.300000     10.280850
     -1.280000      9.920250
     -1.260000      9.596710
     -1.240000      9.456649
     -1.220000      9.368953
     -1.200000      9.073636
     -1.180000      8.443923
     -1.160000      7.571484
     -1.140000      6.624022
     -1.120000      5.716975
     -1.100000      4.957128
     -1.080000      4.489602
     -1.060000      4.372557
     -1.040000      4.454216
     -1.020000      4.512362
     -1.000000      4.508586
     -0.980000      4.570382
     -0.960000      4.730916
     -0.940000      4.868697
     -0.920000      4.943315
     -0.900000      5.096664
     -0.880000      5.462013
     -0.860000      6.108914
     -0.840000      7.226587
     -0.820000      8.968280
     -0.800000     10.909058
     -0.780000     12.090389
     -0.760000     11.970102
     -0.740000     10.999952
     -0.720000      9.987395
     -0.700000      9.285088
     -0.680000      8.819658
     -0.660000      8.456828
     -0.640000      8.073387
     -0.620000      7.563374
     -0.600000      6.969580
     -0.580000      6.459592
     -0.560000      6.104687
     -0.540000      5.832356
     -0.520000      5.592504
     -0.500000      5.398663
     -0.480000      5.247276
     -0.460000      5.125228
     -0.440000      5.026208
     -0.420000      4.924074
     -0.400000      4.813853
     -0.380000      4.726224
     -0.360000      4.654554
     -0.340000      4.575342
     -0.320000      4.512071
     -0.300000      4.478670
     -0.280000      4.450127
     -0.260000      4.417098
     -0.240000      4.376454
     -0.220000      4.310300
     -0.200000      4.214844
     -0.180000      4.103455
     -0.160000      4.003250
     -0.140000      3.994967
     -0.120000      4.263415
     -0.100000      5.062630
     -0.080000      6.497505
     -0.060000      8.261032
     -0.040000      9.729171
     -0.020000     10.417887
      0.000000     10.213190
      0.020000      9.238669
      0.040000      7.810503
      0.060000      6.428136
      0.080000      5.509707
      0.100000      5.162230
      0.120000      5.275942
      0.140000      5.685662
      0.160000      6.161270
      0.180000      6.410651
      0.200000      6.255487
      0.220000      5.763185
      0.240000      5.133536
      0.260000      4.510212
      0.280000      3.951361
      0.300000      3.500769
      0.320000      3.184439
      0.340000      2.960575
      0.360000      2.761610
      0.380000      2.584060
      0.400000      2.464451
      0.420000      2.383709
      0.440000      2.284700
      0.460000      2.166607
      0.480000      2.074222
      0.500000      2.014290
      0.520000      1.951220
      0.540000      1.866646
      0.560000      1.780609
      0.580000      1.719205
      0.600000      1.675743
      0.620000      1.616787
      0.640000      1.535796
      0.660000      1.469373
      0.680000      1.433440
      0.700000      1.390139
      0.720000      1.317154
      0.740000      1.250440
      0.760000      1.214223
      0.780000      1.176062
      0.800000      1.112738
      0.820000      1.051338
      0.840000      1.011414
      0.860000      0.971825
      0.880000      0.917271
      0.900000      0.862724
      0.920000      0.819320
      0.940000      0.777116
      0.960000      0.728470
      0.980000      0.680337
      1.000000      0.639023
      1.020000      0.600281
      1.040000      0.554409
      1.060000      0.488461
      1.080000      0.391091
      1.100000      0.269398
      1.120000      0.152606
      1.140000      0.068859
      1.160000      0.024200
      1.180000      0.006514
      1.200000      0.001325
      1.220000      0.000202
      1.240000      0.000023
      1.260000      0.000002
      1.280000      0.000000
      1.300000      0.000003
      1.320000      0.000038
      1.340000      0.000323
      1.360000      0.002031
      1.380000      0.009493
      1.400000      0.033374
      1.420000      0.089555
      1.440000      0.187065
      1.460000      0.312177
      1.480000      0.431492
      1.500000      0.520462
      1.520000      0.584184
      1.540000      0.639304
      1.560000      0.689068
      1.580000      0.736023
      1.600000      0.793064
      1.620000      0.857951
      1.640000      0.912969
      1.660000      0.961800
      1.680000      1.024847
      1.700000      1.100552
      1.720000      1.167787
      1.740000      1.221740
      1.760000      1.285101
      1.780000      1.374481
      1.800000      1.467577
      1.820000      1.537079
      1.840000      1.604545
      1.860000      1.708580
      1.880000      1.838549
      1.900000      1.953974
      1.920000      2.054608
      1.940000      2.188486
      1.960000      2.389364
      1.980000      2.641733
      2.000000      2.940376
      2.020000      3.352001
      2.040000      3.935017
      2.060000      4.580673
      2.080000      5.020529
      2.100000      5.068348
      2.120000      4.807944
      2.140000      4.470846
      2.160000      4.185953
      2.180000      3.935517
      2.200000      3.702462
      2.220000      3.538814
      2.240000      3.476941
      2.260000      3.453836
      2.280000      3.379048
      2.300000      3.263645
      2.320000      3.209130
      2.340000      3.253238
      2.360000      3.307938
      2.380000      3.304264
      2.400000      3.340536
      2.420000      3.543130
      2.440000      3.799224
      2.460000      3.861125
      2.480000      3.721673
      2.500000      3.647864
      2.520000      3.865911
      2.540000      4.453674
      2.560000      5.531398
      2.580000      7.250569
      2.600000      9.426934
      2.620000     11.408110
      2.640000     12.534033
      2.660000     12.646205
      2.680000     12.073894
      2.700000     11.254595
      2.720000     10.409954
      2.740000      9.504723
      2.760000      8.506225
      2.780000      7.601822
      2.800000      7.031082
      2.820000      6.810962
      2.840000      6.746068
      2.860000      6.612563
      2.880000      6.294857
      2.900000      5.831330
      2.920000      5.361269
      2.940000      5.003180
      2.960000      4.773192
      2.980000      4.634445
      3.000000      4.609621
      3.020000      4.781718
      3.040000      5.172376
      3.060000      5.698728
      3.080000      6.267415
      3.100000      6.794336
      3.120000      7.120219
      3.140000      7.090728
      3.160000      6.756499
      3.180000      6.336194
      3.200000      6.003979
      3.220000      5.835466
      3.240000      5.863512
      3.260000      6.067077
      3.280000      6.397089
      3.300000      6.859735
      3.320000      7.437488
      3.340000      7.910657
      3.360000      7.953371
      3.380000      7.475825
      3.400000      6.731306
      3.420000      6.059248
      3.440000      5.627106
      3.460000      5.395333
      3.480000      5.237881
      3.500000      5.090134
      3.520000      4.982943
      3.540000      4.939857
      3.560000      4.915661
      3.580000      4.865093
      3.600000      4.793693
      3.620000      4.692691
      3.640000      4.491392
      3.660000      4.148739
      3.680000      3.755423
      3.700000      3.464611
      3.720000      3.335509
      3.740000      3.321146
      3.760000      3.389307
      3.780000      3.550350
      3.800000      3.773426
      3.820000      3.976546
      3.840000      4.091916
      3.860000      4.083001
      3.880000      3.934578
      3.900000      3.682524
      3.920000      3.438812
      3.940000      3.323872
      3.960000      3.334578
      3.980000      3.331841
      4.000000      3.221765
      4.020000      3.088476
      4.040000      3.080670
      4.060000      3.233948
      4.080000      3.489195
      4.100000      3.878420
      4.120000      4.597101
      4.140000      5.772932
      4.160000      7.157472
      4.180000      8.154292
      4.200000      8.246145
      4.220000      7.439840
      4.240000      6.269027
      4.260000      5.334060
      4.280000      4.885281
      4.300000      4.815632
      4.320000      4.898352
      4.340000      4.982649
      4.360000      5.042919
      4.380000      5.101938
      4.400000      5.141469
      4.420000      5.097535
      4.440000      4.919880
      4.460000      4.642554
      4.480000      4.390708
      4.500000      4.275158
      4.520000      4.289473
      4.540000      4.330653
      4.560000      4.293761
      4.580000      4.150898
      4.600000      3.980202
      4.620000      3.907674
      4.640000      3.970422
      4.660000      4.055851
      4.680000      4.032054
      4.700000      3.901158
      4.720000      3.769603
      4.740000      3.723846
      4.760000      3.774288
      4.780000      3.854786
      4.800000      3.863550
      4.820000      3.767882
      4.840000      3.652970
      4.860000      3.617201
      4.880000      3.659142
      4.900000      3.704532
      4.920000      3.693648
      4.940000      3.616527
      4.960000      3.520447
      4.980000      3.489716
      5.000000      3.549703
      5.020000      3.610420
      5.040000      3.581273
      5.060000      3.496479
      5.080000      3.447911
      5.100000      3.452148
      5.120000      3.456760
      5.140000      3.433777
      5.160000      3.405341
      5.180000      3.391568
      5.200000      3.388079
      5.220000      3.387205
      5.240000      3.373262
      5.260000      3.329027
      5.280000      3.285679
      5.300000      3.303025
      5.320000      3.361615
      5.340000      3.365539
      5.360000      3.292525
      5.380000      3.231407
      5.400000      3.240622
      5.420000      3.280645
      5.440000      3.307039
      5.460000      3.325687
      5.480000      3.332230
      5.500000      3.289151
      5.520000      3.195810
      5.540000      3.117632
      5.560000      3.106574
      5.580000      3.131363
      5.600000      3.128499
      5.620000      3.085675
      5.640000      3.033967
      5.660000      2.998542
      5.680000      2.993142
      5.700000      3.026400
      5.720000      3.079216
      5.740000      3.102506
      5.760000      3.067900
      5.780000      3.001783
      5.800000      2.955995
      5.820000      2.973375
      5.840000      3.097700
      5.860000      3.393356
      5.880000      3.904477
      5.900000      4.544234
      5.920000      5.058133
      5.940000      5.207491
      5.960000      4.995401
      5.980000      4.623952
      6.000000      4.267148
      6.020000      3.960649
      6.040000      3.659876
      6.060000      3.367234
      6.080000      3.185560
      6.100000      3.188673
      6.120000      3.295467
      6.140000      3.360782
      6.160000      3.323025
      6.180000      3.206022
      6.200000      3.069230
      6.220000      3.008964
      6.240000      3.103361
      6.260000      3.285234
      6.280000      3.368317
      6.300000      3.271977
      6.320000      3.126262
      6.340000      3.101028
      6.360000      3.217951
      6.380000      3.364938
      6.400000      3.437535
      6.420000      3.443232
      6.440000      3.474072
      6.460000      3.577998
      6.480000      3.691581
      6.500000      3.732331
      6.520000      3.714834
      6.540000      3.720643
      6.560000      3.764085
      6.580000      3.741936
      6.600000      3.566832
      6.620000      3.330542
      6.640000      3.234643
      6.660000      3.335507
      6.680000      3.471135
      6.700000      3.475078
      6.720000      3.345334
      6.740000      3.183799
      6.760000      3.098650
      6.780000      3.160402
      6.800000      3.319262
      6.820000      3.394834
      6.840000      3.267261
      6.860000      3.044501
      6.880000      2.952051
      6.900000      3.078248
      6.920000      3.285445
      6.940000      3.362850
      6.960000      3.232895
      6.980000      3.007905
      7.000000      2.868689
      7.020000      2.913601
      7.040000      3.100315
      7.060000      3.268823
      7.080000      3.245874
      7.100000      3.015754
      7.120000      2.777261
      7.140000      2.756284
      7.160000      2.963673
      7.180000      3.189664
      7.200000      3.229203
      7.220000      3.065118
      7.240000      2.846117
      7.260000      2.745816
      7.280000      2.839982
      7.300000      3.052808
      7.320000      3.194928
      7.340000      3.115238
      7.360000      2.860298
      7.380000      2.645910
      7.400000      2.650074
      7.420000      2.856551
      7.440000      3.084680
      7.460000      3.146089
      7.480000      2.991173
      7.500000      2.734219
      7.520000      2.563623
      7.540000      2.612005
      7.560000      2.842658
      7.580000      3.052785
      7.600000      3.051573
      7.620000      2.844661
      7.640000      2.613221
      7.660000      2.529623
      7.680000      2.625131
      7.700000      2.807190
      7.720000      2.946368
      7.740000      2.951258
      7.760000      2.815027
      7.780000      2.623360
      7.800000      2.503542
      7.820000      2.536989
      7.840000      2.704650
      7.860000      2.892696
      7.880000      2.951336
      7.900000      2.809824
      7.920000      2.568747
      7.940000      2.432070
      7.960000      2.512354
      7.980000      2.728092
      8.000000      2.899068
      8.020000      2.901262
      8.040000      2.734631
      8.060000      2.509832
      8.080000      2.385524
      8.100000      2.464389
      8.120000      2.725714
      8.140000      3.090955
      8.160000      3.554015
      8.180000      4.164494
      8.200000      4.848020
      8.220000      5.368371
      8.240000      5.557043
      8.260000      5.462029
      8.280000      5.207196
      8.300000      4.844364
      8.320000      4.405674
      8.340000      3.986569
      8.360000      3.695010
      8.380000      3.570615
      8.400000      3.568663
      8.420000      3.574227
      8.440000      3.496200
      8.460000      3.365444
      8.480000      3.279598
      8.500000      3.365240
      8.520000      3.824975
      8.540000      4.806342
      8.560000      6.174626
      8.580000      7.528122
      8.600000      8.441812
      8.620000      8.727926
      8.640000      8.554459
      8.660000      8.333368
      8.680000      8.453023
      8.700000      9.040334
      8.720000      9.962117
      8.740000     11.124688
      8.760000     12.690028
      8.780000     14.773667
      8.800000     17.013846
      8.820000     18.767460
      8.840000     19.716787
      8.860000     20.065681
      8.880000     20.198420
      8.900000     20.286613
      8.920000     20.232465
      8.940000     20.013356
      8.960000     19.969336
      8.980000     20.474105
      9.000000     21.352971
      9.020000     21.920175
      9.040000     21.649421
      9.060000     20.665352
      9.080000     19.556107
      9.100000     18.826091
      9.120000     18.546454
      9.140000     18.424310
      9.160000     18.222272
      9.180000     18.162269
      9.200000     18.767976
      9.220000     20.172568
      9.240000     21.728181
      9.260000     22.517625
      9.280000     22.242214
      9.300000     21.466182
      9.320000     21.001451
      9.340000     21.177624
      9.360000     21.735789
      9.380000     22.309155
      9.400000     22.775450
      9.420000     23.030337
      9.440000     22.684173
      9.460000     21.353443
      9.480000     19.192330
      9.500000     16.795408
      9.520000     14.595734
      9.540000     12.641637
      9.560000     10.901363
      9.580000      9.508715
      9.600000      8.703062
      9.620000      8.661108
      9.640000      9.344528
      9.660000     10.433207
      9.680000     11.511541
      9.700000     12.373238
      9.720000     13.038416
      9.740000     13.591614
      9.760000     14.153591
      9.780000     14.785345
      9.800000     15.284251
      9.820000     15.281452
      9.840000     14.640831
      9.860000     13.628475
      9.880000     12.655010
      9.900000     12.028146
      9.920000     11.919237
      9.940000     12.245505
      9.960000     12.601698
      9.980000     12.613812
     10.000000     12.302084
