# EIG2DOS: Utility for SIESTA to obtain the electronic density of states
#
#                                                  Emilio Artacho, Apr. 1999
# --------------------------------------------------------------------------
# Nbands, Nspin, Nk   =    936     1   352
# E_F                 =    -6.1155 eV
# Broadening          =     0.0500 eV
# Number of electrons =   166.9318  167.0310 per cell
#
#        E            N
# --------------------------------------------------------------------------
     -5.000000     13.362158
     -4.990000     13.394340
     -4.980000     13.431225
     -4.970000     13.469420
     -4.960000     13.504357
     -4.950000     13.533526
     -4.940000     13.557703
     -4.930000     13.579313
     -4.920000     13.599368
     -4.910000     13.615670
     -4.900000     13.624094
     -4.890000     13.622413
     -4.880000     13.613851
     -4.870000     13.607267
     -4.860000     13.612970
     -4.850000     13.636407
     -4.840000     13.673960
     -4.830000     13.714243
     -4.820000     13.744819
     -4.810000     13.760336
     -4.800000     13.766553
     -4.790000     13.777014
     -4.780000     13.804071
     -4.770000     13.850121
     -4.760000     13.905149
     -4.750000     13.952566
     -4.740000     13.979654
     -4.730000     13.985858
     -4.720000     13.983640
     -4.710000     13.991449
     -4.700000     14.023242
     -4.690000     14.080717
     -4.680000     14.152535
     -4.670000     14.220612
     -4.660000     14.269802
     -4.650000     14.295709
     -4.640000     14.306677
     -4.630000     14.319134
     -4.620000     14.348967
     -4.610000     14.403615
     -4.600000     14.479078
     -4.590000     14.563254
     -4.580000     14.643284
     -4.570000     14.712344
     -4.560000     14.771930
     -4.550000     14.828955
     -4.540000     14.890490
     -4.530000     14.960073
     -4.520000     15.037632
     -4.510000     15.121881
     -4.500000     15.212529
     -4.490000     15.310707
     -4.480000     15.418375
     -4.470000     15.538452
     -4.460000     15.676124
     -4.450000     15.839577
     -4.440000     16.037792
     -4.430000     16.274896
     -4.420000     16.543587
     -4.410000     16.821781
     -4.400000     17.075481
     -4.390000     17.267549
     -4.380000     17.368825
     -4.370000     17.366836
     -4.360000     17.268779
     -4.350000     17.098270
     -4.340000     16.887850
     -4.330000     16.670284
     -4.320000     16.471358
     -4.310000     16.305950
     -4.300000     16.178044
     -4.290000     16.084126
     -4.280000     16.018264
     -4.270000     15.976470
     -4.260000     15.958402
     -4.250000     15.965949
     -4.240000     15.999979
     -4.230000     16.057438
     -4.220000     16.130601
     -4.210000     16.208960
     -4.200000     16.282832
     -4.190000     16.346974
     -4.180000     16.402564
     -4.170000     16.456720
     -4.160000     16.519891
     -4.150000     16.602567
     -4.140000     16.713151
     -4.130000     16.858169
     -4.120000     17.044416
     -4.110000     17.281105
     -4.100000     17.579652
     -4.090000     17.950031
     -4.080000     18.394833
     -4.070000     18.904016
     -4.060000     19.453402
     -4.050000     20.008231
     -4.040000     20.530416
     -4.030000     20.986319
     -4.020000     21.351946
     -4.010000     21.614258
     -4.000000     21.769439
     -3.990000     21.820066
     -3.980000     21.772722
     -3.970000     21.636471
     -3.960000     21.421835
     -3.950000     21.139719
     -3.940000     20.799958
     -3.930000     20.409305
     -3.920000     19.969040
     -3.910000     19.473262
     -3.900000     18.909829
     -3.890000     18.265768
     -3.880000     17.536826
     -3.870000     16.737404
     -3.860000     15.905055
     -3.850000     15.095132
     -3.840000     14.366211
     -3.830000     13.762356
     -3.820000     13.300604
     -3.810000     12.969414
     -3.800000     12.737902
     -3.790000     12.570297
     -3.780000     12.438240
     -3.770000     12.326002
     -3.760000     12.228286
     -3.750000     12.144131
     -3.740000     12.071547
     -3.730000     12.005906
     -3.720000     11.942141
     -3.710000     11.878315
     -3.700000     11.817428
     -3.690000     11.765686
     -3.680000     11.727999
     -3.670000     11.703597
     -3.660000     11.684958
     -3.650000     11.661320
     -3.640000     11.625048
     -3.630000     11.576901
     -3.620000     11.526486
     -3.610000     11.486899
     -3.600000     11.466225
     -3.590000     11.460763
     -3.580000     11.454008
     -3.570000     11.422022
     -3.560000     11.342197
     -3.550000     11.200899
     -3.540000     10.996934
     -3.530000     10.740632
     -3.520000     10.450414
     -3.510000     10.148834
     -3.500000      9.858862
     -3.490000      9.600311
     -3.480000      9.386672
     -3.470000      9.223480
     -3.460000      9.109407
     -3.450000      9.039721
     -3.440000      9.009875
     -3.430000      9.016484
     -3.420000      9.054917
     -3.410000      9.115741
     -3.400000      9.183768
     -3.390000      9.241887
     -3.380000      9.278105
     -3.370000      9.291284
     -3.360000      9.291337
     -3.350000      9.293146
     -3.340000      9.307661
     -3.330000      9.335540
     -3.320000      9.367123
     -3.310000      9.388603
     -3.300000      9.390660
     -3.290000      9.374538
     -3.280000      9.352200
     -3.270000      9.340429
     -3.260000      9.352046
     -3.250000      9.388969
     -3.240000      9.441029
     -3.230000      9.491418
     -3.220000      9.525839
     -3.210000      9.540090
     -3.200000      9.541730
     -3.190000      9.545183
     -3.180000      9.563814
     -3.170000      9.604126
     -3.160000      9.665460
     -3.150000      9.744742
     -3.140000      9.842808
     -3.130000      9.968324
     -3.120000     10.137207
     -3.110000     10.368160
     -3.100000     10.676895
     -3.090000     11.071886
     -3.080000     11.553392
     -3.070000     12.115660
     -3.060000     12.750679
     -3.050000     13.451476
     -3.040000     14.213700
     -3.030000     15.035642
     -3.020000     15.917458
     -3.010000     16.859763
     -3.000000     17.860453
     -2.990000     18.908282
     -2.980000     19.973578
     -2.970000     20.999835
     -2.960000     21.902386
     -2.950000     22.579145
     -2.940000     22.933133
     -2.930000     22.899753
     -2.920000     22.467913
     -2.910000     21.685964
     -2.900000     20.650239
     -2.890000     19.481512
     -2.880000     18.298809
     -2.870000     17.199016
     -2.860000     16.246430
     -2.850000     15.471785
     -2.840000     14.877594
     -2.830000     14.446147
     -2.820000     14.147493
     -2.810000     13.946195
     -2.800000     13.806821
     -2.790000     13.698592
     -2.780000     13.599164
     -2.770000     13.496771
     -2.760000     13.389669
     -2.750000     13.282670
     -2.740000     13.182053
     -2.730000     13.091233
     -2.720000     13.009236
     -2.710000     12.932426
     -2.700000     12.857957
     -2.690000     12.786494
     -2.680000     12.722284
     -2.670000     12.670343
     -2.660000     12.632435
     -2.650000     12.604474
     -2.640000     12.577315
     -2.630000     12.540852
     -2.620000     12.489110
     -2.610000     12.423220
     -2.600000     12.350501
     -2.590000     12.280405
     -2.580000     12.220020
     -2.570000     12.171640
     -2.560000     12.133168
     -2.550000     12.100182
     -2.540000     12.067989
     -2.530000     12.032790
     -2.520000     11.992304
     -2.510000     11.946546
     -2.500000     11.898799
     -2.490000     11.855738
     -2.480000     11.825451
     -2.470000     11.813306
     -2.460000     11.817587
     -2.450000     11.827992
     -2.440000     11.829044
     -2.430000     11.807496
     -2.420000     11.759779
     -2.410000     11.694959
     -2.400000     11.631066
     -2.390000     11.586586
     -2.380000     11.571652
     -2.370000     11.583386
     -2.360000     11.607422
     -2.350000     11.624521
     -2.340000     11.619047
     -2.330000     11.585576
     -2.320000     11.530920
     -2.310000     11.470866
     -2.300000     11.423287
     -2.290000     11.400863
     -2.280000     11.406627
     -2.270000     11.433862
     -2.260000     11.469542
     -2.250000     11.499082
     -2.240000     11.510416
     -2.230000     11.496716
     -2.220000     11.458103
     -2.210000     11.402417
     -2.200000     11.344137
     -2.190000     11.300230
     -2.180000     11.283270
     -2.170000     11.294696
     -2.160000     11.322487
     -2.150000     11.345910
     -2.140000     11.345823
     -2.130000     11.314983
     -2.120000     11.262148
     -2.110000     11.207210
     -2.100000     11.170194
     -2.090000     11.160695
     -2.080000     11.173937
     -2.070000     11.195223
     -2.060000     11.209424
     -2.050000     11.209327
     -2.040000     11.197986
     -2.030000     11.184391
     -2.020000     11.176093
     -2.010000     11.174114
     -2.000000     11.173466
     -1.990000     11.168448
     -1.980000     11.158401
     -1.970000     11.149323
     -1.960000     11.149832
     -1.950000     11.164170
     -1.940000     11.187320
     -1.930000     11.206077
     -1.920000     11.206088
     -1.910000     11.180840
     -1.900000     11.137142
     -1.890000     11.093380
     -1.880000     11.070980
     -1.870000     11.083405
     -1.860000     11.128703
     -1.850000     11.189824
     -1.840000     11.242791
     -1.830000     11.268458
     -1.820000     11.261689
     -1.810000     11.233289
     -1.800000     11.204008
     -1.790000     11.193915
     -1.780000     11.212502
     -1.770000     11.254116
     -1.760000     11.300699
     -1.750000     11.330414
     -1.740000     11.328235
     -1.730000     11.293679
     -1.720000     11.242152
     -1.710000     11.199141
     -1.700000     11.189669
     -1.690000     11.227422
     -1.680000     11.308140
     -1.670000     11.410156
     -1.660000     11.502134
     -1.650000     11.555183
     -1.640000     11.554520
     -1.630000     11.505642
     -1.620000     11.432033
     -1.610000     11.365028
     -1.600000     11.330194
     -1.590000     11.336417
     -1.580000     11.372778
     -1.570000     11.414600
     -1.560000     11.435670
     -1.550000     11.420717
     -1.540000     11.372341
     -1.530000     11.309365
     -1.520000     11.257770
     -1.510000     11.238685
     -1.500000     11.258989
     -1.490000     11.308553
     -1.480000     11.364952
     -1.470000     11.403202
     -1.460000     11.406187
     -1.450000     11.371619
     -1.440000     11.313055
     -1.430000     11.254833
     -1.420000     11.222765
     -1.410000     11.233780
     -1.400000     11.288334
     -1.390000     11.368921
     -1.380000     11.446148
     -1.370000     11.490741
     -1.360000     11.486632
     -1.350000     11.439035
     -1.340000     11.373109
     -1.330000     11.323167
     -1.320000     11.317133
     -1.310000     11.363572
     -1.300000     11.447603
     -1.290000     11.537745
     -1.280000     11.600489
     -1.270000     11.615604
     -1.260000     11.584967
     -1.250000     11.531000
     -1.240000     11.485881
     -1.230000     11.477021
     -1.220000     11.515673
     -1.210000     11.593522
     -1.200000     11.688013
     -1.190000     11.773137
     -1.180000     11.830337
     -1.170000     11.854914
     -1.160000     11.856073
     -1.150000     11.851825
     -1.140000     11.861774
     -1.130000     11.900720
     -1.120000     11.974736
     -1.110000     12.080155
     -1.100000     12.205282
     -1.090000     12.334473
     -1.080000     12.453658
     -1.070000     12.555491
     -1.060000     12.641713
     -1.050000     12.721097
     -1.040000     12.803497
     -1.030000     12.892877
     -1.020000     12.983077
     -1.010000     13.058746
     -1.000000     13.101086
     -0.990000     13.095547
     -0.980000     13.037854
     -0.970000     12.935927
     -0.960000     12.807388
     -0.950000     12.674281
     -0.940000     12.557331
     -0.930000     12.471594
     -0.920000     12.424209
     -0.910000     12.414035
     -0.900000     12.432657
     -0.890000     12.466593
     -0.880000     12.500711
     -0.870000     12.522681
     -0.860000     12.527541
     -0.850000     12.520787
     -0.840000     12.518229
     -0.830000     12.541615
     -0.820000     12.610675
     -0.810000     12.734163
     -0.800000     12.903732
     -0.790000     13.093877
     -0.780000     13.268698
     -0.770000     13.393039
     -0.760000     13.443401
     -0.750000     13.414334
     -0.740000     13.318234
     -0.730000     13.179259
     -0.720000     13.024027
     -0.710000     12.872374
     -0.700000     12.731041
     -0.690000     12.592150
     -0.680000     12.436890
     -0.670000     12.243178
     -0.660000     11.994763
     -0.650000     11.688716
     -0.640000     11.338719
     -0.630000     10.972857
     -0.620000     10.626238
     -0.610000     10.330623
     -0.600000     10.104669
     -0.590000      9.948672
     -0.580000      9.846219
     -0.570000      9.772167
     -0.560000      9.703322
     -0.550000      9.627017
     -0.540000      9.544136
     -0.530000      9.466244
     -0.520000      9.409170
     -0.510000      9.386244
     -0.500000      9.403350
     -0.490000      9.456417
     -0.480000      9.531220
     -0.470000      9.605624
     -0.460000      9.654695
     -0.450000      9.658299
     -0.440000      9.609054
     -0.430000      9.516948
     -0.420000      9.407399
     -0.410000      9.312262
     -0.400000      9.257192
     -0.390000      9.251187
     -0.380000      9.283541
     -0.370000      9.329669
     -0.360000      9.362690
     -0.350000      9.364882
     -0.340000      9.333782
     -0.330000      9.281135
     -0.320000      9.226645
     -0.310000      9.190278
     -0.300000      9.186154
     -0.290000      9.219172
     -0.280000      9.284150
     -0.270000      9.367161
     -0.260000      9.449087
     -0.250000      9.511338
     -0.240000      9.542706
     -0.230000      9.545253
     -0.220000      9.536615
     -0.210000      9.546837
     -0.200000      9.609692
     -0.190000      9.750876
     -0.180000      9.977441
     -0.170000     10.273118
     -0.160000     10.602170
     -0.150000     10.920706
     -0.140000     11.190893
     -0.130000     11.392276
     -0.120000     11.526051
     -0.110000     11.611600
     -0.100000     11.677588
     -0.090000     11.751241
     -0.080000     11.849096
     -0.070000     11.971656
     -0.060000     12.103512
     -0.050000     12.219320
     -0.040000     12.293984
     -0.030000     12.313266
     -0.020000     12.280244
     -0.010000     12.214691
      0.000000     12.145970
      0.010000     12.103097
      0.020000     12.106482
      0.030000     12.164294
      0.040000     12.273830
      0.050000     12.426380
      0.060000     12.613379
      0.070000     12.831738
      0.080000     13.086651
      0.090000     13.390755
      0.100000     13.759310
      0.110000     14.201971
      0.120000     14.712697
      0.130000     15.260428
      0.140000     15.784304
      0.150000     16.197569
      0.160000     16.402571
      0.170000     16.314986
      0.180000     15.890422
      0.190000     15.143758
      0.200000     14.153206
      0.210000     13.046187
      0.220000     11.970245
      0.230000     11.056794
      0.240000     10.387853
      0.250000      9.976028
      0.260000      9.765390
      0.270000      9.654813
      0.280000      9.536849
      0.290000      9.337769
      0.300000      9.042586
      0.310000      8.694803
      0.320000      8.371760
      0.330000      8.147136
      0.340000      8.057066
      0.350000      8.083642
      0.360000      8.161416
      0.370000      8.202962
      0.380000      8.132338
      0.390000      7.912926
      0.400000      7.559128
      0.410000      7.128448
      0.420000      6.698421
      0.430000      6.338276
      0.440000      6.086128
      0.450000      5.939295
      0.460000      5.859976
      0.470000      5.793163
      0.480000      5.689613
      0.490000      5.525132
      0.500000      5.308918
      0.510000      5.078123
      0.520000      4.881472
      0.530000      4.759092
      0.540000      4.726639
      0.550000      4.769426
      0.560000      4.848030
      0.570000      4.912749
      0.580000      4.921467
      0.590000      4.854478
      0.600000      4.720868
      0.610000      4.554190
      0.620000      4.399228
      0.630000      4.295149
      0.640000      4.261489
      0.650000      4.291921
      0.660000      4.357601
      0.670000      4.418396
      0.680000      4.437769
      0.690000      4.395946
      0.700000      4.296637
      0.710000      4.164875
      0.720000      4.036954
      0.730000      3.946522
      0.740000      3.912281
      0.750000      3.931804
      0.760000      3.983421
      0.770000      4.035026
      0.780000      4.056331
      0.790000      4.030018
      0.800000      3.957719
      0.810000      3.858640
      0.820000      3.761532
      0.830000      3.693333
      0.840000      3.669072
      0.850000      3.686886
      0.860000      3.729683
      0.870000      3.772386
      0.880000      3.791760
      0.890000      3.775150
      0.900000      3.725005
      0.910000      3.657576
      0.920000      3.596295
      0.930000      3.562307
      0.940000      3.565762
      0.950000      3.601193
      0.960000      3.648773
      0.970000      3.681057
      0.980000      3.672844
      0.990000      3.610564
      1.000000      3.497627
      1.010000      3.353542
      1.020000      3.206979
      1.030000      3.085415
      1.040000      3.005488
      1.050000      2.967906
      1.060000      2.958822
      1.070000      2.956836
      1.080000      2.942444
      1.090000      2.905879
      1.100000      2.850190
      1.110000      2.788654
      1.120000      2.738035
      1.130000      2.710796
      1.140000      2.709473
      1.150000      2.725340
      1.160000      2.741754
      1.170000      2.740825
      1.180000      2.710767
      1.190000      2.650834
      1.200000      2.571633
      1.210000      2.490522
      1.220000      2.424146
      1.230000      2.381556
      1.240000      2.361074
      1.250000      2.352141
      1.260000      2.340963
      1.270000      2.317078
      1.280000      2.277820
      1.290000      2.228849
      1.300000      2.180861
      1.310000      2.144201
      1.320000      2.123911
      1.330000      2.117431
      1.340000      2.115945
      1.350000      2.108736
      1.360000      2.088454
      1.370000      2.054672
      1.380000      2.013854
      1.390000      1.975720
      1.400000      1.948010
      1.410000      1.932511
      1.420000      1.924520
      1.430000      1.915867
      1.440000      1.899583
      1.450000      1.873524
      1.460000      1.841038
      1.470000      1.808580
      1.480000      1.781898
      1.490000      1.762987
      1.500000      1.749401
      1.510000      1.736078
      1.520000      1.718454
      1.530000      1.695023
      1.540000      1.667902
      1.550000      1.641185
      1.560000      1.618222
      1.570000      1.599608
      1.580000      1.583152
      1.590000      1.565683
      1.600000      1.545301
      1.610000      1.522448
      1.620000      1.499173
      1.630000      1.477395
      1.640000      1.457584
      1.650000      1.438774
      1.660000      1.419612
      1.670000      1.399429
      1.680000      1.378485
      1.690000      1.357408
      1.700000      1.336428
      1.710000      1.314964
      1.720000      1.291619
      1.730000      1.264278
      1.740000      1.230064
      1.750000      1.185289
      1.760000      1.125755
      1.770000      1.047672
      1.780000      0.949067
      1.790000      0.831176
      1.800000      0.699114
      1.810000      0.561345
      1.820000      0.427972
      1.830000      0.308395
      1.840000      0.209229
      1.850000      0.133217
      1.860000      0.079390
      1.870000      0.044188
      1.880000      0.022929
      1.890000      0.011076
      1.900000      0.004975
      1.910000      0.002076
      1.920000      0.000804
      1.930000      0.000289
      1.940000      0.000096
      1.950000      0.000030
      1.960000      0.000008
      1.970000      0.000002
      1.980000      0.000001
      1.990000      0.000000
      2.000000      0.000000
      2.010000      0.000000
      2.020000      0.000000
      2.030000      0.000000
      2.040000      0.000000
      2.050000      0.000000
      2.060000      0.000000
      2.070000      0.000000
      2.080000      0.000000
      2.090000      0.000000
      2.100000      0.000000
      2.110000      0.000000
      2.120000      0.000000
      2.130000      0.000000
      2.140000      0.000000
      2.150000      0.000000
      2.160000      0.000000
      2.170000      0.000000
      2.180000      0.000000
      2.190000      0.000000
      2.200000      0.000000
      2.210000      0.000000
      2.220000      0.000000
      2.230000      0.000000
      2.240000      0.000000
      2.250000      0.000000
      2.260000      0.000000
      2.270000      0.000000
      2.280000      0.000000
      2.290000      0.000000
      2.300000      0.000000
      2.310000      0.000000
      2.320000      0.000000
      2.330000      0.000000
      2.340000      0.000000
      2.350000      0.000000
      2.360000      0.000000
      2.370000      0.000000
      2.380000      0.000000
      2.390000      0.000000
      2.400000      0.000000
      2.410000      0.000000
      2.420000      0.000000
      2.430000      0.000000
      2.440000      0.000000
      2.450000      0.000000
      2.460000      0.000000
      2.470000      0.000000
      2.480000      0.000000
      2.490000      0.000000
      2.500000      0.000000
      2.510000      0.000000
      2.520000      0.000000
      2.530000      0.000000
      2.540000      0.000000
      2.550000      0.000000
      2.560000      0.000000
      2.570000      0.000000
      2.580000      0.000000
      2.590000      0.000000
      2.600000      0.000000
      2.610000      0.000000
      2.620000      0.000000
      2.630000      0.000000
      2.640000      0.000000
      2.650000      0.000000
      2.660000      0.000000
      2.670000      0.000000
      2.680000      0.000000
      2.690000      0.000000
      2.700000      0.000000
      2.710000      0.000000
      2.720000      0.000000
      2.730000      0.000000
      2.740000      0.000000
      2.750000      0.000000
      2.760000      0.000000
      2.770000      0.000000
      2.780000      0.000000
      2.790000      0.000000
      2.800000      0.000000
      2.810000      0.000001
      2.820000      0.000005
      2.830000      0.000019
      2.840000      0.000064
      2.850000      0.000198
      2.860000      0.000568
      2.870000      0.001512
      2.880000      0.003733
      2.890000      0.008559
      2.900000      0.018246
      2.910000      0.036199
      2.920000      0.066932
      2.930000      0.115532
      2.940000      0.186543
      2.950000      0.282442
      2.960000      0.402213
      2.970000      0.540657
      2.980000      0.688953
      2.990000      0.836452
      3.000000      0.973133
      3.010000      1.091790
      3.020000      1.189188
      3.030000      1.265894
      3.040000      1.325121
      3.050000      1.371233
      3.060000      1.408526
      3.070000      1.440555
      3.080000      1.469919
      3.090000      1.498257
      3.100000      1.526333
      3.110000      1.554256
      3.120000      1.581906
      3.130000      1.609401
      3.140000      1.637273
      3.150000      1.666171
      3.160000      1.696291
      3.170000      1.727051
      3.180000      1.757419
      3.190000      1.786728
      3.200000      1.815361
      3.210000      1.844684
      3.220000      1.876145
      3.230000      1.910152
      3.240000      1.945579
      3.250000      1.980377
      3.260000      2.012948
      3.270000      2.043364
      3.280000      2.073552
      3.290000      2.106224
      3.300000      2.143190
      3.310000      2.184157
      3.320000      2.226832
      3.330000      2.268410
      3.340000      2.307728
      3.350000      2.346986
      3.360000      2.392222
      3.370000      2.452331
      3.380000      2.537097
      3.390000      2.654963
      3.400000      2.811198
      3.410000      3.006787
      3.420000      3.238126
      3.430000      3.497464
      3.440000      3.773969
      3.450000      4.055238
      3.460000      4.328887
      3.470000      4.583855
      3.480000      4.811250
      3.490000      5.004931
      3.500000      5.162222
      3.510000      5.284899
      3.520000      5.380071
      3.530000      5.460033
      3.540000      5.540290
      3.550000      5.635711
      3.560000      5.755890
      3.570000      5.901745
      3.580000      6.065344
      3.590000      6.233792
      3.600000      6.396041
      3.610000      6.549633
      3.620000      6.703867
      3.630000      6.877234
      3.640000      7.089801
      3.650000      7.354185
      3.660000      7.670125
      3.670000      8.026375
      3.680000      8.409746
      3.690000      8.816582
      3.700000      9.259138
      3.710000      9.760681
      3.720000     10.338872
      3.730000     10.984407
      3.740000     11.646786
      3.750000     12.237530
      3.760000     12.653184
      3.770000     12.809998
      3.780000     12.675143
      3.790000     12.280106
      3.800000     11.710100
      3.810000     11.074573
      3.820000     10.472051
      3.830000      9.963890
      3.840000      9.565922
      3.850000      9.258167
      3.860000      9.005300
      3.870000      8.777486
      3.880000      8.563138
      3.890000      8.370300
      3.900000      8.218770
      3.910000      8.128434
      3.920000      8.109567
      3.930000      8.158810
      3.940000      8.261487
      3.950000      8.398283
      3.960000      8.552799
      3.970000      8.716338
      3.980000      8.887608
      3.990000      9.067485
      4.000000      9.251665
      4.010000      9.425417
      4.020000      9.563772
      4.030000      9.637618
      4.040000      9.623020
      4.050000      9.509513
      4.060000      9.303937
      4.070000      9.028714
      4.080000      8.715828
      4.090000      8.399014
      4.100000      8.106658
      4.110000      7.857120
      4.120000      7.657137
      4.130000      7.503030
      4.140000      7.383776
      4.150000      7.284779
      4.160000      7.191466
      4.170000      7.092248
      4.180000      6.980723
      4.190000      6.856909
      4.200000      6.727092
      4.210000      6.601967
      4.220000      6.493275
      4.230000      6.409858
      4.240000      6.354415
      4.250000      6.322102
      4.260000      6.301554
      4.270000      6.278234
      4.280000      6.239186
      4.290000      6.177547
      4.300000      6.094925
      4.310000      6.000504
      4.320000      5.907207
      4.330000      5.826798
      4.340000      5.766093
      4.350000      5.725571
      4.360000      5.700187
      4.370000      5.681370
      4.380000      5.659369
      4.390000      5.625568
      4.400000      5.574683
      4.410000      5.506409
      4.420000      5.425958
      4.430000      5.343060
      4.440000      5.269542
      4.450000      5.215975
      4.460000      5.188197
      4.470000      5.184741
      4.480000      5.196343
      4.490000      5.208271
      4.500000      5.205056
      4.510000      5.175843
      4.520000      5.117992
      4.530000      5.037363
      4.540000      4.945394
      4.550000      4.854487
      4.560000      4.773557
      4.570000      4.705040
      4.580000      4.643933
      4.590000      4.579053
      4.600000      4.496495
      4.610000      4.384652
      4.620000      4.239260
      4.630000      4.066364
      4.640000      3.881673
      4.650000      3.706373
      4.660000      3.561204
      4.670000      3.461159
      4.680000      3.412371
      4.690000      3.411331
      4.700000      3.445785
      4.710000      3.496877
      4.720000      3.542719
      4.730000      3.563506
      4.740000      3.547195
      4.750000      3.493585
      4.760000      3.414586
      4.770000      3.330028
      4.780000      3.260655
      4.790000      3.221347
      4.800000      3.217145
      4.810000      3.242890
      4.820000      3.285600
      4.830000      3.328199
      4.840000      3.353724
      4.850000      3.349661
      4.860000      3.311861
      4.870000      3.246764
      4.880000      3.170436
      4.890000      3.103866
      4.900000      3.065801
      4.910000      3.065928
      4.920000      3.101338
      4.930000      3.157758
      4.940000      3.214806
      4.950000      3.252850
      4.960000      3.258706
      4.970000      3.228471
      4.980000      3.167328
      4.990000      3.087335
      5.000000      3.004458
