# EIG2DOS: Utility for SIESTA to obtain the electronic density of states
#
#                                                  Emilio Artacho, Apr. 1999
# --------------------------------------------------------------------------
# Nbands, Nspin, Nk   =    936     1   352
# E_F                 =    -5.9438 eV
# Broadening          =     0.0500 eV
# Number of electrons =   285.6250  286.1228 per cell
#
#        E            N
# --------------------------------------------------------------------------
    -10.000000      5.768827
     -9.980000      5.630680
     -9.960000      5.453394
     -9.940000      5.277942
     -9.920000      5.188839
     -9.900000      5.276610
     -9.880000      5.543177
     -9.860000      5.849444
     -9.840000      6.020131
     -9.820000      6.005942
     -9.800000      5.889349
     -9.780000      5.748985
     -9.760000      5.583599
     -9.740000      5.376522
     -9.720000      5.183227
     -9.700000      5.137065
     -9.680000      5.399502
     -9.660000      6.085729
     -9.640000      7.150662
     -9.620000      8.294784
     -9.600000      9.032017
     -9.580000      8.957240
     -9.560000      8.030057
     -9.540000      6.625293
     -9.520000      5.319192
     -9.500000      4.615644
     -9.480000      4.757052
     -9.460000      5.620125
     -9.440000      6.734523
     -9.420000      7.479049
     -9.400000      7.403346
     -9.380000      6.510814
     -9.360000      5.261934
     -9.340000      4.245591
     -9.320000      3.831681
     -9.300000      4.069592
     -9.280000      4.742558
     -9.260000      5.445006
     -9.240000      5.757137
     -9.220000      5.539917
     -9.200000      5.059289
     -9.180000      4.713297
     -9.160000      4.657004
     -9.140000      4.747865
     -9.120000      4.792342
     -9.100000      4.765238
     -9.080000      4.792534
     -9.060000      4.980366
     -9.040000      5.298699
     -9.020000      5.613919
     -9.000000      5.814013
     -8.980000      5.898270
     -8.960000      5.935673
     -8.940000      5.941205
     -8.920000      5.824302
     -8.900000      5.483178
     -8.880000      4.956064
     -8.860000      4.466616
     -8.840000      4.270270
     -8.820000      4.426194
     -8.800000      4.762778
     -8.780000      5.077470
     -8.760000      5.304921
     -8.740000      5.475788
     -8.720000      5.593038
     -8.700000      5.625652
     -8.680000      5.603203
     -8.660000      5.612821
     -8.640000      5.649636
     -8.620000      5.562644
     -8.600000      5.252438
     -8.580000      4.851710
     -8.560000      4.584151
     -8.540000      4.502525
     -8.520000      4.497882
     -8.500000      4.507575
     -8.480000      4.567672
     -8.460000      4.702269
     -8.440000      4.899715
     -8.420000      5.175821
     -8.400000      5.545608
     -8.380000      5.937414
     -8.360000      6.214472
     -8.340000      6.294121
     -8.320000      6.214420
     -8.300000      6.079165
     -8.280000      5.981097
     -8.260000      5.998337
     -8.240000      6.185088
     -8.220000      6.498294
     -8.200000      6.762226
     -8.180000      6.769368
     -8.160000      6.468413
     -8.140000      6.031600
     -8.120000      5.698909
     -8.100000      5.592713
     -8.080000      5.683069
     -8.060000      5.868725
     -8.040000      6.087070
     -8.020000      6.379027
     -8.000000      6.846184
     -7.980000      7.519576
     -7.960000      8.241762
     -7.940000      8.685667
     -7.920000      8.580429
     -7.900000      7.995594
     -7.880000      7.339104
     -7.860000      6.992655
     -7.840000      6.987167
     -7.820000      7.068177
     -7.800000      7.007522
     -7.780000      6.795043
     -7.760000      6.565619
     -7.740000      6.427563
     -7.720000      6.410417
     -7.700000      6.503884
     -7.680000      6.642883
     -7.660000      6.708794
     -7.640000      6.666940
     -7.620000      6.664380
     -7.600000      6.845622
     -7.580000      7.090996
     -7.560000      7.131782
     -7.540000      6.921466
     -7.520000      6.668906
     -7.500000      6.514572
     -7.480000      6.403976
     -7.460000      6.283696
     -7.440000      6.229893
     -7.420000      6.340061
     -7.400000      6.592715
     -7.380000      6.850382
     -7.360000      6.973450
     -7.340000      6.933278
     -7.320000      6.855041
     -7.300000      6.930524
     -7.280000      7.229768
     -7.260000      7.634669
     -7.240000      7.986297
     -7.220000      8.208991
     -7.200000      8.267421
     -7.180000      8.124886
     -7.160000      7.830037
     -7.140000      7.568867
     -7.120000      7.507874
     -7.100000      7.603146
     -7.080000      7.664328
     -7.060000      7.591034
     -7.040000      7.442880
     -7.020000      7.297046
     -7.000000      7.167765
     -6.980000      7.072262
     -6.960000      7.072640
     -6.940000      7.218491
     -6.920000      7.474858
     -6.900000      7.744743
     -6.880000      7.954254
     -6.860000      8.042169
     -6.840000      7.892875
     -6.820000      7.417042
     -6.800000      6.726995
     -6.780000      6.146651
     -6.760000      6.011090
     -6.740000      6.433198
     -6.720000      7.203769
     -6.700000      7.934373
     -6.680000      8.350021
     -6.660000      8.431922
     -6.640000      8.324841
     -6.620000      8.206126
     -6.600000      8.199291
     -6.580000      8.291123
     -6.560000      8.345232
     -6.540000      8.251138
     -6.520000      8.000438
     -6.500000      7.623885
     -6.480000      7.207549
     -6.460000      6.970750
     -6.440000      7.119151
     -6.420000      7.566712
     -6.400000      7.959401
     -6.380000      8.013861
     -6.360000      7.735071
     -6.340000      7.315265
     -6.320000      6.936134
     -6.300000      6.685360
     -6.280000      6.576664
     -6.260000      6.599894
     -6.240000      6.756533
     -6.220000      7.056253
     -6.200000      7.477240
     -6.180000      7.910747
     -6.160000      8.156539
     -6.140000      8.043409
     -6.120000      7.589711
     -6.100000      7.022448
     -6.080000      6.648115
     -6.060000      6.700777
     -6.040000      7.236792
     -6.020000      8.138244
     -6.000000      9.229857
     -5.980000     10.387211
     -5.960000     11.565126
     -5.940000     12.766155
     -5.920000     13.986119
     -5.900000     15.141409
     -5.880000     15.931404
     -5.860000     15.814617
     -5.840000     14.433011
     -5.820000     12.173486
     -5.800000     10.048457
     -5.780000      8.929732
     -5.760000      9.039520
     -5.740000     10.053796
     -5.720000     11.419292
     -5.700000     12.631740
     -5.680000     13.451289
     -5.660000     13.908838
     -5.640000     14.114265
     -5.620000     14.140118
     -5.600000     14.069356
     -5.580000     14.053985
     -5.560000     14.245892
     -5.540000     14.617291
     -5.520000     14.915407
     -5.500000     14.894117
     -5.480000     14.543672
     -5.460000     14.032408
     -5.440000     13.507100
     -5.420000     13.040099
     -5.400000     12.705903
     -5.380000     12.585883
     -5.360000     12.686212
     -5.340000     12.914169
     -5.320000     13.172769
     -5.300000     13.483041
     -5.280000     13.961635
     -5.260000     14.619659
     -5.240000     15.243405
     -5.220000     15.554905
     -5.200000     15.460738
     -5.180000     15.123867
     -5.160000     14.811950
     -5.140000     14.651870
     -5.120000     14.550338
     -5.100000     14.365592
     -5.080000     14.062433
     -5.060000     13.700366
     -5.040000     13.374711
     -5.020000     13.161412
     -5.000000     13.094832
     -4.980000     13.230356
     -4.960000     13.670685
     -4.940000     14.458045
     -4.920000     15.490803
     -4.900000     16.558522
     -4.880000     17.366940
     -4.860000     17.605814
     -4.840000     17.177511
     -4.820000     16.291972
     -4.800000     15.246151
     -4.780000     14.269328
     -4.760000     13.584053
     -4.740000     13.353206
     -4.720000     13.510884
     -4.700000     13.819827
     -4.680000     14.126003
     -4.660000     14.450806
     -4.640000     14.855698
     -4.620000     15.335098
     -4.600000     15.890846
     -4.580000     16.606843
     -4.560000     17.449525
     -4.540000     18.108741
     -4.520000     18.378343
     -4.500000     18.523903
     -4.480000     18.856898
     -4.460000     19.153781
     -4.440000     18.918390
     -4.420000     18.078783
     -4.400000     17.133089
     -4.380000     16.700367
     -4.360000     17.084721
     -4.340000     18.163310
     -4.320000     19.500678
     -4.300000     20.553601
     -4.280000     20.903324
     -4.260000     20.426780
     -4.240000     19.305997
     -4.220000     17.866761
     -4.200000     16.397203
     -4.180000     15.143550
     -4.160000     14.401241
     -4.140000     14.377518
     -4.120000     14.906447
     -4.100000     15.547010
     -4.080000     16.066963
     -4.060000     16.594843
     -4.040000     17.225522
     -4.020000     17.752900
     -4.000000     17.831440
     -3.980000     17.143182
     -3.960000     15.481269
     -3.940000     12.980939
     -3.920000     10.245669
     -3.900000      8.053763
     -3.880000      6.930897
     -3.860000      6.980380
     -3.840000      7.975994
     -3.820000      9.548639
     -3.800000     11.293403
     -3.780000     12.760274
     -3.760000     13.565095
     -3.740000     13.695761
     -3.720000     13.580741
     -3.700000     13.672917
     -3.680000     14.009385
     -3.660000     14.224080
     -3.640000     13.916410
     -3.620000     13.012328
     -3.600000     11.898902
     -3.580000     11.229435
     -3.560000     11.392998
     -3.540000     12.056603
     -3.520000     12.390607
     -3.500000     11.849567
     -3.480000     10.613872
     -3.460000      9.291974
     -3.440000      8.384747
     -3.420000      8.023206
     -3.400000      8.060313
     -3.380000      8.329371
     -3.360000      8.800612
     -3.340000      9.527594
     -3.320000     10.460631
     -3.300000     11.317568
     -3.280000     11.743322
     -3.260000     11.648041
     -3.240000     11.275801
     -3.220000     10.960879
     -3.200000     10.997738
     -3.180000     11.646008
     -3.160000     12.871535
     -3.140000     13.982437
     -3.120000     13.918642
     -3.100000     12.256911
     -3.080000      9.752391
     -3.060000      7.645534
     -3.040000      6.664935
     -3.020000      6.801253
     -3.000000      7.632856
     -2.980000      8.638545
     -2.960000      9.413562
     -2.940000      9.804705
     -2.920000      9.894129
     -2.900000      9.874565
     -2.880000      9.925357
     -2.860000     10.116518
     -2.840000     10.348742
     -2.820000     10.404887
     -2.800000     10.148825
     -2.780000      9.685494
     -2.760000      9.264653
     -2.740000      9.063543
     -2.720000      9.125253
     -2.700000      9.422512
     -2.680000      9.864712
     -2.660000     10.282215
     -2.640000     10.507933
     -2.620000     10.481014
     -2.600000     10.249559
     -2.580000      9.921938
     -2.560000      9.646327
     -2.540000      9.575566
     -2.520000      9.788354
     -2.500000     10.234036
     -2.480000     10.732517
     -2.460000     11.042825
     -2.440000     11.037822
     -2.420000     10.834317
     -2.400000     10.677825
     -2.380000     10.729989
     -2.360000     11.001629
     -2.340000     11.400965
     -2.320000     11.818809
     -2.300000     12.244718
     -2.280000     12.764171
     -2.260000     13.338475
     -2.240000     13.709386
     -2.220000     13.703424
     -2.200000     13.473791
     -2.180000     13.248667
     -2.160000     13.028045
     -2.140000     12.693789
     -2.120000     12.270280
     -2.100000     11.987464
     -2.080000     12.134074
     -2.060000     12.760850
     -2.040000     13.430854
     -2.020000     13.442703
     -2.000000     12.535981
     -1.980000     11.273401
     -1.960000     10.524183
     -1.940000     10.663190
     -1.920000     11.376666
     -1.900000     12.079226
     -1.880000     12.386045
     -1.860000     12.270277
     -1.840000     11.918795
     -1.820000     11.513646
     -1.800000     11.137851
     -1.780000     10.854391
     -1.760000     10.789772
     -1.740000     11.018196
     -1.720000     11.381343
     -1.700000     11.584515
     -1.680000     11.557402
     -1.660000     11.590824
     -1.640000     11.950205
     -1.620000     12.436074
     -1.600000     12.560125
     -1.580000     12.155866
     -1.560000     11.563469
     -1.540000     11.178483
     -1.520000     11.083681
     -1.500000     11.159831
     -1.480000     11.284633
     -1.460000     11.325146
     -1.440000     11.126664
     -1.420000     10.665473
     -1.400000     10.162605
     -1.380000      9.948352
     -1.360000     10.221288
     -1.340000     10.935394
     -1.320000     11.825294
     -1.300000     12.525959
     -1.280000     12.776082
     -1.260000     12.571931
     -1.240000     12.149756
     -1.220000     11.840297
     -1.200000     11.876489
     -1.180000     12.269126
     -1.160000     12.854925
     -1.140000     13.441996
     -1.120000     13.898439
     -1.100000     14.091164
     -1.080000     13.787250
     -1.060000     12.816839
     -1.040000     11.386809
     -1.020000     10.014724
     -1.000000      9.104667
     -0.980000      8.734181
     -0.960000      8.799490
     -0.940000      9.192150
     -0.920000      9.804681
     -0.900000     10.433037
     -0.880000     10.743534
     -0.860000     10.433283
     -0.840000      9.499887
     -0.820000      8.297127
     -0.800000      7.236218
     -0.780000      6.470586
     -0.760000      5.921401
     -0.740000      5.512887
     -0.720000      5.288006
     -0.700000      5.352532
     -0.680000      5.777648
     -0.660000      6.515219
     -0.640000      7.381056
     -0.620000      8.216240
     -0.600000      9.080815
     -0.580000     10.110268
     -0.560000     11.138499
     -0.540000     11.695294
     -0.520000     11.478451
     -0.500000     10.634533
     -0.480000      9.518094
     -0.460000      8.398494
     -0.440000      7.438509
     -0.420000      6.720919
     -0.400000      6.207925
     -0.380000      5.795554
     -0.360000      5.440336
     -0.340000      5.182366
     -0.320000      5.084077
     -0.300000      5.197397
     -0.280000      5.567451
     -0.260000      6.209641
     -0.240000      7.040119
     -0.220000      7.847591
     -0.200000      8.378334
     -0.180000      8.486550
     -0.160000      8.242022
     -0.140000      7.891705
     -0.120000      7.670352
     -0.100000      7.644402
     -0.080000      7.757520
     -0.060000      7.948777
     -0.040000      8.134728
     -0.020000      8.153655
      0.000000      7.872913
      0.020000      7.338078
      0.040000      6.733659
      0.060000      6.221598
      0.080000      5.860901
      0.100000      5.650298
      0.120000      5.579040
      0.140000      5.597428
      0.160000      5.600489
      0.180000      5.506162
      0.200000      5.302225
      0.220000      5.023827
      0.240000      4.752396
      0.260000      4.581664
      0.280000      4.534119
      0.300000      4.527317
      0.320000      4.411028
      0.340000      4.099057
      0.360000      3.713983
      0.380000      3.498973
      0.400000      3.559549
      0.420000      3.770521
      0.440000      3.905629
      0.460000      3.807166
      0.480000      3.477682
      0.500000      3.074229
      0.520000      2.828756
      0.540000      2.894868
      0.560000      3.181662
      0.580000      3.376963
      0.600000      3.210377
      0.620000      2.691372
      0.640000      2.084574
      0.660000      1.687182
      0.680000      1.648821
      0.700000      1.959638
      0.720000      2.508646
      0.740000      3.099824
      0.760000      3.496835
      0.780000      3.567601
      0.800000      3.382104
      0.820000      3.122517
      0.840000      2.913430
      0.860000      2.756760
      0.880000      2.601763
      0.900000      2.435146
      0.920000      2.288096
      0.940000      2.182871
      0.960000      2.104130
      0.980000      2.025261
      1.000000      1.946893
      1.020000      1.886857
      1.040000      1.839268
      1.060000      1.781852
      1.080000      1.716602
      1.100000      1.661663
      1.120000      1.615461
      1.140000      1.564785
      1.160000      1.510620
      1.180000      1.460220
      1.200000      1.412312
      1.220000      1.364238
      1.240000      1.317449
      1.260000      1.271084
      1.280000      1.222979
      1.300000      1.175800
      1.320000      1.132585
      1.340000      1.089728
      1.360000      1.042646
      1.380000      0.995390
      1.400000      0.954117
      1.420000      0.914069
      1.440000      0.867629
      1.460000      0.820225
      1.480000      0.778375
      1.500000      0.731426
      1.520000      0.666001
      1.540000      0.584869
      1.560000      0.498990
      1.580000      0.417357
      1.600000      0.350059
      1.620000      0.304647
      1.640000      0.275609
      1.660000      0.249561
      1.680000      0.218623
      1.700000      0.179888
      1.720000      0.132213
      1.740000      0.081765
      1.760000      0.040634
      1.780000      0.015774
      1.800000      0.004701
      1.820000      0.001063
      1.840000      0.000187
      1.860000      0.000086
      1.880000      0.000439
      1.900000      0.002248
      1.920000      0.008719
      1.940000      0.025781
      1.960000      0.058951
      1.980000      0.106557
      2.000000      0.157954
      2.020000      0.202864
      2.040000      0.239981
      2.060000      0.274434
      2.080000      0.315951
      2.100000      0.378220
      2.120000      0.464468
      2.140000      0.558552
      2.160000      0.643084
      2.180000      0.714425
      2.200000      0.774817
      2.220000      0.826525
      2.240000      0.874365
      2.260000      0.923773
      2.280000      0.976661
      2.300000      1.029798
      2.320000      1.080069
      2.340000      1.131871
      2.360000      1.189760
      2.380000      1.248045
      2.400000      1.301857
      2.420000      1.358851
      2.440000      1.424756
      2.460000      1.490420
      2.480000      1.549390
      2.500000      1.613648
      2.520000      1.692871
      2.540000      1.773395
      2.560000      1.842660
      2.580000      1.918084
      2.600000      2.019875
      2.620000      2.133122
      2.640000      2.236552
      2.660000      2.355219
      2.680000      2.541773
      2.700000      2.815299
      2.720000      3.163387
      2.740000      3.580717
      2.760000      4.016885
      2.780000      4.293704
      2.800000      4.215846
      2.820000      3.802057
      2.840000      3.273011
      2.860000      2.803437
      2.880000      2.448524
      2.900000      2.313089
      2.920000      2.583398
      2.940000      3.262327
      2.960000      3.953922
      2.980000      4.097281
      3.000000      3.507137
      3.020000      2.571358
      3.040000      1.853289
      3.060000      1.656986
      3.080000      1.999771
      3.100000      2.756866
      3.120000      3.699018
      3.140000      4.547814
      3.160000      5.182369
      3.180000      5.757109
      3.200000      6.488696
      3.220000      7.370689
      3.240000      8.183724
      3.260000      8.718776
      3.280000      8.951165
      3.300000      9.076033
      3.320000      9.378699
      3.340000      9.969386
      3.360000     10.636070
      3.380000     11.032794
      3.400000     10.996228
      3.420000     10.623717
      3.440000     10.100927
      3.460000      9.584682
      3.480000      9.238820
      3.500000      9.183427
      3.520000      9.317748
      3.540000      9.335100
      3.560000      9.033628
      3.580000      8.540094
      3.600000      8.143059
      3.620000      7.990904
      3.640000      8.018417
      3.660000      8.057733
      3.680000      7.950279
      3.700000      7.637074
      3.720000      7.198622
      3.740000      6.772023
      3.760000      6.442417
      3.780000      6.253750
      3.800000      6.244247
      3.820000      6.388633
      3.840000      6.564754
      3.860000      6.625964
      3.880000      6.482686
      3.900000      6.145184
      3.920000      5.730819
      3.940000      5.407117
      3.960000      5.297180
      3.980000      5.412879
      4.000000      5.640535
      4.020000      5.786050
      4.040000      5.695557
      4.060000      5.388302
      4.080000      5.043711
      4.100000      4.823752
      4.120000      4.721963
      4.140000      4.581640
      4.160000      4.247528
      4.180000      3.733968
      4.200000      3.274549
      4.220000      3.180469
      4.240000      3.617110
      4.260000      4.480450
      4.280000      5.432668
      4.300000      6.077661
      4.320000      6.201880
      4.340000      5.889440
      4.360000      5.376394
      4.380000      4.803379
      4.400000      4.173078
      4.420000      3.524893
      4.440000      3.020738
      4.460000      2.820031
      4.480000      2.953306
      4.500000      3.332566
      4.520000      3.809268
      4.540000      4.216702
      4.560000      4.438093
      4.580000      4.472818
      4.600000      4.418372
      4.620000      4.390488
      4.640000      4.456475
      4.660000      4.590227
      4.680000      4.672296
      4.700000      4.603558
      4.720000      4.443567
      4.740000      4.365543
      4.760000      4.460132
      4.780000      4.641997
      4.800000      4.752891
      4.820000      4.714069
      4.840000      4.564023
      4.860000      4.373092
      4.880000      4.175129
      4.900000      3.990177
      4.920000      3.842964
      4.940000      3.732159
      4.960000      3.621357
      4.980000      3.477211
      5.000000      3.317388
      5.020000      3.218877
      5.040000      3.264951
      5.060000      3.480982
      5.080000      3.827276
      5.100000      4.246192
      5.120000      4.689236
      5.140000      5.089185
      5.160000      5.356290
      5.180000      5.446653
      5.200000      5.404760
      5.220000      5.307646
      5.240000      5.194622
      5.260000      5.065147
      5.280000      4.908007
      5.300000      4.719886
      5.320000      4.534190
      5.340000      4.439472
      5.360000      4.520562
      5.380000      4.772309
      5.400000      5.095157
      5.420000      5.346259
      5.440000      5.379058
      5.460000      5.109269
      5.480000      4.610900
      5.500000      4.100135
      5.520000      3.763301
      5.540000      3.625000
      5.560000      3.600777
      5.580000      3.630775
      5.600000      3.714871
      5.620000      3.824207
      5.640000      3.846878
      5.660000      3.688982
      5.680000      3.408784
      5.700000      3.185017
      5.720000      3.153132
      5.740000      3.306395
      5.760000      3.539772
      5.780000      3.755806
      5.800000      3.926331
      5.820000      4.069226
      5.840000      4.187274
      5.860000      4.243788
      5.880000      4.193671
      5.900000      4.036804
      5.920000      3.846809
      5.940000      3.722506
      5.960000      3.697471
      5.980000      3.738909
      6.000000      3.812650
      6.020000      3.873492
      6.040000      3.849134
      6.060000      3.731514
      6.080000      3.630733
      6.100000      3.670257
      6.120000      3.870721
      6.140000      4.153844
      6.160000      4.406078
      6.180000      4.528363
      6.200000      4.466058
      6.220000      4.215128
      6.240000      3.822264
      6.260000      3.397818
      6.280000      3.084271
      6.300000      2.956633
      6.320000      2.964196
      6.340000      2.992140
      6.360000      2.973554
      6.380000      2.942495
      6.400000      2.977103
      6.420000      3.092680
      6.440000      3.223673
      6.460000      3.312977
      6.480000      3.373419
      6.500000      3.450277
      6.520000      3.550701
      6.540000      3.628684
      6.560000      3.634071
      6.580000      3.560041
      6.600000      3.450985
      6.620000      3.373502
      6.640000      3.358975
      6.660000      3.374645
      6.680000      3.384451
      6.700000      3.423877
      6.720000      3.547447
      6.740000      3.717233
      6.760000      3.834183
      6.780000      3.860811
      6.800000      3.829364
      6.820000      3.763351
      6.840000      3.660753
      6.860000      3.529510
      6.880000      3.391826
      6.900000      3.260591
      6.920000      3.142866
      6.940000      3.061425
      6.960000      3.042830
      6.980000      3.085041
      7.000000      3.149199
      7.020000      3.178710
      7.040000      3.140405
      7.060000      3.060848
      7.080000      2.995415
      7.100000      2.961879
      7.120000      2.941744
      7.140000      2.926990
      7.160000      2.922350
      7.180000      2.922131
      7.200000      2.913710
      7.220000      2.888911
      7.240000      2.843212
      7.260000      2.781560
      7.280000      2.730135
      7.300000      2.719964
      7.320000      2.757201
      7.340000      2.836571
      7.360000      2.965764
      7.380000      3.135767
      7.400000      3.290919
      7.420000      3.369883
      7.440000      3.368832
      7.460000      3.341650
      7.480000      3.338229
      7.500000      3.363269
      7.520000      3.391146
      7.540000      3.386908
      7.560000      3.328550
      7.580000      3.244775
      7.600000      3.199723
      7.620000      3.213908
      7.640000      3.235498
      7.660000      3.207471
      7.680000      3.130977
      7.700000      3.049086
      7.720000      2.993513
      7.740000      2.962377
      7.760000      2.945989
      7.780000      2.948353
      7.800000      2.966188
      7.820000      2.985333
      7.840000      3.015814
      7.860000      3.088399
      7.880000      3.205259
      7.900000      3.316896
      7.920000      3.334593
      7.940000      3.167123
      7.960000      2.799371
      7.980000      2.341325
      8.000000      1.959096
      8.020000      1.759166
      8.040000      1.745603
      8.060000      1.852364
      8.080000      1.993905
      8.100000      2.117542
      8.120000      2.234747
      8.140000      2.382782
      8.160000      2.554491
      8.180000      2.703481
      8.200000      2.830096
      8.220000      3.008626
      8.240000      3.278111
      8.260000      3.552961
      8.280000      3.702405
      8.300000      3.676743
      8.320000      3.515384
      8.340000      3.282431
      8.360000      3.032325
      8.380000      2.801821
      8.400000      2.607681
      8.420000      2.464449
      8.440000      2.399998
      8.460000      2.448334
      8.480000      2.638844
      8.500000      2.958547
      8.520000      3.308003
      8.540000      3.569951
      8.560000      3.726767
      8.580000      3.817701
      8.600000      3.821584
      8.620000      3.697005
      8.640000      3.480458
      8.660000      3.241057
      8.680000      2.992854
      8.700000      2.721914
      8.720000      2.452571
      8.740000      2.235692
      8.760000      2.092742
      8.780000      2.005504
      8.800000      1.951317
      8.820000      1.918110
      8.840000      1.894242
      8.860000      1.863607
      8.880000      1.801178
      8.900000      1.682458
      8.920000      1.515966
      8.940000      1.354034
      8.960000      1.265936
      8.980000      1.326918
      9.000000      1.691388
      9.020000      2.730603
      9.040000      4.955993
      9.060000      8.395056
      9.080000     11.890007
      9.100000     13.563737
      9.120000     12.507758
      9.140000      9.760143
      9.160000      7.315595
      9.180000      6.488616
      9.200000      7.365007
      9.220000      9.302204
      9.240000     11.553587
      9.260000     13.517941
      9.280000     14.732860
      9.300000     15.029226
      9.320000     14.761864
      9.340000     14.568024
      9.360000     14.765313
      9.380000     15.130503
      9.400000     15.324571
      9.420000     15.417734
      9.440000     15.827057
      9.460000     16.729542
      9.480000     17.763503
      9.500000     18.410392
      9.520000     18.481872
      9.540000     18.167371
      9.560000     17.778698
      9.580000     17.496964
      9.600000     17.308587
      9.620000     17.176327
      9.640000     17.155634
      9.660000     17.240134
      9.680000     17.234041
      9.700000     16.907947
      9.720000     16.238161
      9.740000     15.477204
      9.760000     14.992271
      9.780000     14.962723
      9.800000     15.228387
      9.820000     15.478442
      9.840000     15.522567
      9.860000     15.323789
      9.880000     14.874339
      9.900000     14.190235
      9.920000     13.467840
      9.940000     13.127900
      9.960000     13.547331
      9.980000     14.723263
     10.000000     16.240142
