# EIG2DOS: Utility for SIESTA to obtain the electronic density of states
#
#                                                  Emilio Artacho, Apr. 1999
# --------------------------------------------------------------------------
# Nbands, Nspin, Nk   =    936     1   352
# E_F                 =    -5.6377 eV
# Broadening          =     0.0500 eV
# Number of electrons =   293.7727  294.2338 per cell
#
#        E            N
# --------------------------------------------------------------------------
    -10.000000      3.101180
     -9.980000      3.359681
     -9.960000      4.170525
     -9.940000      5.289342
     -9.920000      6.291975
     -9.900000      6.758563
     -9.880000      6.585710
     -9.860000      6.066412
     -9.840000      5.597365
     -9.820000      5.360189
     -9.800000      5.299708
     -9.780000      5.297827
     -9.760000      5.283327
     -9.740000      5.231385
     -9.720000      5.154620
     -9.700000      5.092207
     -9.680000      5.044994
     -9.660000      4.939754
     -9.640000      4.734855
     -9.620000      4.531106
     -9.600000      4.477925
     -9.580000      4.596581
     -9.560000      4.789554
     -9.540000      4.992942
     -9.520000      5.228086
     -9.500000      5.498674
     -9.480000      5.697442
     -9.460000      5.669416
     -9.440000      5.404496
     -9.420000      5.139881
     -9.400000      5.160324
     -9.380000      5.501816
     -9.360000      5.990483
     -9.340000      6.495416
     -9.320000      6.936477
     -9.300000      7.149365
     -9.280000      7.007797
     -9.260000      6.668275
     -9.240000      6.504868
     -9.220000      6.753713
     -9.200000      7.283926
     -9.180000      7.723797
     -9.160000      7.786787
     -9.140000      7.482239
     -9.120000      7.037610
     -9.100000      6.654661
     -9.080000      6.363796
     -9.060000      6.083088
     -9.040000      5.746175
     -9.020000      5.353825
     -9.000000      4.968567
     -8.980000      4.697969
     -8.960000      4.649923
     -8.940000      4.869903
     -8.920000      5.295375
     -8.900000      5.763415
     -8.880000      6.107065
     -8.860000      6.285469
     -8.840000      6.400068
     -8.820000      6.559220
     -8.800000      6.772694
     -8.780000      6.999737
     -8.760000      7.205721
     -8.740000      7.328600
     -8.720000      7.286639
     -8.700000      7.075710
     -8.680000      6.808211
     -8.660000      6.608399
     -8.640000      6.493858
     -8.620000      6.411923
     -8.600000      6.350817
     -8.580000      6.337890
     -8.560000      6.388667
     -8.540000      6.525819
     -8.520000      6.771447
     -8.500000      7.086577
     -8.480000      7.398353
     -8.460000      7.674528
     -8.440000      7.899172
     -8.420000      8.038332
     -8.400000      8.077768
     -8.380000      8.000747
     -8.360000      7.745563
     -8.340000      7.308899
     -8.320000      6.838314
     -8.300000      6.507905
     -8.280000      6.357038
     -8.260000      6.313358
     -8.240000      6.303508
     -8.220000      6.300966
     -8.200000      6.326786
     -8.180000      6.437611
     -8.160000      6.673902
     -8.140000      6.984963
     -8.120000      7.222286
     -8.100000      7.242796
     -8.080000      7.033940
     -8.060000      6.722164
     -8.040000      6.445405
     -8.020000      6.252378
     -8.000000      6.141725
     -7.980000      6.134357
     -7.960000      6.262207
     -7.940000      6.519920
     -7.920000      6.845637
     -7.900000      7.124862
     -7.880000      7.234171
     -7.860000      7.132603
     -7.840000      6.914676
     -7.820000      6.721413
     -7.800000      6.582517
     -7.780000      6.435646
     -7.760000      6.321379
     -7.740000      6.414101
     -7.720000      6.789201
     -7.700000      7.277304
     -7.680000      7.652993
     -7.660000      7.888645
     -7.640000      8.103391
     -7.620000      8.331998
     -7.600000      8.462291
     -7.580000      8.357161
     -7.560000      7.986849
     -7.540000      7.474551
     -7.520000      7.018634
     -7.500000      6.760457
     -7.480000      6.721444
     -7.460000      6.829594
     -7.440000      6.981403
     -7.420000      7.095043
     -7.400000      7.132239
     -7.380000      7.096426
     -7.360000      7.019941
     -7.340000      6.938409
     -7.320000      6.865208
     -7.300000      6.802872
     -7.280000      6.791723
     -7.260000      6.901454
     -7.240000      7.136319
     -7.220000      7.410313
     -7.200000      7.645613
     -7.180000      7.829976
     -7.160000      7.978079
     -7.140000      8.103613
     -7.120000      8.232140
     -7.100000      8.387191
     -7.080000      8.525717
     -7.060000      8.530254
     -7.040000      8.338630
     -7.020000      8.044158
     -7.000000      7.798548
     -6.980000      7.670920
     -6.960000      7.664872
     -6.940000      7.800114
     -6.920000      8.075999
     -6.900000      8.364065
     -6.880000      8.419769
     -6.860000      8.066243
     -6.840000      7.384068
     -6.820000      6.709098
     -6.800000      6.416587
     -6.780000      6.647398
     -6.760000      7.196592
     -6.740000      7.689087
     -6.720000      7.901527
     -6.700000      7.911180
     -6.680000      7.927657
     -6.660000      8.035743
     -6.640000      8.153976
     -6.620000      8.174350
     -6.600000      8.058294
     -6.580000      7.874668
     -6.560000      7.868415
     -6.540000      8.438235
     -6.520000      9.845690
     -6.500000     11.849319
     -6.480000     13.758556
     -6.460000     14.967602
     -6.440000     15.340212
     -6.420000     15.021095
     -6.400000     14.089860
     -6.380000     12.618805
     -6.360000     10.969807
     -6.340000      9.781296
     -6.320000      9.597140
     -6.300000     10.501505
     -6.280000     11.994028
     -6.260000     13.256942
     -6.240000     13.739067
     -6.220000     13.489931
     -6.200000     12.911399
     -6.180000     12.356538
     -6.160000     11.979666
     -6.140000     11.756737
     -6.120000     11.585402
     -6.100000     11.431218
     -6.080000     11.338457
     -6.060000     11.290707
     -6.040000     11.187293
     -6.020000     10.988176
     -6.000000     10.798655
     -5.980000     10.842798
     -5.960000     11.409590
     -5.940000     12.705307
     -5.920000     14.621737
     -5.900000     16.679472
     -5.880000     18.260866
     -5.860000     18.896391
     -5.840000     18.403327
     -5.820000     16.921114
     -5.800000     14.889157
     -5.780000     12.906744
     -5.760000     11.504386
     -5.740000     10.960316
     -5.720000     11.201554
     -5.700000     11.847856
     -5.680000     12.531640
     -5.660000     13.224769
     -5.640000     14.068494
     -5.620000     14.942145
     -5.600000     15.461592
     -5.580000     15.358368
     -5.560000     14.659401
     -5.540000     13.543782
     -5.520000     12.236345
     -5.500000     11.127758
     -5.480000     10.805770
     -5.460000     11.643856
     -5.440000     13.292994
     -5.420000     14.883858
     -5.400000     15.910281
     -5.380000     16.640263
     -5.360000     17.506806
     -5.340000     18.461148
     -5.320000     19.147053
     -5.300000     19.366484
     -5.280000     19.110396
     -5.260000     18.371966
     -5.240000     17.211876
     -5.220000     15.958334
     -5.200000     15.117966
     -5.180000     14.988543
     -5.160000     15.428600
     -5.140000     16.019197
     -5.120000     16.381142
     -5.100000     16.370043
     -5.080000     16.030077
     -5.060000     15.397538
     -5.040000     14.510009
     -5.020000     13.635127
     -5.000000     13.192500
     -4.980000     13.359734
     -4.960000     13.948024
     -4.940000     14.578570
     -4.920000     14.822517
     -4.900000     14.387645
     -4.880000     13.409151
     -4.860000     12.480698
     -4.840000     12.247598
     -4.820000     12.928430
     -4.800000     14.182271
     -4.780000     15.358145
     -4.760000     15.926785
     -4.740000     15.867585
     -4.720000     15.698531
     -4.700000     15.937649
     -4.680000     16.444951
     -4.660000     16.526161
     -4.640000     15.815786
     -4.620000     14.756909
     -4.600000     13.981550
     -4.580000     13.506348
     -4.560000     12.839403
     -4.540000     11.745183
     -4.520000     10.674634
     -4.500000     10.427910
     -4.480000     11.429298
     -4.460000     13.259214
     -4.440000     14.906084
     -4.420000     15.628211
     -4.400000     15.526952
     -4.380000     15.156356
     -4.360000     14.829942
     -4.340000     14.539060
     -4.320000     14.251417
     -4.300000     14.034381
     -4.280000     14.012309
     -4.260000     14.226329
     -4.240000     14.490339
     -4.220000     14.566034
     -4.200000     14.491192
     -4.180000     14.511809
     -4.160000     14.754210
     -4.140000     15.112331
     -4.120000     15.321860
     -4.100000     15.094666
     -4.080000     14.368832
     -4.060000     13.494294
     -4.040000     13.007061
     -4.020000     13.093105
     -4.000000     13.385776
     -3.980000     13.427525
     -3.960000     13.204946
     -3.940000     13.032766
     -3.920000     13.010180
     -3.900000     12.884675
     -3.880000     12.538543
     -3.860000     12.352112
     -3.840000     12.809467
     -3.820000     13.818843
     -3.800000     14.652228
     -3.780000     14.549743
     -3.760000     13.297118
     -3.740000     11.359419
     -3.720000      9.608284
     -3.700000      8.768283
     -3.680000      8.922050
     -3.660000      9.577050
     -3.640000     10.232392
     -3.620000     10.749470
     -3.600000     11.190148
     -3.580000     11.534194
     -3.560000     11.653138
     -3.540000     11.429205
     -3.520000     10.850182
     -3.500000     10.066548
     -3.480000      9.366326
     -3.460000      9.027727
     -3.440000      9.140793
     -3.420000      9.569913
     -3.400000     10.110925
     -3.380000     10.677720
     -3.360000     11.296194
     -3.340000     11.902369
     -3.320000     12.257880
     -3.300000     12.188327
     -3.280000     11.786424
     -3.260000     11.207537
     -3.240000     10.441488
     -3.220000      9.534682
     -3.200000      8.847234
     -3.180000      8.782079
     -3.160000      9.384228
     -3.140000     10.443710
     -3.120000     11.777689
     -3.100000     13.089392
     -3.080000     13.790503
     -3.060000     13.438735
     -3.040000     12.295320
     -3.020000     11.123312
     -3.000000     10.523199
     -2.980000     10.654945
     -2.960000     11.335884
     -2.940000     12.117031
     -2.920000     12.464702
     -2.900000     12.110237
     -2.880000     11.193430
     -2.860000     10.133608
     -2.840000      9.461909
     -2.820000      9.595588
     -2.800000     10.571557
     -2.780000     11.997058
     -2.760000     13.297363
     -2.740000     14.024084
     -2.720000     13.970312
     -2.700000     13.130212
     -2.680000     11.699841
     -2.660000     10.071237
     -2.640000      8.677076
     -2.620000      7.794200
     -2.600000      7.467086
     -2.580000      7.548367
     -2.560000      7.802742
     -2.540000      8.036716
     -2.520000      8.192904
     -2.500000      8.333580
     -2.480000      8.502491
     -2.460000      8.599744
     -2.440000      8.448679
     -2.420000      7.998526
     -2.400000      7.394190
     -2.380000      6.839966
     -2.360000      6.470029
     -2.340000      6.350922
     -2.320000      6.498183
     -2.300000      6.816083
     -2.280000      7.074694
     -2.260000      7.044044
     -2.240000      6.682367
     -2.220000      6.162871
     -2.200000      5.701535
     -2.180000      5.404591
     -2.160000      5.340199
     -2.140000      5.681780
     -2.120000      6.593516
     -2.100000      7.921789
     -2.080000      9.135162
     -2.060000      9.741611
     -2.040000      9.806277
     -2.020000      9.902779
     -2.000000     10.486641
     -1.980000     11.463367
     -1.960000     12.379913
     -1.940000     12.885867
     -1.920000     13.009366
     -1.900000     13.035640
     -1.880000     13.107223
     -1.860000     13.077507
     -1.840000     12.801425
     -1.820000     12.338576
     -1.800000     11.842465
     -1.780000     11.430900
     -1.760000     11.116219
     -1.740000     10.779979
     -1.720000     10.318895
     -1.700000      9.869885
     -1.680000      9.921096
     -1.660000     11.157829
     -1.640000     13.754354
     -1.620000     16.534201
     -1.600000     17.461279
     -1.580000     15.576380
     -1.560000     11.996404
     -1.540000      8.626582
     -1.520000      6.484664
     -1.500000      5.493819
     -1.480000      5.207736
     -1.460000      5.346812
     -1.440000      5.842037
     -1.420000      6.566888
     -1.400000      7.161631
     -1.380000      7.253813
     -1.360000      6.814751
     -1.340000      6.188337
     -1.320000      5.814033
     -1.300000      5.944775
     -1.280000      6.484195
     -1.260000      7.030814
     -1.240000      7.232613
     -1.220000      7.212224
     -1.200000      7.499098
     -1.180000      8.432596
     -1.160000      9.852202
     -1.140000     11.455930
     -1.120000     13.095260
     -1.100000     14.566767
     -1.080000     15.466948
     -1.060000     15.469813
     -1.040000     14.639686
     -1.020000     13.412661
     -1.000000     12.306613
     -0.980000     11.626791
     -0.960000     11.364322
     -0.940000     11.289661
     -0.920000     11.112496
     -0.900000     10.628814
     -0.880000      9.839128
     -0.860000      8.937372
     -0.840000      8.138957
     -0.820000      7.538486
     -0.800000      7.124706
     -0.780000      6.847713
     -0.760000      6.614985
     -0.740000      6.273699
     -0.720000      5.703174
     -0.700000      4.957857
     -0.680000      4.281486
     -0.660000      3.951876
     -0.640000      4.090223
     -0.620000      4.594771
     -0.600000      5.227375
     -0.580000      5.747187
     -0.560000      6.019804
     -0.540000      6.066463
     -0.520000      5.985074
     -0.500000      5.816006
     -0.480000      5.547802
     -0.460000      5.235099
     -0.440000      5.011313
     -0.420000      4.973003
     -0.400000      5.110488
     -0.380000      5.338993
     -0.360000      5.537441
     -0.340000      5.580057
     -0.320000      5.399811
     -0.300000      5.027394
     -0.280000      4.557487
     -0.260000      4.100416
     -0.240000      3.764869
     -0.220000      3.636273
     -0.200000      3.733906
     -0.180000      4.004702
     -0.160000      4.357758
     -0.140000      4.668325
     -0.120000      4.774669
     -0.100000      4.552167
     -0.080000      4.035383
     -0.060000      3.444854
     -0.040000      3.047591
     -0.020000      2.987155
      0.000000      3.228820
      0.020000      3.603221
      0.040000      3.901875
      0.060000      3.965129
      0.080000      3.708171
      0.100000      3.154564
      0.120000      2.474532
      0.140000      1.923471
      0.160000      1.744628
      0.180000      2.092884
      0.200000      2.900251
      0.220000      3.795417
      0.240000      4.301228
      0.260000      4.192242
      0.280000      3.642767
      0.300000      3.048176
      0.320000      2.735580
      0.340000      2.781643
      0.360000      3.021700
      0.380000      3.234898
      0.400000      3.333895
      0.420000      3.358764
      0.440000      3.338589
      0.460000      3.245398
      0.480000      3.063566
      0.500000      2.827267
      0.520000      2.586582
      0.540000      2.376137
      0.560000      2.214383
      0.580000      2.101239
      0.600000      2.013280
      0.620000      1.926267
      0.640000      1.840235
      0.660000      1.766656
      0.680000      1.704080
      0.700000      1.640031
      0.720000      1.569630
      0.740000      1.502870
      0.760000      1.448294
      0.780000      1.396724
      0.800000      1.336389
      0.820000      1.274308
      0.840000      1.222579
      0.860000      1.176025
      0.880000      1.123607
      0.900000      1.067831
      0.920000      1.016777
      0.940000      0.970231
      0.960000      0.923394
      0.980000      0.874420
      1.000000      0.824375
      1.020000      0.776154
      1.040000      0.731854
      1.060000      0.688191
      1.080000      0.640478
      1.100000      0.591343
      1.120000      0.547029
      1.140000      0.506240
      1.160000      0.462691
      1.180000      0.417791
      1.200000      0.379564
      1.220000      0.347898
      1.240000      0.311565
      1.260000      0.262856
      1.280000      0.206693
      1.300000      0.153277
      1.320000      0.110276
      1.340000      0.083996
      1.360000      0.080475
      1.380000      0.100600
      1.400000      0.135561
      1.420000      0.170233
      1.440000      0.193578
      1.460000      0.207444
      1.480000      0.224468
      1.500000      0.255536
      1.520000      0.300442
      1.540000      0.352824
      1.560000      0.409090
      1.580000      0.466780
      1.600000      0.521116
      1.620000      0.569651
      1.640000      0.614716
      1.660000      0.660274
      1.680000      0.709865
      1.700000      0.762451
      1.720000      0.811237
      1.740000      0.855690
      1.760000      0.906288
      1.780000      0.965111
      1.800000      1.018435
      1.820000      1.063404
      1.840000      1.117114
      1.860000      1.182772
      1.880000      1.240724
      1.900000      1.288956
      1.920000      1.349485
      1.940000      1.422998
      1.960000      1.487139
      1.980000      1.543624
      2.000000      1.614899
      2.020000      1.699570
      2.040000      1.777891
      2.060000      1.851266
      2.080000      1.941003
      2.100000      2.053333
      2.120000      2.174511
      2.140000      2.313437
      2.160000      2.522905
      2.180000      2.851455
      2.200000      3.294237
      2.220000      3.785337
      2.240000      4.184978
      2.260000      4.314210
      2.280000      4.106746
      2.300000      3.705979
      2.320000      3.339480
      2.340000      3.143458
      2.360000      3.159071
      2.380000      3.402553
      2.400000      3.810663
      2.420000      4.144948
      2.440000      4.088012
      2.460000      3.515686
      2.480000      2.671914
      2.500000      2.042696
      2.520000      2.034334
      2.540000      2.738365
      2.560000      3.907513
      2.580000      5.104717
      2.600000      5.971146
      2.620000      6.438129
      2.640000      6.655639
      2.660000      6.736902
      2.680000      6.695894
      2.700000      6.622263
      2.720000      6.719158
      2.740000      7.117405
      2.760000      7.763045
      2.780000      8.442696
      2.800000      8.864214
      2.820000      8.892178
      2.840000      8.777334
      2.860000      8.926108
      2.880000      9.382637
      2.900000      9.805447
      2.920000     10.002080
      2.940000     10.141104
      2.960000     10.302570
      2.980000     10.160931
      3.000000      9.361883
      3.020000      8.002644
      3.040000      6.531295
      3.060000      5.326053
      3.080000      4.512051
      3.100000      4.037828
      3.120000      3.777266
      3.140000      3.602975
      3.160000      3.450854
      3.180000      3.335681
      3.200000      3.317594
      3.220000      3.479072
      3.240000      3.915192
      3.260000      4.670936
      3.280000      5.643185
      3.300000      6.591691
      3.320000      7.275450
      3.340000      7.557241
      3.360000      7.464448
      3.380000      7.246922
      3.400000      7.249052
      3.420000      7.570638
      3.440000      7.931063
      3.460000      7.985431
      3.480000      7.704435
      3.500000      7.341079
      3.520000      7.102187
      3.540000      6.978431
      3.560000      6.842986
      3.580000      6.583699
      3.600000      6.159969
      3.620000      5.636601
      3.640000      5.157825
      3.660000      4.845679
      3.680000      4.738554
      3.700000      4.808437
      3.720000      5.001288
      3.740000      5.287733
      3.760000      5.673824
      3.780000      6.114749
      3.800000      6.452754
      3.820000      6.521233
      3.840000      6.292260
      3.860000      5.860915
      3.880000      5.315435
      3.900000      4.698318
      3.920000      4.097346
      3.940000      3.693502
      3.960000      3.652785
      3.980000      3.977443
      4.000000      4.478195
      4.020000      4.887223
      4.040000      5.020453
      4.060000      4.871179
      4.080000      4.565531
      4.100000      4.228920
      4.120000      3.905085
      4.140000      3.605468
      4.160000      3.392846
      4.180000      3.354710
      4.200000      3.497863
      4.220000      3.736626
      4.240000      3.989279
      4.260000      4.219403
      4.280000      4.404964
      4.300000      4.546783
      4.320000      4.678199
      4.340000      4.808565
      4.360000      4.890680
      4.380000      4.871155
      4.400000      4.750211
      4.420000      4.586134
      4.440000      4.449009
      4.460000      4.381766
      4.480000      4.421729
      4.500000      4.619330
      4.520000      4.960948
      4.540000      5.302667
      4.560000      5.468363
      4.580000      5.396221
      4.600000      5.150089
      4.620000      4.851426
      4.640000      4.629324
      4.660000      4.554750
      4.680000      4.600927
      4.700000      4.712720
      4.720000      4.866266
      4.740000      5.005889
      4.760000      5.000526
      4.780000      4.752007
      4.800000      4.322472
      4.820000      3.896205
      4.840000      3.632837
      4.860000      3.593794
      4.880000      3.761676
      4.900000      4.049545
      4.920000      4.305557
      4.940000      4.395519
      4.960000      4.305500
      4.980000      4.138090
      5.000000      4.018149
      5.020000      4.002525
      5.040000      4.059805
      5.060000      4.131269
      5.080000      4.174254
      5.100000      4.136935
      5.120000      3.989188
      5.140000      3.814881
      5.160000      3.771986
      5.180000      3.916966
      5.200000      4.129160
      5.220000      4.233171
      5.240000      4.159155
      5.260000      3.974255
      5.280000      3.804467
      5.300000      3.736309
      5.320000      3.750222
      5.340000      3.762284
      5.360000      3.759308
      5.380000      3.837129
      5.400000      4.065526
      5.420000      4.378802
      5.440000      4.644549
      5.460000      4.776920
      5.480000      4.742590
      5.500000      4.533172
      5.520000      4.196973
      5.540000      3.849991
      5.560000      3.597127
      5.580000      3.456446
      5.600000      3.385100
      5.620000      3.358340
      5.640000      3.388667
      5.660000      3.483141
      5.680000      3.614910
      5.700000      3.729688
      5.720000      3.776407
      5.740000      3.732895
      5.760000      3.599632
      5.780000      3.406098
      5.800000      3.233524
      5.820000      3.167570
      5.840000      3.211052
      5.860000      3.301498
      5.880000      3.409567
      5.900000      3.544437
      5.920000      3.658448
      5.940000      3.630734
      5.960000      3.397489
      5.980000      3.063829
      6.000000      2.844734
      6.020000      2.900330
      6.040000      3.226390
      6.060000      3.674542
      6.080000      4.058979
      6.100000      4.248272
      6.120000      4.190790
      6.140000      3.921704
      6.160000      3.564872
      6.180000      3.262045
      6.200000      3.076007
      6.220000      2.995738
      6.240000      3.001307
      6.260000      3.066954
      6.280000      3.140386
      6.300000      3.179445
      6.320000      3.198313
      6.340000      3.252140
      6.360000      3.370606
      6.380000      3.514009
      6.400000      3.609159
      6.420000      3.615587
      6.440000      3.549980
      6.460000      3.476727
      6.480000      3.468286
      6.500000      3.532836
      6.520000      3.593540
      6.540000      3.567736
      6.560000      3.445979
      6.580000      3.284798
      6.600000      3.148815
      6.620000      3.063311
      6.640000      3.001771
      6.660000      2.921909
      6.680000      2.822371
      6.700000      2.741856
      6.720000      2.699828
      6.740000      2.677101
      6.760000      2.660894
      6.780000      2.663302
      6.800000      2.681413
      6.820000      2.687761
      6.840000      2.681529
      6.860000      2.696626
      6.880000      2.735243
      6.900000      2.753937
      6.920000      2.746846
      6.940000      2.790536
      6.960000      2.959521
      6.980000      3.209986
      7.000000      3.395948
      7.020000      3.415034
      7.040000      3.295121
      7.060000      3.136960
      7.080000      3.029904
      7.100000      3.019035
      7.120000      3.101398
      7.140000      3.243915
      7.160000      3.408036
      7.180000      3.554436
      7.200000      3.635314
      7.220000      3.599886
      7.240000      3.431329
      7.260000      3.180621
      7.280000      2.938856
      7.300000      2.764496
      7.320000      2.638011
      7.340000      2.490777
      7.360000      2.281021
      7.380000      2.033321
      7.400000      1.807273
      7.420000      1.647520
      7.440000      1.568665
      7.460000      1.581300
      7.480000      1.726638
      7.500000      2.050663
      7.520000      2.505567
      7.540000      2.913463
      7.560000      3.088026
      7.580000      2.983129
      7.600000      2.706342
      7.620000      2.421925
      7.640000      2.251589
      7.660000      2.224028
      7.680000      2.287413
      7.700000      2.384201
      7.720000      2.524700
      7.740000      2.763260
      7.760000      3.103536
      7.780000      3.465492
      7.800000      3.732954
      7.820000      3.799816
      7.840000      3.621916
      7.860000      3.275696
      7.880000      2.912823
      7.900000      2.638908
      7.920000      2.485450
      7.940000      2.457167
      7.960000      2.528927
      7.980000      2.628375
      8.000000      2.686848
      8.020000      2.690647
      8.040000      2.655879
      8.060000      2.595329
      8.080000      2.529944
      8.100000      2.487972
      8.120000      2.477139
      8.140000      2.477473
      8.160000      2.462136
      8.180000      2.423426
      8.200000      2.376664
      8.220000      2.336880
      8.240000      2.305676
      8.260000      2.284668
      8.280000      2.285640
      8.300000      2.312396
      8.320000      2.339800
      8.340000      2.331677
      8.360000      2.275150
      8.380000      2.189467
      8.400000      2.118144
      8.420000      2.119199
      8.440000      2.267542
      8.460000      2.671715
      8.480000      3.422638
      8.500000      4.432949
      8.520000      5.378959
      8.540000      5.969127
      8.560000      6.285813
      8.580000      6.711082
      8.600000      7.476369
      8.620000      8.382000
      8.640000      8.992179
      8.660000      9.040108
      8.680000      8.618309
      8.700000      8.039744
      8.720000      7.557681
      8.740000      7.230956
      8.760000      7.015698
      8.780000      6.864001
      8.800000      6.739236
      8.820000      6.633414
      8.840000      6.558133
      8.860000      6.525106
      8.880000      6.607846
      8.900000      7.005376
      8.920000      7.951095
      8.940000      9.516838
      8.960000     11.509578
      8.980000     13.482077
      9.000000     14.831855
      9.020000     15.144227
      9.040000     14.624812
      9.060000     14.019330
      9.080000     13.916210
      9.100000     14.285218
      9.120000     14.881015
      9.140000     15.739857
      9.160000     16.858797
      9.180000     17.791030
      9.200000     18.146736
      9.220000     18.232798
      9.240000     18.686156
      9.260000     19.621808
      9.280000     20.547989
      9.300000     21.041619
      9.320000     21.175422
      9.340000     21.320145
      9.360000     21.753896
      9.380000     22.408041
      9.400000     22.828408
      9.420000     22.443370
      9.440000     21.084974
      9.460000     19.328217
      9.480000     18.154807
      9.500000     18.123265
      9.520000     18.927215
      9.540000     19.864741
      9.560000     20.575287
      9.580000     21.079506
      9.600000     21.369214
      9.620000     21.451870
      9.640000     21.597467
      9.660000     21.984114
      9.680000     22.205868
      9.700000     21.671039
      9.720000     20.441723
      9.740000     19.137450
      9.760000     18.068119
      9.780000     17.034333
      9.800000     15.923602
      9.820000     14.960190
      9.840000     14.406275
      9.860000     14.369896
      9.880000     14.709285
      9.900000     14.922495
      9.920000     14.521488
      9.940000     13.690559
      9.960000     13.191890
      9.980000     13.522031
     10.000000     14.458603
