# EIG2DOS: Utility for SIESTA to obtain the electronic density of states
#
#                                                  Emilio Artacho, Apr. 1999
# --------------------------------------------------------------------------
# Nbands, Nspin, Nk   =    936     1   352
# E_F                 =    -5.3206 eV
# Broadening          =     0.0500 eV
# Number of electrons =   298.3409  298.7852 per cell
#
#        E            N
# --------------------------------------------------------------------------
    -10.000000      6.008055
     -9.980000      6.402740
     -9.960000      6.480536
     -9.940000      6.183072
     -9.920000      5.625977
     -9.900000      5.013206
     -9.880000      4.534710
     -9.860000      4.309010
     -9.840000      4.407079
     -9.820000      4.886710
     -9.800000      5.702593
     -9.780000      6.594412
     -9.760000      7.197599
     -9.740000      7.328704
     -9.720000      7.129032
     -9.700000      6.945107
     -9.680000      7.092906
     -9.660000      7.610757
     -9.640000      8.132899
     -9.620000      8.127337
     -9.600000      7.378559
     -9.580000      6.204130
     -9.560000      5.220876
     -9.540000      4.916519
     -9.520000      5.323781
     -9.500000      6.059672
     -9.480000      6.694529
     -9.460000      6.987264
     -9.440000      6.838359
     -9.420000      6.290590
     -9.400000      5.559124
     -9.380000      4.880952
     -9.360000      4.391438
     -9.340000      4.186577
     -9.320000      4.365326
     -9.300000      4.932497
     -9.280000      5.711277
     -9.260000      6.413025
     -9.240000      6.815862
     -9.220000      6.912942
     -9.200000      6.905483
     -9.180000      6.985476
     -9.160000      7.138953
     -9.140000      7.263890
     -9.120000      7.374075
     -9.100000      7.518899
     -9.080000      7.619019
     -9.060000      7.522595
     -9.040000      7.152801
     -9.020000      6.578476
     -9.000000      5.995900
     -8.980000      5.582540
     -8.960000      5.332779
     -8.940000      5.116801
     -8.920000      4.913442
     -8.900000      4.874317
     -8.880000      5.134197
     -8.860000      5.677639
     -8.840000      6.393133
     -8.820000      7.145951
     -8.800000      7.795910
     -8.780000      8.212097
     -8.760000      8.321057
     -8.740000      8.173854
     -8.720000      7.941484
     -8.700000      7.774311
     -8.680000      7.649137
     -8.660000      7.419859
     -8.640000      7.053012
     -8.620000      6.721343
     -8.600000      6.609408
     -8.580000      6.722598
     -8.560000      6.908465
     -8.540000      6.983452
     -8.520000      6.862822
     -8.500000      6.660250
     -8.480000      6.653644
     -8.460000      7.022022
     -8.440000      7.576727
     -8.420000      7.899845
     -8.400000      7.773101
     -8.380000      7.325310
     -8.360000      6.810400
     -8.340000      6.408583
     -8.320000      6.186301
     -8.300000      6.129619
     -8.280000      6.199312
     -8.260000      6.351483
     -8.240000      6.553711
     -8.220000      6.798049
     -8.200000      7.067228
     -8.180000      7.340570
     -8.160000      7.599757
     -8.140000      7.751802
     -8.120000      7.658861
     -8.100000      7.306534
     -8.080000      6.846815
     -8.060000      6.465659
     -8.040000      6.256631
     -8.020000      6.215767
     -8.000000      6.337408
     -7.980000      6.682953
     -7.960000      7.283705
     -7.940000      7.924786
     -7.920000      8.152415
     -7.900000      7.729687
     -7.880000      7.020591
     -7.860000      6.646971
     -7.840000      6.842987
     -7.820000      7.347740
     -7.800000      7.759937
     -7.780000      7.817413
     -7.760000      7.501487
     -7.740000      7.054079
     -7.720000      6.827588
     -7.700000      7.024333
     -7.680000      7.551400
     -7.660000      8.069876
     -7.640000      8.241654
     -7.620000      8.025319
     -7.600000      7.660583
     -7.580000      7.400845
     -7.560000      7.393955
     -7.540000      7.669506
     -7.520000      8.049093
     -7.500000      8.152133
     -7.480000      7.699646
     -7.460000      6.898768
     -7.440000      6.323680
     -7.420000      6.301068
     -7.400000      6.678747
     -7.380000      7.219837
     -7.360000      7.821623
     -7.340000      8.305346
     -7.320000      8.406874
     -7.300000      8.111041
     -7.280000      7.741552
     -7.260000      7.584655
     -7.240000      7.558749
     -7.220000      7.416460
     -7.200000      7.183136
     -7.180000      7.148797
     -7.160000      7.434320
     -7.140000      7.819238
     -7.120000      8.064080
     -7.100000      8.192079
     -7.080000      8.346973
     -7.060000      8.513544
     -7.040000      8.490094
     -7.020000      8.138146
     -7.000000      7.625947
     -6.980000      7.327751
     -6.960000      7.451055
     -6.940000      7.832527
     -6.920000      8.108827
     -6.900000      8.088754
     -6.880000      7.965782
     -6.860000      8.117390
     -6.840000      8.726029
     -6.820000      9.703386
     -6.800000     10.940515
     -6.780000     12.438932
     -6.760000     14.179290
     -6.740000     15.981441
     -6.720000     17.406265
     -6.700000     17.790155
     -6.680000     16.718067
     -6.660000     14.555684
     -6.640000     12.234080
     -6.620000     10.506961
     -6.600000      9.564080
     -6.580000      9.180170
     -6.560000      9.031559
     -6.540000      8.992751
     -6.520000      9.344322
     -6.500000     10.571868
     -6.480000     12.661505
     -6.460000     14.750837
     -6.440000     15.856707
     -6.420000     15.838595
     -6.400000     15.344987
     -6.380000     14.986805
     -6.360000     14.925771
     -6.340000     15.158660
     -6.320000     15.746283
     -6.300000     16.625568
     -6.280000     17.457724
     -6.260000     17.791660
     -6.240000     17.309219
     -6.220000     15.986126
     -6.200000     14.151574
     -6.180000     12.345175
     -6.160000     10.981292
     -6.140000     10.109635
     -6.120000      9.558957
     -6.100000      9.339896
     -6.080000      9.772271
     -6.060000     11.091713
     -6.040000     13.081353
     -6.020000     15.230850
     -6.000000     17.061153
     -5.980000     18.250070
     -5.960000     18.793326
     -5.940000     19.112314
     -5.920000     19.671335
     -5.900000     20.380023
     -5.880000     20.585175
     -5.860000     19.787012
     -5.840000     18.245937
     -5.820000     16.770598
     -5.800000     15.984360
     -5.780000     15.862597
     -5.760000     15.955894
     -5.740000     15.998465
     -5.720000     16.143768
     -5.700000     16.579158
     -5.680000     17.183433
     -5.660000     17.717877
     -5.640000     18.149104
     -5.620000     18.580602
     -5.600000     18.927274
     -5.580000     18.857893
     -5.560000     18.176101
     -5.540000     17.164423
     -5.520000     16.414839
     -5.500000     16.297099
     -5.480000     16.508196
     -5.460000     16.154464
     -5.440000     14.617567
     -5.420000     12.390823
     -5.400000     10.698539
     -5.380000     10.350804
     -5.360000     11.207861
     -5.340000     12.513234
     -5.320000     13.546651
     -5.300000     14.111662
     -5.280000     14.467298
     -5.260000     14.893913
     -5.240000     15.534439
     -5.220000     16.439059
     -5.200000     17.387522
     -5.180000     17.857614
     -5.160000     17.510282
     -5.140000     16.631135
     -5.120000     15.881221
     -5.100000     15.584546
     -5.080000     15.472123
     -5.060000     15.225649
     -5.040000     14.939793
     -5.020000     14.873046
     -5.000000     15.051980
     -4.980000     15.226251
     -4.960000     15.083716
     -4.940000     14.605738
     -4.920000     14.180261
     -4.900000     14.179180
     -4.880000     14.529773
     -4.860000     14.789606
     -4.840000     14.526284
     -4.820000     13.662185
     -4.800000     12.525366
     -4.780000     11.543636
     -4.760000     10.951165
     -4.740000     10.790368
     -4.720000     11.048351
     -4.700000     11.686201
     -4.680000     12.501606
     -4.660000     13.088782
     -4.640000     13.169982
     -4.620000     12.893932
     -4.600000     12.593707
     -4.580000     12.413763
     -4.560000     12.296732
     -4.540000     12.082621
     -4.520000     11.651270
     -4.500000     11.217332
     -4.480000     11.294993
     -4.460000     12.145518
     -4.440000     13.457797
     -4.420000     14.712807
     -4.400000     15.632362
     -4.380000     16.153623
     -4.360000     16.225972
     -4.340000     15.796572
     -4.320000     14.889413
     -4.300000     13.648409
     -4.280000     12.358798
     -4.260000     11.417532
     -4.240000     11.146513
     -4.220000     11.539785
     -4.200000     12.233100
     -4.180000     12.710947
     -4.160000     12.536411
     -4.140000     11.560866
     -4.120000     10.053960
     -4.100000      8.559501
     -4.080000      7.538886
     -4.060000      7.105002
     -4.040000      7.039860
     -4.020000      7.072240
     -4.000000      7.150912
     -3.980000      7.403298
     -3.960000      7.927584
     -3.940000      8.877355
     -3.920000     10.588912
     -3.900000     13.006371
     -3.880000     15.047806
     -3.860000     15.490180
     -3.840000     14.597295
     -3.820000     13.900515
     -3.800000     14.298905
     -3.780000     15.223374
     -3.760000     15.628558
     -3.740000     15.098107
     -3.720000     13.988157
     -3.700000     12.934481
     -3.680000     12.235700
     -3.660000     11.649425
     -3.640000     10.873063
     -3.620000     10.007924
     -3.600000      9.371232
     -3.580000      9.156277
     -3.560000      9.451129
     -3.540000     10.289320
     -3.520000     11.435501
     -3.500000     12.275387
     -3.480000     12.212786
     -3.460000     11.191151
     -3.440000      9.703618
     -3.420000      8.436676
     -3.400000      7.963207
     -3.380000      8.419761
     -3.360000      9.334747
     -3.340000     10.056351
     -3.320000     10.383477
     -3.300000     10.623593
     -3.280000     11.207899
     -3.260000     12.361226
     -3.240000     13.888096
     -3.220000     15.185727
     -3.200000     15.649751
     -3.180000     15.103979
     -3.160000     13.820885
     -3.140000     12.253041
     -3.120000     10.731170
     -3.100000      9.318734
     -3.080000      8.018463
     -3.060000      7.044470
     -3.040000      6.624379
     -3.020000      6.585171
     -3.000000      6.485328
     -2.980000      6.179960
     -2.960000      5.929764
     -2.940000      5.920407
     -2.920000      5.960501
     -2.900000      5.743795
     -2.880000      5.280113
     -2.860000      4.937481
     -2.840000      5.013722
     -2.820000      5.378963
     -2.800000      5.680164
     -2.780000      5.792820
     -2.760000      5.843927
     -2.740000      5.872882
     -2.720000      5.768820
     -2.700000      5.534771
     -2.680000      5.364405
     -2.660000      5.410741
     -2.640000      5.601351
     -2.620000      5.736477
     -2.600000      5.722668
     -2.580000      5.639355
     -2.560000      5.609655
     -2.540000      5.713075
     -2.520000      6.024009
     -2.500000      6.698461
     -2.480000      8.026375
     -2.460000     10.206308
     -2.440000     12.865896
     -2.420000     15.104096
     -2.400000     16.324217
     -2.380000     16.727871
     -2.360000     16.794260
     -2.340000     16.646905
     -2.320000     16.076232
     -2.300000     14.906313
     -2.280000     13.293899
     -2.260000     11.770784
     -2.240000     10.848059
     -2.220000     10.521490
     -2.200000     10.373919
     -2.180000     10.144768
     -2.160000      9.945792
     -2.140000      9.950114
     -2.120000     10.130121
     -2.100000     10.408939
     -2.080000     10.928881
     -2.060000     11.890127
     -2.040000     13.063250
     -2.020000     13.805892
     -2.000000     13.792635
     -1.980000     13.428578
     -1.960000     13.257877
     -1.940000     13.225731
     -1.920000     12.869193
     -1.900000     12.070298
     -1.880000     11.193293
     -1.860000     10.491251
     -1.840000      9.824225
     -1.820000      9.041741
     -1.800000      8.265965
     -1.780000      7.759617
     -1.760000      7.726237
     -1.740000      8.123154
     -1.720000      8.549769
     -1.700000      8.455996
     -1.680000      7.586833
     -1.660000      6.298057
     -1.640000      5.441773
     -1.620000      5.723645
     -1.600000      6.985015
     -1.580000      8.268081
     -1.560000      8.704399
     -1.540000      8.217158
     -1.520000      7.401009
     -1.500000      6.905089
     -1.480000      6.944468
     -1.460000      7.305927
     -1.440000      7.708229
     -1.420000      8.083538
     -1.400000      8.537238
     -1.380000      9.086277
     -1.360000      9.506786
     -1.340000      9.526972
     -1.320000      9.096322
     -1.300000      8.332442
     -1.280000      7.345080
     -1.260000      6.297546
     -1.240000      5.481165
     -1.220000      5.121430
     -1.200000      5.184979
     -1.180000      5.440334
     -1.160000      5.641339
     -1.140000      5.724771
     -1.120000      5.888251
     -1.100000      6.323141
     -1.080000      6.848356
     -1.060000      7.003615
     -1.040000      6.530917
     -1.020000      5.618271
     -1.000000      4.675444
     -0.980000      3.985685
     -0.960000      3.585804
     -0.940000      3.385477
     -0.920000      3.305423
     -0.900000      3.310407
     -0.880000      3.401601
     -0.860000      3.603253
     -0.840000      3.927174
     -0.820000      4.349568
     -0.800000      4.790792
     -0.780000      5.108896
     -0.760000      5.172349
     -0.740000      4.956654
     -0.720000      4.586668
     -0.700000      4.276472
     -0.680000      4.140572
     -0.660000      4.073317
     -0.640000      3.872825
     -0.620000      3.456348
     -0.600000      2.950587
     -0.580000      2.591228
     -0.560000      2.540150
     -0.540000      2.791822
     -0.520000      3.186031
     -0.500000      3.498183
     -0.480000      3.592498
     -0.460000      3.501722
     -0.440000      3.364204
     -0.420000      3.310337
     -0.400000      3.367980
     -0.380000      3.456731
     -0.360000      3.516338
     -0.340000      3.622952
     -0.320000      3.896095
     -0.300000      4.277295
     -0.280000      4.471033
     -0.260000      4.172136
     -0.240000      3.382665
     -0.220000      2.449689
     -0.200000      1.751464
     -0.180000      1.454844
     -0.160000      1.588297
     -0.140000      2.124777
     -0.120000      2.877923
     -0.100000      3.487142
     -0.080000      3.680199
     -0.060000      3.508294
     -0.040000      3.223428
     -0.020000      2.981642
      0.000000      2.761952
      0.020000      2.523979
      0.040000      2.313007
      0.060000      2.180876
      0.080000      2.099566
      0.100000      2.007052
      0.120000      1.894399
      0.140000      1.807939
      0.160000      1.770084
      0.180000      1.734395
      0.200000      1.655206
      0.220000      1.564815
      0.240000      1.516083
      0.260000      1.491142
      0.280000      1.440227
      0.300000      1.364954
      0.320000      1.302488
      0.340000      1.265148
      0.360000      1.232340
      0.380000      1.181401
      0.400000      1.114385
      0.420000      1.059043
      0.440000      1.030629
      0.460000      1.000262
      0.480000      0.938626
      0.500000      0.871698
      0.520000      0.837996
      0.540000      0.817235
      0.560000      0.766116
      0.580000      0.697954
      0.600000      0.656055
      0.620000      0.633644
      0.640000      0.591761
      0.660000      0.531479
      0.680000      0.483931
      0.700000      0.452408
      0.720000      0.416115
      0.740000      0.370470
      0.760000      0.326885
      0.780000      0.290682
      0.800000      0.258793
      0.820000      0.224562
      0.840000      0.181984
      0.860000      0.136599
      0.880000      0.106470
      0.900000      0.102123
      0.920000      0.111909
      0.940000      0.119561
      0.960000      0.129071
      0.980000      0.153431
      1.000000      0.185493
      1.020000      0.205083
      1.040000      0.214008
      1.060000      0.238122
      1.080000      0.288691
      1.100000      0.347497
      1.120000      0.400288
      1.140000      0.457832
      1.160000      0.529297
      1.180000      0.596900
      1.200000      0.639011
      1.220000      0.668534
      1.240000      0.717517
      1.260000      0.782455
      1.280000      0.828006
      1.300000      0.854716
      1.320000      0.902191
      1.340000      0.970923
      1.360000      1.018787
      1.380000      1.046224
      1.400000      1.096973
      1.420000      1.168742
      1.440000      1.216358
      1.460000      1.245035
      1.480000      1.301406
      1.500000      1.377704
      1.520000      1.426375
      1.540000      1.456046
      1.560000      1.515447
      1.580000      1.598441
      1.600000      1.656320
      1.620000      1.688082
      1.640000      1.741263
      1.660000      1.831252
      1.680000      1.913751
      1.700000      1.954520
      1.720000      1.993746
      1.740000      2.092303
      1.760000      2.231060
      1.780000      2.340230
      1.800000      2.419302
      1.820000      2.534795
      1.840000      2.698271
      1.860000      2.833275
      1.880000      2.898120
      1.900000      2.973139
      1.920000      3.141836
      1.940000      3.329130
      1.960000      3.387522
      1.980000      3.340262
      2.000000      3.370264
      2.020000      3.536125
      2.040000      3.700721
      2.060000      3.789016
      2.080000      3.900488
      2.100000      4.110653
      2.120000      4.352274
      2.140000      4.538429
      2.160000      4.667118
      2.180000      4.786444
      2.200000      4.956319
      2.220000      5.238780
      2.240000      5.594324
      2.260000      5.817228
      2.280000      5.740064
      2.300000      5.425506
      2.320000      5.068588
      2.340000      4.858056
      2.360000      4.924632
      2.380000      5.266785
      2.400000      5.732143
      2.420000      6.124053
      2.440000      6.360339
      2.460000      6.630791
      2.480000      7.375570
      2.500000      8.885159
      2.520000     10.828548
      2.540000     12.352530
      2.560000     12.801533
      2.580000     12.259455
      2.600000     11.323530
      2.620000     10.536256
      2.640000     10.146850
      2.660000     10.206173
      2.680000     10.632299
      2.700000     11.137282
      2.720000     11.220795
      2.740000     10.437529
      2.760000      8.782472
      2.780000      6.748219
      2.800000      4.961532
      2.820000      3.795441
      2.840000      3.252970
      2.860000      3.122240
      2.880000      3.240387
      2.900000      3.590110
      2.920000      4.162607
      2.940000      4.892870
      2.960000      5.759973
      2.980000      6.690566
      3.000000      7.331048
      3.020000      7.287408
      3.040000      6.659501
      3.060000      6.042739
      3.080000      5.967216
      3.100000      6.443972
      3.120000      7.036600
      3.140000      7.336479
      3.160000      7.294377
      3.180000      7.081566
      3.200000      6.790510
      3.220000      6.356429
      3.240000      5.725565
      3.260000      5.027733
      3.280000      4.520783
      3.300000      4.418826
      3.320000      4.779376
      3.340000      5.422799
      3.360000      5.995079
      3.380000      6.241739
      3.400000      6.173648
      3.420000      5.949370
      3.440000      5.715348
      3.460000      5.558270
      3.480000      5.506398
      3.500000      5.547417
      3.520000      5.662178
      3.540000      5.823733
      3.560000      5.960353
      3.580000      5.994453
      3.600000      5.942618
      3.620000      5.872882
      3.640000      5.745913
      3.660000      5.424794
      3.680000      4.880046
      3.700000      4.293723
      3.720000      3.918307
      3.740000      3.865476
      3.760000      4.041771
      3.780000      4.286037
      3.800000      4.522480
      3.820000      4.724751
      3.840000      4.855215
      3.860000      4.926640
      3.880000      4.967383
      3.900000      4.937496
      3.920000      4.831208
      3.940000      4.721842
      3.960000      4.617286
      3.980000      4.479346
      4.000000      4.370096
      4.020000      4.364286
      4.040000      4.395021
      4.060000      4.346341
      4.080000      4.216324
      4.100000      4.104904
      4.120000      4.108019
      4.140000      4.255023
      4.160000      4.505539
      4.180000      4.791984
      4.200000      5.048403
      4.220000      5.189054
      4.240000      5.123414
      4.260000      4.842951
      4.280000      4.459812
      4.300000      4.109656
      4.320000      3.845006
      4.340000      3.671051
      4.360000      3.615131
      4.380000      3.717445
      4.400000      4.010671
      4.420000      4.474561
      4.440000      4.971970
      4.460000      5.334223
      4.480000      5.533644
      4.500000      5.653838
      4.520000      5.696703
      4.540000      5.516805
      4.560000      4.960933
      4.580000      4.070421
      4.600000      3.118645
      4.620000      2.394376
      4.640000      1.997291
      4.660000      1.890126
      4.680000      2.033436
      4.700000      2.391722
      4.720000      2.904463
      4.740000      3.493046
      4.760000      4.026445
      4.780000      4.315741
      4.800000      4.258218
      4.820000      3.977903
      4.840000      3.713163
      4.860000      3.550055
      4.880000      3.372477
      4.900000      3.101428
      4.920000      2.872744
      4.940000      2.939313
      4.960000      3.450580
      4.980000      4.278262
      5.000000      5.017575
      5.020000      5.288069
      5.040000      5.080586
      5.060000      4.683355
      5.080000      4.307246
      5.100000      3.988480
      5.120000      3.766357
      5.140000      3.648300
      5.160000      3.480696
      5.180000      3.160633
      5.200000      2.873392
      5.220000      2.852914
      5.240000      3.024542
      5.260000      3.114754
      5.280000      3.027175
      5.300000      2.927834
      5.320000      2.998465
      5.340000      3.233632
      5.360000      3.485820
      5.380000      3.647682
      5.400000      3.750792
      5.420000      3.865486
      5.440000      3.947552
      5.460000      3.898837
      5.480000      3.760488
      5.500000      3.674921
      5.520000      3.686320
      5.540000      3.737881
      5.560000      3.795424
      5.580000      3.857680
      5.600000      3.920380
      5.620000      3.991599
      5.640000      4.079959
      5.660000      4.152339
      5.680000      4.151701
      5.700000      4.057640
      5.720000      3.900722
      5.740000      3.709239
      5.760000      3.479082
      5.780000      3.226776
      5.800000      3.003502
      5.820000      2.806190
      5.840000      2.559578
      5.860000      2.241691
      5.880000      1.957288
      5.900000      1.843967
      5.920000      1.962915
      5.940000      2.304493
      5.960000      2.819637
      5.980000      3.394789
      6.000000      3.856346
      6.020000      4.076971
      6.040000      4.076385
      6.060000      3.965612
      6.080000      3.807043
      6.100000      3.611716
      6.120000      3.426827
      6.140000      3.293312
      6.160000      3.184014
      6.180000      3.092082
      6.200000      3.065441
      6.220000      3.093679
      6.240000      3.100991
      6.260000      3.062718
      6.280000      3.011665
      6.300000      2.964366
      6.320000      2.917061
      6.340000      2.875953
      6.360000      2.865451
      6.380000      2.912084
      6.400000      3.003531
      6.420000      3.069932
      6.440000      3.040296
      6.460000      2.933134
      6.480000      2.859908
      6.500000      2.904932
      6.520000      3.023860
      6.540000      3.094255
      6.560000      3.048172
      6.580000      2.922731
      6.600000      2.811107
      6.620000      2.807470
      6.640000      2.945116
      6.660000      3.133172
      6.680000      3.216936
      6.700000      3.146862
      6.720000      3.031175
      6.740000      3.002758
      6.760000      3.083358
      6.780000      3.178849
      6.800000      3.184226
      6.820000      3.083229
      6.840000      2.933380
      6.860000      2.784857
      6.880000      2.652741
      6.900000      2.561872
      6.920000      2.586289
      6.940000      2.781989
      6.960000      3.068472
      6.980000      3.267245
      7.000000      3.278387
      7.020000      3.144116
      7.040000      2.966472
      7.060000      2.838365
      7.080000      2.796912
      7.100000      2.778139
      7.120000      2.687313
      7.140000      2.543598
      7.160000      2.451571
      7.180000      2.437156
      7.200000      2.443166
      7.220000      2.446293
      7.240000      2.442990
      7.260000      2.383203
      7.280000      2.257265
      7.300000      2.176304
      7.320000      2.234665
      7.340000      2.378551
      7.360000      2.523665
      7.380000      2.699566
      7.400000      2.955287
      7.420000      3.208804
      7.440000      3.335740
      7.460000      3.348831
      7.480000      3.333329
      7.500000      3.274893
      7.520000      3.126261
      7.540000      2.963778
      7.560000      2.892886
      7.580000      2.859054
      7.600000      2.744789
      7.620000      2.613132
      7.640000      2.625752
      7.660000      2.744199
      7.680000      2.759212
      7.700000      2.613168
      7.720000      2.481290
      7.740000      2.508241
      7.760000      2.620173
      7.780000      2.655585
      7.800000      2.582136
      7.820000      2.494214
      7.840000      2.452265
      7.860000      2.439151
      7.880000      2.441739
      7.900000      2.457131
      7.920000      2.450306
      7.940000      2.396844
      7.960000      2.326168
      7.980000      2.273749
      8.000000      2.246310
      8.020000      2.243682
      8.040000      2.243626
      8.060000      2.199881
      8.080000      2.140481
      8.100000      2.192504
      8.120000      2.403224
      8.140000      2.611748
      8.160000      2.623135
      8.180000      2.473892
      8.200000      2.448028
      8.220000      2.923433
      8.240000      4.233862
      8.260000      6.396375
      8.280000      8.805786
      8.300000     10.501557
      8.320000     10.970296
      8.340000     10.496834
      8.360000      9.668116
      8.380000      8.816310
      8.400000      8.015468
      8.420000      7.322686
      8.440000      6.833460
      8.460000      6.626307
      8.480000      6.736398
      8.500000      7.139023
      8.520000      7.823174
      8.540000      8.830405
      8.560000     10.127298
      8.580000     11.575175
      8.600000     12.961327
      8.620000     13.947082
      8.640000     14.283553
      8.660000     14.156872
      8.680000     13.959010
      8.700000     13.767402
      8.720000     13.493767
      8.740000     13.374190
      8.760000     13.699566
      8.780000     14.229835
      8.800000     14.550666
      8.820000     14.843510
      8.840000     15.599474
      8.860000     16.714492
      8.880000     17.557395
      8.900000     17.858740
      8.920000     17.976781
      8.940000     18.308013
      8.960000     18.751560
      8.980000     18.791639
      9.000000     18.149184
      9.020000     17.327239
      9.040000     17.265528
      9.060000     18.459634
      9.080000     20.576434
      9.100000     22.826137
      9.120000     24.526931
      9.140000     25.315486
      9.160000     25.034854
      9.180000     23.689618
      9.200000     21.652890
      9.220000     19.856361
      9.240000     19.517343
      9.260000     21.306414
      9.280000     24.517540
      9.300000     27.313817
      9.320000     28.180793
      9.340000     26.930230
      9.360000     24.245139
      9.380000     20.946107
      9.400000     17.904534
      9.420000     15.923438
      9.440000     15.190114
      9.460000     15.128286
      9.480000     15.129763
      9.500000     15.230207
      9.520000     15.814628
      9.540000     16.905638
      9.560000     17.985960
      9.580000     18.364600
      9.600000     17.669382
      9.620000     16.181087
      9.640000     14.626801
      9.660000     13.492488
      9.680000     12.750519
      9.700000     12.327324
      9.720000     12.388294
      9.740000     12.947927
      9.760000     13.565556
      9.780000     13.692953
      9.800000     13.197914
      9.820000     12.433514
      9.840000     11.857692
      9.860000     11.657657
      9.880000     11.727196
      9.900000     11.952204
      9.920000     12.452748
      9.940000     13.429255
      9.960000     14.743267
      9.980000     15.833600
     10.000000     16.167721
