# EIG2DOS: Utility for SIESTA to obtain the electronic density of states
#
#                                                  Emilio Artacho, Apr. 1999
# --------------------------------------------------------------------------
# Nbands, Nspin, Nk   =    936     1   352
# E_F                 =    -6.3047 eV
# Broadening          =     0.0500 eV
# Number of electrons =   177.9830  178.0778 per cell
#
#        E            N
# --------------------------------------------------------------------------
     -5.000000      9.538673
     -4.990000     10.039434
     -4.980000     10.509309
     -4.970000     10.938547
     -4.960000     11.320759
     -4.950000     11.652598
     -4.940000     11.934084
     -4.930000     12.168340
     -4.920000     12.360010
     -4.910000     12.513120
     -4.900000     12.630236
     -4.890000     12.714107
     -4.880000     12.770870
     -4.870000     12.812226
     -4.860000     12.854273
     -4.850000     12.912985
     -4.840000     12.998687
     -4.830000     13.112553
     -4.820000     13.246805
     -4.810000     13.388164
     -4.800000     13.522829
     -4.790000     13.641229
     -4.780000     13.741406
     -4.770000     13.830299
     -4.760000     13.922311
     -4.750000     14.035057
     -4.740000     14.183195
     -4.730000     14.372500
     -4.720000     14.596707
     -4.710000     14.838748
     -4.700000     15.076172
     -4.690000     15.288548
     -4.680000     15.463526
     -4.670000     15.598605
     -4.660000     15.697775
     -4.650000     15.765290
     -4.640000     15.801053
     -4.630000     15.801477
     -4.620000     15.765913
     -4.610000     15.704148
     -4.600000     15.638393
     -4.590000     15.595879
     -4.580000     15.594326
     -4.570000     15.628164
     -4.560000     15.664554
     -4.550000     15.653607
     -4.540000     15.549340
     -4.530000     15.331453
     -4.520000     15.016870
     -4.510000     14.654887
     -4.500000     14.308002
     -4.490000     14.027519
     -4.480000     13.835300
     -4.470000     13.719692
     -4.460000     13.646593
     -4.450000     13.579601
     -4.440000     13.499326
     -4.430000     13.412835
     -4.420000     13.349103
     -4.410000     13.342861
     -4.400000     13.414614
     -4.390000     13.556571
     -4.380000     13.731870
     -4.370000     13.888422
     -4.360000     13.981406
     -4.350000     13.993474
     -4.340000     13.942295
     -4.330000     13.871324
     -4.320000     13.828462
     -4.310000     13.843352
     -4.300000     13.914217
     -4.290000     14.009680
     -4.280000     14.083725
     -4.270000     14.096470
     -4.260000     14.031822
     -4.250000     13.905076
     -4.240000     13.757630
     -4.230000     13.640766
     -4.220000     13.594540
     -4.210000     13.630138
     -4.200000     13.723678
     -4.190000     13.825650
     -4.180000     13.883529
     -4.170000     13.867859
     -4.160000     13.788429
     -4.150000     13.690457
     -4.140000     13.630984
     -4.130000     13.647555
     -4.120000     13.737161
     -4.110000     13.858303
     -4.100000     13.955364
     -4.090000     13.990774
     -4.080000     13.965866
     -4.070000     13.918737
     -4.060000     13.901613
     -4.050000     13.951886
     -4.040000     14.073443
     -4.030000     14.237752
     -4.020000     14.402644
     -4.010000     14.537279
     -4.000000     14.639157
     -3.990000     14.734033
     -3.980000     14.859436
     -3.970000     15.041835
     -3.960000     15.280957
     -3.950000     15.550150
     -3.940000     15.811824
     -3.930000     16.038121
     -3.920000     16.224744
     -3.910000     16.391155
     -3.900000     16.568999
     -3.890000     16.786740
     -3.880000     17.058817
     -3.870000     17.383233
     -3.860000     17.746141
     -3.850000     18.128762
     -3.840000     18.512008
     -3.830000     18.876512
     -3.820000     19.199080
     -3.810000     19.449332
     -3.800000     19.590993
     -3.790000     19.589925
     -3.780000     19.426511
     -3.770000     19.106153
     -3.760000     18.661673
     -3.750000     18.145653
     -3.740000     17.616444
     -3.730000     17.124633
     -3.720000     16.705387
     -3.710000     16.377929
     -3.700000     16.149615
     -3.690000     16.020874
     -3.680000     15.988489
     -3.670000     16.046910
     -3.660000     16.188812
     -3.650000     16.405969
     -3.640000     16.690026
     -3.630000     17.031445
     -3.620000     17.415584
     -3.610000     17.817566
     -3.600000     18.200081
     -3.590000     18.517743
     -3.580000     18.727577
     -3.570000     18.800702
     -3.560000     18.728982
     -3.550000     18.523737
     -3.540000     18.208636
     -3.530000     17.811712
     -3.520000     17.360155
     -3.510000     16.878255
     -3.500000     16.386760
     -3.490000     15.902511
     -3.480000     15.438774
     -3.470000     15.006977
     -3.460000     14.619122
     -3.450000     14.288827
     -3.440000     14.029669
     -3.430000     13.851713
     -3.420000     13.758830
     -3.410000     13.748743
     -3.400000     13.815341
     -3.390000     13.950636
     -3.380000     14.143777
     -3.370000     14.376721
     -3.360000     14.619305
     -3.350000     14.828228
     -3.340000     14.953559
     -3.330000     14.952618
     -3.320000     14.806387
     -3.310000     14.530906
     -3.300000     14.177341
     -3.290000     13.819181
     -3.280000     13.530418
     -3.270000     13.361818
     -3.260000     13.322324
     -3.250000     13.370580
     -3.240000     13.419220
     -3.230000     13.352583
     -3.220000     13.055800
     -3.210000     12.449105
     -3.200000     11.516973
     -3.190000     10.320589
     -3.180000      8.986773
     -3.170000      7.675718
     -3.160000      6.538914
     -3.150000      5.682317
     -3.140000      5.146340
     -3.130000      4.906492
     -3.120000      4.891099
     -3.110000      5.008343
     -3.100000      5.173916
     -3.090000      5.331647
     -3.080000      5.462007
     -3.070000      5.577533
     -3.060000      5.709019
     -3.050000      5.889528
     -3.040000      6.142650
     -3.030000      6.477359
     -3.020000      6.887507
     -3.010000      7.352700
     -3.000000      7.839722
     -2.990000      8.306740
     -2.980000      8.712553
     -2.970000      9.029462
     -2.960000      9.253773
     -2.950000      9.407142
     -2.940000      9.526450
     -2.930000      9.647037
     -2.920000      9.788624
     -2.910000      9.951616
     -2.900000     10.124562
     -2.890000     10.296453
     -2.880000     10.465106
     -2.870000     10.636687
     -2.860000     10.818380
     -2.850000     11.010909
     -2.840000     11.207022
     -2.830000     11.396887
     -2.820000     11.575995
     -2.810000     11.749530
     -2.800000     11.930167
     -2.790000     12.131180
     -2.780000     12.359807
     -2.770000     12.615133
     -2.760000     12.891268
     -2.750000     13.183084
     -2.740000     13.490519
     -2.730000     13.818800
     -2.720000     14.174651
     -2.710000     14.561066
     -2.700000     14.974116
     -2.690000     15.404257
     -2.680000     15.841871
     -2.670000     16.283915
     -2.660000     16.737337
     -2.650000     17.216587
     -2.640000     17.736261
     -2.630000     18.303017
     -2.620000     18.911339
     -2.610000     19.545298
     -2.600000     20.185228
     -2.590000     20.816175
     -2.580000     21.434879
     -2.570000     22.052861
     -2.560000     22.693987
     -2.550000     23.385543
     -2.540000     24.143496
     -2.530000     24.955854
     -2.520000     25.771612
     -2.510000     26.503739
     -2.500000     27.050150
     -2.490000     27.327543
     -2.480000     27.304111
     -2.470000     27.014960
     -2.460000     26.551191
     -2.450000     26.026638
     -2.440000     25.537318
     -2.430000     25.131370
     -2.420000     24.800747
     -2.410000     24.494820
     -2.400000     24.147015
     -2.390000     23.702272
     -2.380000     23.135598
     -2.370000     22.457271
     -2.360000     21.705557
     -2.350000     20.931544
     -2.340000     20.182438
     -2.330000     19.489434
     -2.320000     18.863911
     -2.310000     18.301929
     -2.300000     17.793328
     -2.290000     17.330079
     -2.280000     16.909942
     -2.270000     16.534848
     -2.260000     16.206609
     -2.250000     15.923542
     -2.240000     15.680140
     -2.230000     15.469354
     -2.220000     15.285259
     -2.210000     15.123931
     -2.200000     14.982124
     -2.190000     14.855246
     -2.180000     14.736937
     -2.170000     14.621324
     -2.160000     14.506897
     -2.150000     14.399380
     -2.140000     14.311251
     -2.130000     14.257422
     -2.120000     14.248714
     -2.110000     14.286027
     -2.100000     14.358034
     -2.090000     14.443859
     -2.080000     14.519972
     -2.070000     14.568189
     -2.060000     14.580673
     -2.050000     14.559247
     -2.040000     14.509763
     -2.030000     14.435503
     -2.020000     14.333765
     -2.010000     14.196859
     -2.000000     14.015000
     -1.990000     13.777728
     -1.980000     13.473220
     -1.970000     13.088469
     -1.960000     12.613944
     -1.950000     12.052736
     -1.940000     11.429091
     -1.930000     10.789290
     -1.920000     10.191253
     -1.910000      9.686281
     -1.900000      9.301973
     -1.890000      9.035575
     -1.880000      8.861193
     -1.870000      8.746216
     -1.860000      8.667112
     -1.850000      8.615881
     -1.840000      8.594985
     -1.830000      8.606069
     -1.820000      8.641317
     -1.810000      8.683616
     -1.800000      8.715142
     -1.790000      8.727962
     -1.780000      8.728994
     -1.770000      8.735640
     -1.760000      8.764752
     -1.750000      8.821860
     -1.740000      8.897220
     -1.730000      8.970736
     -1.720000      9.022425
     -1.710000      9.042189
     -1.700000      9.033680
     -1.690000      9.011030
     -1.680000      8.991375
     -1.670000      8.987814
     -1.660000      9.006004
     -1.650000      9.044412
     -1.640000      9.096132
     -1.630000      9.150565
     -1.620000      9.195256
     -1.610000      9.219194
     -1.600000      9.217659
     -1.590000      9.196274
     -1.580000      9.170959
     -1.570000      9.162290
     -1.560000      9.186266
     -1.550000      9.246092
     -1.540000      9.329488
     -1.530000      9.413452
     -1.520000      9.474749
     -1.510000      9.501502
     -1.500000      9.500289
     -1.490000      9.494708
     -1.480000      9.515204
     -1.470000      9.584479
     -1.460000      9.705626
     -1.450000      9.859177
     -1.440000     10.010806
     -1.430000     10.125963
     -1.420000     10.184382
     -1.410000     10.187874
     -1.400000     10.158301
     -1.390000     10.127167
     -1.380000     10.121760
     -1.370000     10.154045
     -1.360000     10.217003
     -1.350000     10.289585
     -1.340000     10.347371
     -1.330000     10.373660
     -1.320000     10.366212
     -1.310000     10.337574
     -1.300000     10.309907
     -1.290000     10.306908
     -1.280000     10.345576
     -1.270000     10.430226
     -1.260000     10.550605
     -1.250000     10.685075
     -1.240000     10.808026
     -1.230000     10.898755
     -1.220000     10.948341
     -1.210000     10.962092
     -1.200000     10.957219
     -1.190000     10.956901
     -1.180000     10.982422
     -1.170000     11.045255
     -1.160000     11.141517
     -1.150000     11.251577
     -1.140000     11.346490
     -1.130000     11.399965
     -1.120000     11.401196
     -1.110000     11.362270
     -1.100000     11.315551
     -1.090000     11.300943
     -1.080000     11.348179
     -1.070000     11.462495
     -1.060000     11.621085
     -1.050000     11.782607
     -1.040000     11.905335
     -1.030000     11.965107
     -1.020000     11.964786
     -1.010000     11.931801
     -1.000000     11.906197
     -0.990000     11.925181
     -0.980000     12.010187
     -0.970000     12.160382
     -0.960000     12.353977
     -0.950000     12.556627
     -0.940000     12.734337
     -0.930000     12.866663
     -0.920000     12.955369
     -0.910000     13.024924
     -0.900000     13.114227
     -0.890000     13.262543
     -0.880000     13.494998
     -0.870000     13.813051
     -0.860000     14.193120
     -0.850000     14.593175
     -0.840000     14.964075
     -0.830000     15.261347
     -0.820000     15.454040
     -0.810000     15.529429
     -0.800000     15.493850
     -0.790000     15.370069
     -0.780000     15.191071
     -0.770000     14.990576
     -0.760000     14.792560
     -0.750000     14.604129
     -0.740000     14.415962
     -0.730000     14.211289
     -0.720000     13.979456
     -0.710000     13.726911
     -0.700000     13.479164
     -0.690000     13.271880
     -0.680000     13.135126
     -0.670000     13.078590
     -0.660000     13.085344
     -0.650000     13.117700
     -0.640000     13.132805
     -0.630000     13.100739
     -0.620000     13.016379
     -0.610000     12.899282
     -0.600000     12.782054
     -0.590000     12.693822
     -0.580000     12.647623
     -0.570000     12.637540
     -0.560000     12.645138
     -0.550000     12.649722
     -0.540000     12.636269
     -0.530000     12.598215
     -0.520000     12.536419
     -0.510000     12.457314
     -0.500000     12.371873
     -0.490000     12.294569
     -0.480000     12.240579
     -0.470000     12.220859
     -0.460000     12.237012
     -0.450000     12.278985
     -0.440000     12.327588
     -0.430000     12.361383
     -0.420000     12.365231
     -0.410000     12.336888
     -0.400000     12.288645
     -0.390000     12.242869
     -0.380000     12.222795
     -0.370000     12.242341
     -0.360000     12.299875
     -0.350000     12.379538
     -0.340000     12.459892
     -0.330000     12.525252
     -0.320000     12.573063
     -0.310000     12.613094
     -0.300000     12.659683
     -0.290000     12.722864
     -0.280000     12.804215
     -0.270000     12.898775
     -0.260000     12.999227
     -0.250000     13.097287
     -0.240000     13.180956
     -0.230000     13.231445
     -0.220000     13.225255
     -0.210000     13.143008
     -0.200000     12.980356
     -0.190000     12.753093
     -0.180000     12.491699
     -0.170000     12.227844
     -0.160000     11.981025
     -0.150000     11.753106
     -0.140000     11.532650
     -0.130000     11.304507
     -0.120000     11.058112
     -0.110000     10.790843
     -0.100000     10.507350
     -0.090000     10.217800
     -0.080000      9.936624
     -0.070000      9.680970
     -0.060000      9.467525
     -0.050000      9.308320
     -0.040000      9.208240
     -0.030000      9.166638
     -0.020000      9.182370
     -0.010000      9.258300
      0.000000      9.401001
      0.010000      9.614792
      0.020000      9.893866
      0.030000     10.218185
      0.040000     10.556472
      0.050000     10.874875
      0.060000     11.146498
      0.070000     11.357331
      0.080000     11.507199
      0.090000     11.607188
      0.100000     11.675566
      0.110000     11.732925
      0.120000     11.796366
      0.130000     11.873476
      0.140000     11.958682
      0.150000     12.035066
      0.160000     12.082451
      0.170000     12.088760
      0.180000     12.058997
      0.190000     12.016916
      0.200000     11.998018
      0.210000     12.036767
      0.220000     12.153400
      0.230000     12.345755
      0.240000     12.589667
      0.250000     12.848425
      0.260000     13.088160
      0.270000     13.293151
      0.280000     13.474459
      0.290000     13.668004
      0.300000     13.923005
      0.310000     14.285748
      0.320000     14.784566
      0.330000     15.419846
      0.340000     16.160064
      0.350000     16.943394
      0.360000     17.684874
      0.370000     18.289700
      0.380000     18.672160
      0.390000     18.776642
      0.400000     18.593761
      0.410000     18.164017
      0.420000     17.565155
      0.430000     16.886607
      0.440000     16.201130
      0.450000     15.545925
      0.460000     14.921511
      0.470000     14.308309
      0.480000     13.692315
      0.490000     13.086432
      0.500000     12.535324
      0.510000     12.099232
      0.520000     11.823213
      0.530000     11.707584
      0.540000     11.697100
      0.550000     11.698006
      0.560000     11.617155
      0.570000     11.404292
      0.580000     11.075654
      0.590000     10.706439
      0.600000     10.395797
      0.610000     10.221514
      0.620000     10.205611
      0.630000     10.305681
      0.640000     10.434416
      0.650000     10.497408
      0.660000     10.432107
      0.670000     10.231173
      0.680000      9.940966
      0.690000      9.637167
      0.700000      9.389190
      0.710000      9.229033
      0.720000      9.137200
      0.730000      9.050637
      0.740000      8.888757
      0.750000      8.586933
      0.760000      8.124143
      0.770000      7.533791
      0.780000      6.893509
      0.790000      6.298332
      0.800000      5.828364
      0.810000      5.523601
      0.820000      5.374738
      0.830000      5.331822
      0.840000      5.325942
      0.850000      5.295101
      0.860000      5.204815
      0.870000      5.056551
      0.880000      4.881962
      0.890000      4.726268
      0.900000      4.628029
      0.910000      4.603330
      0.920000      4.640056
      0.930000      4.703626
      0.940000      4.751263
      0.950000      4.748897
      0.960000      4.684090
      0.970000      4.570028
      0.980000      4.439229
      0.990000      4.329794
      1.000000      4.269991
      1.010000      4.267425
      1.020000      4.306905
      1.030000      4.357478
      1.040000      4.385467
      1.050000      4.368137
      1.060000      4.302500
      1.070000      4.205800
      1.080000      4.107686
      1.090000      4.037565
      1.100000      4.012596
      1.110000      4.031352
      1.120000      4.075576
      1.130000      4.118913
      1.140000      4.138619
      1.150000      4.125139
      1.160000      4.085494
      1.170000      4.039112
      1.180000      4.008072
      1.190000      4.006143
      1.200000      4.031560
      1.210000      4.066798
      1.220000      4.085463
      1.230000      4.063276
      1.240000      3.988382
      1.250000      3.866550
      1.260000      3.719110
      1.270000      3.574616
      1.280000      3.457849
      1.290000      3.380889
      1.300000      3.339928
      1.310000      3.318946
      1.320000      3.298283
      1.330000      3.263975
      1.340000      3.213558
      1.350000      3.155869
      1.360000      3.105370
      1.370000      3.074132
      1.380000      3.065543
      1.390000      3.072741
      1.400000      3.082291
      1.410000      3.080996
      1.420000      3.062185
      1.430000      3.028203
      1.440000      2.987942
      1.450000      2.951009
      1.460000      2.921997
      1.470000      2.898114
      1.480000      2.871339
      1.490000      2.833643
      1.500000      2.782118
      1.510000      2.721104
      1.520000      2.660177
      1.530000      2.609224
      1.540000      2.573404
      1.550000      2.550818
      1.560000      2.534161
      1.570000      2.515252
      1.580000      2.489642
      1.590000      2.458525
      1.600000      2.427001
      1.610000      2.400124
      1.620000      2.379526
      1.630000      2.362737
      1.640000      2.345338
      1.650000      2.324140
      1.660000      2.299100
      1.670000      2.272827
      1.680000      2.248347
      1.690000      2.226933
      1.700000      2.207538
      1.710000      2.187991
      1.720000      2.166807
      1.730000      2.144127
      1.740000      2.121235
      1.750000      2.099300
      1.760000      2.078507
      1.770000      2.058193
      1.780000      2.037610
      1.790000      2.016541
      1.800000      1.995279
      1.810000      1.974176
      1.820000      1.953243
      1.830000      1.932061
      1.840000      1.909826
      1.850000      1.885237
      1.860000      1.856121
      1.870000      1.818968
      1.880000      1.768708
      1.890000      1.699079
      1.900000      1.603754
      1.910000      1.478170
      1.920000      1.321605
      1.930000      1.138707
      1.940000      0.939638
      1.950000      0.738442
      1.960000      0.549990
      1.970000      0.386604
      1.980000      0.255582
      1.990000      0.158448
      2.000000      0.091896
      2.010000      0.049762
      2.020000      0.025118
      2.030000      0.011802
      2.040000      0.005156
      2.050000      0.002093
      2.060000      0.000789
      2.070000      0.000276
      2.080000      0.000089
      2.090000      0.000027
      2.100000      0.000007
      2.110000      0.000002
      2.120000      0.000000
      2.130000      0.000000
      2.140000      0.000000
      2.150000      0.000000
      2.160000      0.000000
      2.170000      0.000000
      2.180000      0.000000
      2.190000      0.000000
      2.200000      0.000000
      2.210000      0.000000
      2.220000      0.000000
      2.230000      0.000000
      2.240000      0.000000
      2.250000      0.000000
      2.260000      0.000000
      2.270000      0.000000
      2.280000      0.000000
      2.290000      0.000000
      2.300000      0.000000
      2.310000      0.000000
      2.320000      0.000000
      2.330000      0.000000
      2.340000      0.000000
      2.350000      0.000000
      2.360000      0.000000
      2.370000      0.000000
      2.380000      0.000000
      2.390000      0.000000
      2.400000      0.000000
      2.410000      0.000000
      2.420000      0.000000
      2.430000      0.000000
      2.440000      0.000000
      2.450000      0.000000
      2.460000      0.000000
      2.470000      0.000000
      2.480000      0.000000
      2.490000      0.000000
      2.500000      0.000000
      2.510000      0.000000
      2.520000      0.000000
      2.530000      0.000000
      2.540000      0.000000
      2.550000      0.000000
      2.560000      0.000000
      2.570000      0.000000
      2.580000      0.000000
      2.590000      0.000000
      2.600000      0.000000
      2.610000      0.000000
      2.620000      0.000000
      2.630000      0.000000
      2.640000      0.000000
      2.650000      0.000000
      2.660000      0.000000
      2.670000      0.000000
      2.680000      0.000000
      2.690000      0.000000
      2.700000      0.000000
      2.710000      0.000000
      2.720000      0.000000
      2.730000      0.000000
      2.740000      0.000000
      2.750000      0.000000
      2.760000      0.000000
      2.770000      0.000000
      2.780000      0.000000
      2.790000      0.000000
      2.800000      0.000000
      2.810000      0.000000
      2.820000      0.000000
      2.830000      0.000000
      2.840000      0.000000
      2.850000      0.000000
      2.860000      0.000000
      2.870000      0.000000
      2.880000      0.000000
      2.890000      0.000000
      2.900000      0.000000
      2.910000      0.000000
      2.920000      0.000000
      2.930000      0.000000
      2.940000      0.000000
      2.950000      0.000000
      2.960000      0.000000
      2.970000      0.000000
      2.980000      0.000000
      2.990000      0.000000
      3.000000      0.000000
      3.010000      0.000000
      3.020000      0.000000
      3.030000      0.000000
      3.040000      0.000000
      3.050000      0.000000
      3.060000      0.000000
      3.070000      0.000000
      3.080000      0.000000
      3.090000      0.000000
      3.100000      0.000000
      3.110000      0.000000
      3.120000      0.000000
      3.130000      0.000000
      3.140000      0.000000
      3.150000      0.000000
      3.160000      0.000000
      3.170000      0.000000
      3.180000      0.000000
      3.190000      0.000000
      3.200000      0.000000
      3.210000      0.000000
      3.220000      0.000000
      3.230000      0.000000
      3.240000      0.000000
      3.250000      0.000000
      3.260000      0.000000
      3.270000      0.000000
      3.280000      0.000000
      3.290000      0.000000
      3.300000      0.000000
      3.310000      0.000000
      3.320000      0.000000
      3.330000      0.000000
      3.340000      0.000000
      3.350000      0.000000
      3.360000      0.000000
      3.370000      0.000000
      3.380000      0.000000
      3.390000      0.000000
      3.400000      0.000000
      3.410000      0.000000
      3.420000      0.000000
      3.430000      0.000000
      3.440000      0.000000
      3.450000      0.000000
      3.460000      0.000000
      3.470000      0.000000
      3.480000      0.000000
      3.490000      0.000000
      3.500000      0.000000
      3.510000      0.000000
      3.520000      0.000000
      3.530000      0.000000
      3.540000      0.000000
      3.550000      0.000000
      3.560000      0.000000
      3.570000      0.000000
      3.580000      0.000000
      3.590000      0.000000
      3.600000      0.000001
      3.610000      0.000005
      3.620000      0.000017
      3.630000      0.000060
      3.640000      0.000192
      3.650000      0.000571
      3.660000      0.001576
      3.670000      0.004049
      3.680000      0.009691
      3.690000      0.021637
      3.700000      0.045116
      3.710000      0.087977
      3.720000      0.160703
      3.730000      0.275464
      3.740000      0.443982
      3.750000      0.674396
      3.760000      0.967923
      3.770000      1.316550
      3.780000      1.702927
      3.790000      2.102957
      3.800000      2.490537
      3.810000      2.842940
      3.820000      3.145057
      3.830000      3.391215
      3.840000      3.584329
      3.850000      3.733163
      3.860000      3.848968
      3.870000      3.942650
      3.880000      4.023095
      3.890000      4.096662
      3.900000      4.167450
      3.910000      4.237853
      3.920000      4.309093
      3.930000      4.381673
      3.940000      4.455818
      3.950000      4.531836
      3.960000      4.610223
      3.970000      4.691426
      3.980000      4.775538
      3.990000      4.862420
      4.000000      4.952402
      4.010000      5.047070
      4.020000      5.149267
      4.030000      5.262029
      4.040000      5.387162
      4.050000      5.524689
      4.060000      5.673668
      4.070000      5.833499
      4.080000      6.004190
      4.090000      6.184884
      4.100000      6.371847
      4.110000      6.558171
      4.120000      6.736512
      4.130000      6.903632
      4.140000      7.063495
      4.150000      7.226070
      4.160000      7.401990
      4.170000      7.596682
      4.180000      7.808576
      4.190000      8.033408
      4.200000      8.272003
      4.210000      8.535830
      4.220000      8.845782
      4.230000      9.224478
      4.240000      9.687270
      4.250000     10.237783
      4.260000     10.869489
      4.270000     11.568849
      4.280000     12.313796
      4.290000     13.065969
      4.300000     13.763034
      4.310000     14.321292
      4.320000     14.654197
      4.330000     14.701459
      4.340000     14.454248
      4.350000     13.961896
      4.360000     13.315138
      4.370000     12.613900
      4.380000     11.935524
      4.390000     11.317690
      4.400000     10.761160
      4.410000     10.247046
      4.420000      9.757347
      4.430000      9.288244
      4.440000      8.851284
      4.450000      8.464501
      4.460000      8.140168
      4.470000      7.876555
      4.480000      7.658007
      4.490000      7.462680
      4.500000      7.273088
      4.510000      7.083439
      4.520000      6.900032
      4.530000      6.735179
      4.540000      6.598557
      4.550000      6.490754
      4.560000      6.402062
      4.570000      6.316722
      4.580000      6.220305
      4.590000      6.106614
      4.600000      5.980661
      4.610000      5.856047
      4.620000      5.747826
      4.630000      5.664481
      4.640000      5.603365
      4.650000      5.552087
      4.660000      5.494971
      4.670000      5.420971
      4.680000      5.328885
      4.690000      5.227510
      4.700000      5.131058
      4.710000      5.052232
      4.720000      4.996172
      4.730000      4.957914
      4.740000      4.924602
      4.750000      4.881607
      4.760000      4.819773
      4.770000      4.740104
      4.780000      4.653291
      4.790000      4.574206
      4.800000      4.514288
      4.810000      4.475893
      4.820000      4.451390
      4.830000      4.427200
      4.840000      4.390532
      4.850000      4.335567
      4.860000      4.266291
      4.870000      4.194720
      4.880000      4.135251
      4.890000      4.097701
      4.900000      4.082385
      4.910000      4.079760
      4.920000      4.074915
      4.930000      4.054611
      4.940000      4.013265
      4.950000      3.954925
      4.960000      3.890465
      4.970000      3.831657
      4.980000      3.785234
      4.990000      3.749939
      5.000000      3.717984
