# EIG2DOS: Utility for SIESTA to obtain the electronic density of states
#
#                                                  Emilio Artacho, Apr. 1999
# --------------------------------------------------------------------------
# Nbands, Nspin, Nk   =    936     1   352
# E_F                 =    -5.8103 eV
# Broadening          =     0.0500 eV
# Number of electrons =   151.4602  151.7404 per cell
#
#        E            N
# --------------------------------------------------------------------------
     -5.000000     12.663570
     -4.990000     12.615547
     -4.980000     12.645720
     -4.970000     12.762248
     -4.960000     12.949438
     -4.950000     13.169170
     -4.940000     13.370161
     -4.930000     13.501975
     -4.920000     13.528081
     -4.910000     13.432902
     -4.900000     13.221283
     -4.890000     12.912495
     -4.880000     12.532541
     -4.870000     12.107915
     -4.860000     11.662332
     -4.850000     11.216531
     -4.840000     10.790266
     -4.830000     10.404852
     -4.820000     10.084349
     -4.810000      9.854012
     -4.800000      9.735985
     -4.790000      9.743655
     -4.780000      9.876732
     -4.770000     10.118684
     -4.760000     10.437244
     -4.750000     10.787959
     -4.740000     11.120572
     -4.730000     11.387857
     -4.720000     11.555829
     -4.710000     11.612920
     -4.700000     11.574682
     -4.690000     11.481142
     -4.680000     11.386469
     -4.670000     11.344028
     -4.660000     11.392268
     -4.650000     11.546536
     -4.640000     11.799217
     -4.630000     12.127059
     -4.620000     12.502122
     -4.610000     12.902220
     -4.600000     13.317555
     -4.590000     13.751640
     -4.580000     14.216093
     -4.570000     14.720397
     -4.560000     15.259437
     -4.550000     15.803112
     -4.540000     16.293077
     -4.530000     16.650585
     -4.520000     16.795912
     -4.510000     16.674342
     -4.500000     16.278778
     -4.490000     15.658036
     -4.480000     14.904924
     -4.470000     14.127467
     -4.460000     13.415068
     -4.450000     12.813930
     -4.440000     12.321197
     -4.430000     11.898042
     -4.420000     11.493580
     -4.410000     11.068054
     -4.400000     10.606098
     -4.390000     10.116941
     -4.380000      9.624699
     -4.370000      9.155543
     -4.360000      8.728257
     -4.350000      8.351407
     -4.340000      8.026175
     -4.330000      7.751257
     -4.320000      7.526237
     -4.310000      7.352136
     -4.300000      7.230395
     -4.290000      7.162653
     -4.280000      7.152470
     -4.270000      7.207947
     -4.260000      7.342960
     -4.250000      7.575789
     -4.240000      7.926468
     -4.230000      8.415759
     -4.220000      9.067515
     -4.210000      9.912495
     -4.200000     10.988365
     -4.190000     12.330400
     -4.180000     13.951627
     -4.170000     15.818020
     -4.160000     17.830371
     -4.150000     19.825545
     -4.140000     21.603816
     -4.130000     22.977144
     -4.120000     23.821137
     -4.110000     24.108542
     -4.100000     23.908911
     -4.090000     23.355036
     -4.080000     22.592875
     -4.070000     21.738455
     -4.060000     20.859016
     -4.050000     19.981190
     -4.040000     19.115245
     -4.030000     18.278653
     -4.020000     17.506178
     -4.010000     16.843365
     -4.000000     16.329754
     -3.990000     15.982552
     -3.980000     15.789405
     -3.970000     15.712676
     -3.960000     15.701322
     -3.950000     15.703639
     -3.940000     15.675832
     -3.930000     15.585663
     -3.920000     15.414185
     -3.910000     15.159232
     -3.900000     14.841559
     -3.890000     14.510600
     -3.880000     14.244594
     -3.870000     14.141414
     -3.860000     14.300873
     -3.850000     14.803504
     -3.840000     15.691897
     -3.830000     16.958241
     -3.820000     18.538437
     -3.810000     20.312148
     -3.800000     22.109997
     -3.790000     23.731012
     -3.780000     24.971842
     -3.770000     25.663516
     -3.760000     25.705413
     -3.750000     25.084534
     -3.740000     23.873398
     -3.730000     22.208706
     -3.720000     20.259780
     -3.710000     18.196947
     -3.700000     16.166572
     -3.690000     14.275099
     -3.680000     12.582244
     -3.670000     11.103181
     -3.660000      9.819113
     -3.650000      8.693810
     -3.640000      7.691373
     -3.630000      6.789691
     -3.620000      5.985889
     -3.610000      5.293620
     -3.600000      4.735261
     -3.590000      4.333091
     -3.580000      4.102319
     -3.570000      4.046682
     -3.560000      4.156045
     -3.550000      4.405549
     -3.540000      4.756763
     -3.530000      5.161705
     -3.520000      5.569800
     -3.510000      5.936361
     -3.500000      6.230037
     -3.490000      6.436804
     -3.480000      6.559396
     -3.470000      6.612855
     -3.460000      6.618144
     -3.450000      6.596160
     -3.440000      6.563861
     -3.430000      6.533041
     -3.420000      6.511050
     -3.410000      6.502094
     -3.400000      6.507996
     -3.390000      6.528174
     -3.380000      6.559465
     -3.370000      6.596573
     -3.360000      6.633375
     -3.350000      6.664636
     -3.340000      6.687372
     -3.330000      6.701374
     -3.320000      6.708842
     -3.310000      6.713404
     -3.300000      6.718908
     -3.290000      6.728406
     -3.280000      6.743709
     -3.270000      6.765664
     -3.260000      6.794891
     -3.250000      6.832443
     -3.240000      6.879961
     -3.230000      6.939408
     -3.220000      7.012891
     -3.210000      7.103035
     -3.200000      7.213838
     -3.190000      7.351311
     -3.180000      7.523129
     -3.170000      7.736958
     -3.160000      7.997964
     -3.150000      8.306469
     -3.140000      8.656797
     -3.130000      9.038035
     -3.120000      9.437013
     -3.110000      9.843313
     -3.100000     10.255459
     -3.090000     10.686636
     -3.080000     11.167689
     -3.070000     11.745179
     -3.060000     12.473109
     -3.050000     13.398577
     -3.040000     14.543819
     -3.030000     15.889431
     -3.020000     17.364795
     -3.010000     18.850540
     -3.000000     20.193714
     -2.990000     21.231260
     -2.980000     21.814829
     -2.970000     21.831848
     -2.960000     21.222230
     -2.950000     19.992126
     -2.940000     18.223170
     -2.930000     16.070597
     -2.920000     13.743033
     -2.910000     11.463880
     -2.900000      9.425207
     -2.890000      7.751219
     -2.880000      6.484552
     -2.870000      5.597338
     -2.860000      5.018066
     -2.850000      4.661127
     -2.840000      4.448995
     -2.830000      4.323279
     -2.820000      4.245974
     -2.810000      4.194783
     -2.800000      4.156698
     -2.790000      4.123088
     -2.780000      4.087767
     -2.770000      4.047382
     -2.760000      4.002148
     -2.750000      3.955196
     -2.740000      3.910394
     -2.730000      3.870016
     -2.720000      3.833867
     -2.710000      3.800320
     -2.700000      3.768286
     -2.690000      3.738634
     -2.680000      3.714288
     -2.670000      3.699375
     -2.660000      3.698284
     -2.650000      3.715041
     -2.640000      3.752675
     -2.630000      3.812149
     -2.620000      3.891139
     -2.610000      3.983611
     -2.600000      4.080896
     -2.590000      4.173903
     -2.580000      4.255242
     -2.570000      4.320186
     -2.560000      4.366349
     -2.550000      4.392719
     -2.540000      4.398793
     -2.530000      4.384142
     -2.520000      4.348507
     -2.510000      4.292497
     -2.500000      4.218746
     -2.490000      4.132918
     -2.480000      4.043667
     -2.470000      3.961150
     -2.460000      3.894659
     -2.450000      3.850569
     -2.440000      3.831523
     -2.430000      3.836915
     -2.420000      3.864041
     -2.410000      3.909293
     -2.400000      3.968979
     -2.390000      4.039592
     -2.380000      4.117454
     -2.370000      4.197979
     -2.360000      4.275228
     -2.350000      4.342414
     -2.340000      4.393451
     -2.330000      4.424848
     -2.320000      4.437048
     -2.310000      4.434748
     -2.300000      4.426241
     -2.290000      4.421853
     -2.280000      4.431377
     -2.270000      4.460711
     -2.260000      4.508739
     -2.250000      4.566301
     -2.240000      4.618708
     -2.230000      4.651880
     -2.220000      4.660237
     -2.210000      4.653234
     -2.200000      4.657496
     -2.190000      4.712962
     -2.180000      4.863874
     -2.170000      5.147558
     -2.160000      5.584702
     -2.150000      6.173861
     -2.140000      6.891109
     -2.130000      7.694299
     -2.120000      8.530772
     -2.110000      9.347036
     -2.100000     10.098398
     -2.090000     10.756207
     -2.080000     11.310898
     -2.070000     11.770650
     -2.060000     12.156986
     -2.050000     12.499045
     -2.040000     12.827668
     -2.030000     13.169806
     -2.020000     13.543921
     -2.010000     13.957673
     -2.000000     14.409166
     -1.990000     14.891994
     -1.980000     15.402544
     -1.970000     15.946509
     -1.960000     16.541122
     -1.950000     17.210620
     -1.940000     17.974788
     -1.930000     18.833577
     -1.920000     19.753462
     -1.910000     20.662092
     -1.900000     21.455847
     -1.890000     22.020464
     -1.880000     22.259357
     -1.870000     22.120267
     -1.860000     21.610590
     -1.850000     20.795680
     -1.840000     19.780990
     -1.830000     18.684919
     -1.820000     17.612057
     -1.810000     16.635310
     -1.800000     15.791157
     -1.790000     15.086960
     -1.780000     14.514881
     -1.770000     14.065367
     -1.760000     13.734955
     -1.750000     13.527282
     -1.740000     13.450062
     -1.730000     13.511804
     -1.720000     13.719971
     -1.710000     14.079251
     -1.700000     14.587495
     -1.690000     15.228628
     -1.680000     15.964975
     -1.670000     16.733399
     -1.660000     17.448847
     -1.650000     18.015854
     -1.640000     18.344983
     -1.630000     18.368886
     -1.620000     18.052699
     -1.610000     17.395960
     -1.600000     16.427056
     -1.590000     15.194455
     -1.580000     13.759586
     -1.570000     12.193764
     -1.560000     10.577689
     -1.550000      8.999647
     -1.540000      7.549400
     -1.530000      6.308066
     -1.520000      5.337433
     -1.510000      4.672803
     -1.500000      4.321533
     -1.490000      4.266594
     -1.480000      4.472751
     -1.470000      4.893004
     -1.460000      5.474195
     -1.450000      6.161933
     -1.440000      6.905348
     -1.430000      7.661568
     -1.420000      8.398743
     -1.410000      9.096151
     -1.400000      9.740934
     -1.390000     10.323113
     -1.380000     10.832055
     -1.370000     11.257038
     -1.360000     11.591941
     -1.350000     11.841074
     -1.340000     12.022022
     -1.330000     12.163081
     -1.320000     12.296265
     -1.310000     12.449540
     -1.300000     12.641968
     -1.290000     12.883202
     -1.280000     13.175989
     -1.270000     13.519263
     -1.260000     13.910369
     -1.250000     14.346819
     -1.240000     14.828633
     -1.230000     15.361322
     -1.220000     15.957648
     -1.210000     16.635404
     -1.200000     17.409472
     -1.190000     18.278962
     -1.180000     19.213007
     -1.170000     20.140699
     -1.160000     20.950996
     -1.150000     21.506645
     -1.140000     21.671953
     -1.130000     21.348307
     -1.120000     20.506179
     -1.110000     19.201150
     -1.100000     17.566144
     -1.090000     15.781250
     -1.080000     14.031673
     -1.070000     12.468735
     -1.060000     11.186221
     -1.050000     10.216539
     -1.040000      9.542840
     -1.030000      9.118481
     -1.020000      8.885646
     -1.010000      8.788674
     -1.000000      8.781552
     -0.990000      8.830933
     -0.980000      8.916034
     -0.970000      9.026193
     -0.960000      9.156899
     -0.950000      9.305532
     -0.940000      9.468092
     -0.930000      9.637565
     -0.920000      9.803691
     -0.910000      9.953425
     -0.900000     10.071654
     -0.890000     10.142261
     -0.880000     10.150050
     -0.870000     10.083834
     -0.860000      9.940164
     -0.850000      9.726217
     -0.840000      9.460053
     -0.830000      9.167325
     -0.820000      8.875308
     -0.810000      8.606618
     -0.800000      8.375165
     -0.790000      8.185572
     -0.780000      8.035415
     -0.770000      7.918481
     -0.760000      7.827451
     -0.750000      7.755364
     -0.740000      7.696120
     -0.730000      7.644596
     -0.720000      7.596795
     -0.710000      7.550358
     -0.700000      7.505626
     -0.690000      7.467125
     -0.680000      7.444899
     -0.670000      7.454823
     -0.660000      7.517397
     -0.650000      7.655232
     -0.640000      7.889922
     -0.630000      8.238688
     -0.620000      8.710486
     -0.610000      9.300951
     -0.600000      9.986316
     -0.590000     10.718204
     -0.580000     11.422768
     -0.570000     12.007525
     -0.560000     12.376670
     -0.550000     12.451444
     -0.540000     12.188720
     -0.530000     11.590611
     -0.520000     10.701503
     -0.510000      9.594514
     -0.500000      8.353794
     -0.490000      7.059767
     -0.480000      5.781310
     -0.470000      4.574308
     -0.460000      3.482925
     -0.450000      2.539999
     -0.440000      1.765408
     -0.430000      1.163873
     -0.420000      0.724662
     -0.410000      0.424527
     -0.400000      0.233261
     -0.390000      0.119900
     -0.380000      0.057532
     -0.370000      0.025726
     -0.360000      0.010706
     -0.350000      0.004141
     -0.340000      0.001488
     -0.330000      0.000496
     -0.320000      0.000153
     -0.310000      0.000044
     -0.300000      0.000013
     -0.290000      0.000008
     -0.280000      0.000023
     -0.270000      0.000089
     -0.260000      0.000332
     -0.250000      0.001150
     -0.240000      0.003685
     -0.230000      0.010940
     -0.220000      0.030091
     -0.210000      0.076707
     -0.200000      0.181275
     -0.190000      0.397301
     -0.180000      0.807992
     -0.170000      1.525818
     -0.160000      2.677992
     -0.150000      4.373894
     -0.140000      6.659036
     -0.130000      9.471746
     -0.120000     12.625945
     -0.110000     15.838152
     -0.100000     18.797360
     -0.090000     21.251919
     -0.080000     23.074159
     -0.070000     24.272619
     -0.060000     24.949834
     -0.050000     25.232889
     -0.040000     25.215500
     -0.030000     24.938043
     -0.020000     24.406187
     -0.010000     23.627431
      0.000000     22.639816
      0.010000     21.517664
      0.020000     20.355419
      0.030000     19.241937
      0.040000     18.239326
      0.050000     17.374735
      0.060000     16.645498
      0.070000     16.032215
      0.080000     15.512477
      0.090000     15.069475
      0.100000     14.693229
      0.110000     14.375907
      0.120000     14.105242
      0.130000     13.860622
      0.140000     13.614741
      0.150000     13.340568
      0.160000     13.020387
      0.170000     12.652251
      0.180000     12.250393
      0.190000     11.839206
      0.200000     11.443690
      0.210000     11.080827
      0.220000     10.755433
      0.230000     10.461279
      0.240000     10.185502
      0.250000      9.913004
      0.260000      9.628258
      0.270000      9.314271
      0.280000      8.950881
      0.290000      8.515752
      0.300000      7.990227
      0.310000      7.368975
      0.320000      6.668923
      0.330000      5.931734
      0.340000      5.216458
      0.350000      4.583886
      0.360000      4.078893
      0.370000      3.718448
      0.380000      3.490296
      0.390000      3.361970
      0.400000      3.295060
      0.410000      3.258048
      0.420000      3.232914
      0.430000      3.214629
      0.440000      3.205926
      0.450000      3.211039
      0.460000      3.231267
      0.470000      3.263520
      0.480000      3.301438
      0.490000      3.337825
      0.500000      3.367038
      0.510000      3.386433
      0.520000      3.396700
      0.530000      3.401465
      0.540000      3.406505
      0.550000      3.418481
      0.560000      3.442857
      0.570000      3.481246
      0.580000      3.529485
      0.590000      3.578166
      0.600000      3.616372
      0.610000      3.637283
      0.620000      3.642559
      0.630000      3.642574
      0.640000      3.651803
      0.650000      3.681577
      0.660000      3.734155
      0.670000      3.801344
      0.680000      3.868357
      0.690000      3.920884
      0.700000      3.951912
      0.710000      3.965272
      0.720000      3.974401
      0.730000      3.996780
      0.740000      4.046204
      0.750000      4.126204
      0.760000      4.228019
      0.770000      4.334907
      0.780000      4.431493
      0.790000      4.513699
      0.800000      4.593506
      0.810000      4.694952
      0.820000      4.842600
      0.830000      5.048630
      0.840000      5.306249
      0.850000      5.593736
      0.860000      5.886684
      0.870000      6.170280
      0.880000      6.442948
      0.890000      6.708337
      0.900000      6.961060
      0.910000      7.176650
      0.920000      7.314109
      0.930000      7.331158
      0.940000      7.203783
      0.950000      6.938935
      0.960000      6.573830
      0.970000      6.163369
      0.980000      5.762808
      0.990000      5.413172
      1.000000      5.133538
      1.010000      4.920831
      1.020000      4.755992
      1.030000      4.614478
      1.040000      4.477699
      1.050000      4.340652
      1.060000      4.211738
      1.070000      4.104586
      1.080000      4.026783
      1.090000      3.972949
      1.100000      3.927049
      1.110000      3.872464
      1.120000      3.802704
      1.130000      3.725073
      1.140000      3.654695
      1.150000      3.603357
      1.160000      3.571249
      1.170000      3.547242
      1.180000      3.516869
      1.190000      3.471690
      1.200000      3.413330
      1.210000      3.350101
      1.220000      3.289784
      1.230000      3.234521
      1.240000      3.181214
      1.250000      3.126083
      1.260000      3.068941
      1.270000      3.013713
      1.280000      2.965332
      1.290000      2.926097
      1.300000      2.894511
      1.310000      2.867074
      1.320000      2.841053
      1.330000      2.815882
      1.340000      2.792561
      1.350000      2.772155
      1.360000      2.754904
      1.370000      2.740409
      1.380000      2.728323
      1.390000      2.718669
      1.400000      2.711521
      1.410000      2.706287
      1.420000      2.700918
      1.430000      2.691175
      1.440000      2.670014
      1.450000      2.627394
      1.460000      2.551072
      1.470000      2.428831
      1.480000      2.252007
      1.490000      2.019325
      1.500000      1.739427
      1.510000      1.430642
      1.520000      1.117557
      1.530000      0.825377
      1.540000      0.574158
      1.550000      0.375011
      1.560000      0.229387
      1.570000      0.131126
      1.580000      0.069928
      1.590000      0.034740
      1.600000      0.016059
      1.610000      0.006901
      1.620000      0.002754
      1.630000      0.001020
      1.640000      0.000351
      1.650000      0.000112
      1.660000      0.000033
      1.670000      0.000009
      1.680000      0.000002
      1.690000      0.000001
      1.700000      0.000000
      1.710000      0.000000
      1.720000      0.000000
      1.730000      0.000000
      1.740000      0.000000
      1.750000      0.000000
      1.760000      0.000000
      1.770000      0.000000
      1.780000      0.000000
      1.790000      0.000000
      1.800000      0.000000
      1.810000      0.000000
      1.820000      0.000000
      1.830000      0.000000
      1.840000      0.000000
      1.850000      0.000000
      1.860000      0.000000
      1.870000      0.000000
      1.880000      0.000000
      1.890000      0.000000
      1.900000      0.000000
      1.910000      0.000000
      1.920000      0.000000
      1.930000      0.000000
      1.940000      0.000000
      1.950000      0.000000
      1.960000      0.000000
      1.970000      0.000000
      1.980000      0.000000
      1.990000      0.000000
      2.000000      0.000000
      2.010000      0.000000
      2.020000      0.000000
      2.030000      0.000000
      2.040000      0.000000
      2.050000      0.000000
      2.060000      0.000000
      2.070000      0.000000
      2.080000      0.000000
      2.090000      0.000000
      2.100000      0.000000
      2.110000      0.000000
      2.120000      0.000000
      2.130000      0.000000
      2.140000      0.000000
      2.150000      0.000000
      2.160000      0.000000
      2.170000      0.000000
      2.180000      0.000000
      2.190000      0.000000
      2.200000      0.000000
      2.210000      0.000000
      2.220000      0.000000
      2.230000      0.000000
      2.240000      0.000000
      2.250000      0.000000
      2.260000      0.000000
      2.270000      0.000000
      2.280000      0.000001
      2.290000      0.000006
      2.300000      0.000025
      2.310000      0.000091
      2.320000      0.000309
      2.330000      0.000967
      2.340000      0.002799
      2.350000      0.007500
      2.360000      0.018608
      2.370000      0.042774
      2.380000      0.091149
      2.390000      0.180198
      2.400000      0.330807
      2.410000      0.564602
      2.420000      0.897230
      2.430000      1.330120
      2.440000      1.844045
      2.450000      2.398368
      2.460000      2.938164
      2.470000      3.407753
      2.480000      3.765657
      2.490000      3.994790
      2.500000      4.103975
      2.510000      4.121093
      2.520000      4.081888
      2.530000      4.019503
      2.540000      3.958217
      2.550000      3.912092
      2.560000      3.886988
      2.570000      3.883660
      2.580000      3.900190
      2.590000      3.933226
      2.600000      3.978522
      2.610000      4.031554
      2.620000      4.088404
      2.630000      4.146418
      2.640000      4.204150
      2.650000      4.260857
      2.660000      4.316397
      2.670000      4.371878
      2.680000      4.430254
      2.690000      4.495674
      2.700000      4.571576
      2.710000      4.659112
      2.720000      4.757695
      2.730000      4.867630
      2.740000      4.992694
      2.750000      5.140425
      2.760000      5.319861
      2.770000      5.538581
      2.780000      5.800847
      2.790000      6.106681
      2.800000      6.450251
      2.810000      6.816729
      2.820000      7.179423
      2.830000      7.500560
      2.840000      7.737867
      2.850000      7.855508
      2.860000      7.834837
      2.870000      7.680117
      2.880000      7.416960
      2.890000      7.084772
      2.900000      6.726659
      2.910000      6.380264
      2.920000      6.071695
      2.930000      5.813261
      2.940000      5.604837
      2.950000      5.437918
      2.960000      5.300743
      2.970000      5.182484
      2.980000      5.075116
      2.990000      4.972974
      3.000000      4.871389
      3.010000      4.766006
      3.020000      4.653497
      3.030000      4.533050
      3.040000      4.407443
      3.050000      4.282846
      3.060000      4.167224
      3.070000      4.067839
      3.080000      3.988588
      3.090000      3.928154
      3.100000      3.879994
      3.110000      3.834709
      3.120000      3.784142
      3.130000      3.725322
      3.140000      3.661950
      3.150000      3.602374
      3.160000      3.555007
      3.170000      3.523732
      3.180000      3.505844
      3.190000      3.493580
      3.200000      3.478420
      3.210000      3.456037
      3.220000      3.429620
      3.230000      3.409938
      3.240000      3.411713
      3.250000      3.447415
      3.260000      3.521029
      3.270000      3.624911
      3.280000      3.741782
      3.290000      3.851434
      3.300000      3.939120
      3.310000      4.001555
      3.320000      4.047684
      3.330000      4.094028
      3.340000      4.157012
      3.350000      4.245874
      3.360000      4.359288
      3.370000      4.487163
      3.380000      4.616812
      3.390000      4.740743
      3.400000      4.862497
      3.410000      4.997790
      3.420000      5.170434
      3.430000      5.404924
      3.440000      5.719017
      3.450000      6.119327
      3.460000      6.601256
      3.470000      7.152240
      3.480000      7.755655
      3.490000      8.392445
      3.500000      9.039151
      3.510000      9.663594
      3.520000     10.221777
      3.530000     10.659862
      3.540000     10.923089
      3.550000     10.969841
      3.560000     10.785869
      3.570000     10.392620
      3.580000      9.845473
      3.590000      9.221576
      3.600000      8.601264
      3.610000      8.049631
      3.620000      7.604662
      3.630000      7.275413
      3.640000      7.049333
      3.650000      6.904160
      3.660000      6.818580
      3.670000      6.777529
      3.680000      6.771454
      3.690000      6.792085
      3.700000      6.828716
      3.710000      6.868030
      3.720000      6.897829
      3.730000      6.912110
      3.740000      6.913592
      3.750000      6.911111
      3.760000      6.912700
      3.770000      6.918496
      3.780000      6.918319
      3.790000      6.896200
      3.800000      6.839808
      3.810000      6.749505
      3.820000      6.641647
      3.830000      6.543629
      3.840000      6.482427
      3.850000      6.471897
      3.860000      6.505240
      3.870000      6.557093
      3.880000      6.595096
      3.890000      6.595609
      3.900000      6.555482
      3.910000      6.493634
      3.920000      6.441798
      3.930000      6.429729
      3.940000      6.472544
      3.950000      6.565707
      3.960000      6.688472
      3.970000      6.812686
      3.980000      6.912470
      3.990000      6.971261
      4.000000      6.984439
      4.010000      6.957541
      4.020000      6.901436
      4.030000      6.826765
      4.040000      6.739979
      4.050000      6.642300
      4.060000      6.531347
      4.070000      6.403945
      4.080000      6.258429
      4.090000      6.095486
      4.100000      5.917437
      4.110000      5.726548
      4.120000      5.523229
      4.130000      5.305109
      4.140000      5.067825
      4.150000      4.807731
      4.160000      4.525770
      4.170000      4.230793
      4.180000      3.940299
      4.190000      3.677334
      4.200000      3.464002
      4.210000      3.314014
      4.220000      3.227818
      4.230000      3.193042
      4.240000      3.190298
      4.250000      3.201284
      4.260000      3.214787
      4.270000      3.227650
      4.280000      3.241316
      4.290000      3.257344
      4.300000      3.275340
      4.310000      3.294081
      4.320000      3.313697
      4.330000      3.336076
      4.340000      3.362772
      4.350000      3.392440
      4.360000      3.420666
      4.370000      3.443085
      4.380000      3.459624
      4.390000      3.476355
      4.400000      3.502995
      4.410000      3.547411
      4.420000      3.610787
      4.430000      3.686689
      4.440000      3.764549
      4.450000      3.835222
      4.460000      3.895231
      4.470000      3.947534
      4.480000      3.998971
      4.490000      4.056372
      4.500000      4.123657
      4.510000      4.201200
      4.520000      4.287159
      4.530000      4.379431
      4.540000      4.476921
      4.550000      4.579737
      4.560000      4.688755
      4.570000      4.805178
      4.580000      4.930085
      4.590000      5.063453
      4.600000      5.202334
      4.610000      5.338932
      4.620000      5.460194
      4.630000      5.550329
      4.640000      5.596125
      4.650000      5.592930
      4.660000      5.548049
      4.670000      5.479111
      4.680000      5.407426
      4.690000      5.349224
      4.700000      5.309181
      4.710000      5.279793
      4.720000      5.247203
      4.730000      5.200585
      4.740000      5.140070
      4.750000      5.078739
      4.760000      5.037252
      4.770000      5.033681
      4.780000      5.073858
      4.790000      5.147486
      4.800000      5.232193
      4.810000      5.303339
      4.820000      5.344331
      4.830000      5.352251
      4.840000      5.336771
      4.850000      5.314187
      4.860000      5.300498
      4.870000      5.306624
      4.880000      5.336431
      4.890000      5.386518
      4.900000      5.446879
      4.910000      5.502982
      4.920000      5.540289
      4.930000      5.550771
      4.940000      5.538409
      4.950000      5.519607
      4.960000      5.516625
      4.970000      5.546648
      4.980000      5.612591
      4.990000      5.701205
      5.000000      5.789444
