# EIG2DOS: Utility for SIESTA to obtain the electronic density of states
#
#                                                  Emilio Artacho, Apr. 1999
# --------------------------------------------------------------------------
# Nbands, Nspin, Nk   =    936     1   352
# E_F                 =    -5.9464 eV
# Broadening          =     0.0500 eV
# Number of electrons =   285.5114  286.0371 per cell
#
#        E            N
# --------------------------------------------------------------------------
    -10.000000      5.442988
     -9.980000      5.090077
     -9.960000      4.843931
     -9.940000      4.769028
     -9.920000      4.849932
     -9.900000      5.011105
     -9.880000      5.193720
     -9.860000      5.434979
     -9.840000      5.812513
     -9.820000      6.297905
     -9.800000      6.724847
     -9.780000      6.919345
     -9.760000      6.841054
     -9.740000      6.577210
     -9.720000      6.207230
     -9.700000      5.747811
     -9.680000      5.237368
     -9.660000      4.782027
     -9.640000      4.524611
     -9.620000      4.624705
     -9.600000      5.191257
     -9.580000      6.125706
     -9.560000      7.059541
     -9.540000      7.559978
     -9.520000      7.457874
     -9.500000      6.951466
     -9.480000      6.372488
     -9.460000      5.903552
     -9.440000      5.570915
     -9.420000      5.407478
     -9.400000      5.433298
     -9.380000      5.505918
     -9.360000      5.391524
     -9.340000      5.003113
     -9.320000      4.474880
     -9.300000      4.045781
     -9.280000      3.925936
     -9.260000      4.210979
     -9.240000      4.856514
     -9.220000      5.711053
     -9.200000      6.550098
     -9.180000      7.112687
     -9.160000      7.204711
     -9.140000      6.820157
     -9.120000      6.157564
     -9.100000      5.506142
     -9.080000      5.089318
     -9.060000      4.989271
     -9.040000      5.185735
     -9.020000      5.609556
     -9.000000      6.133813
     -8.980000      6.573470
     -8.960000      6.764040
     -8.940000      6.627500
     -8.920000      6.176158
     -8.900000      5.552185
     -8.880000      5.044876
     -8.860000      4.911990
     -8.840000      5.138840
     -8.820000      5.456055
     -8.800000      5.619949
     -8.780000      5.635226
     -8.760000      5.683735
     -8.740000      5.863840
     -8.720000      6.065720
     -8.700000      6.107967
     -8.680000      5.912977
     -8.660000      5.540453
     -8.640000      5.131867
     -8.620000      4.827931
     -8.600000      4.688567
     -8.580000      4.679146
     -8.560000      4.729225
     -8.540000      4.796354
     -8.520000      4.866845
     -8.500000      4.906523
     -8.480000      4.872412
     -8.460000      4.783674
     -8.440000      4.707764
     -8.420000      4.692894
     -8.400000      4.777573
     -8.380000      4.996753
     -8.360000      5.313654
     -8.340000      5.612109
     -8.320000      5.796474
     -8.300000      5.866449
     -8.280000      5.891407
     -8.260000      5.920833
     -8.240000      5.917202
     -8.220000      5.804647
     -8.200000      5.589659
     -8.180000      5.397870
     -8.160000      5.392328
     -8.140000      5.658868
     -8.120000      6.134708
     -8.100000      6.639443
     -8.080000      7.006579
     -8.060000      7.203119
     -8.040000      7.321773
     -8.020000      7.476483
     -8.000000      7.718508
     -7.980000      8.006562
     -7.960000      8.208294
     -7.940000      8.170189
     -7.920000      7.873751
     -7.900000      7.519114
     -7.880000      7.364219
     -7.860000      7.466138
     -7.840000      7.637681
     -7.820000      7.654051
     -7.800000      7.447854
     -7.780000      7.117996
     -7.760000      6.826146
     -7.740000      6.683096
     -7.720000      6.689188
     -7.700000      6.759152
     -7.680000      6.748200
     -7.660000      6.503436
     -7.640000      6.042804
     -7.620000      5.636078
     -7.600000      5.543907
     -7.580000      5.727506
     -7.560000      5.934339
     -7.540000      5.983525
     -7.520000      5.879350
     -7.500000      5.750855
     -7.480000      5.758042
     -7.460000      5.984738
     -7.440000      6.381050
     -7.420000      6.820251
     -7.400000      7.178724
     -7.380000      7.387731
     -7.360000      7.483652
     -7.340000      7.552980
     -7.320000      7.580111
     -7.300000      7.471956
     -7.280000      7.269973
     -7.260000      7.184781
     -7.240000      7.360011
     -7.220000      7.696544
     -7.200000      7.970780
     -7.180000      8.077199
     -7.160000      8.072154
     -7.140000      8.013299
     -7.120000      7.891963
     -7.100000      7.730564
     -7.080000      7.607381
     -7.060000      7.570006
     -7.040000      7.620858
     -7.020000      7.749388
     -7.000000      7.905355
     -6.980000      7.995031
     -6.960000      7.944412
     -6.940000      7.752519
     -6.920000      7.511228
     -6.900000      7.355505
     -6.880000      7.332546
     -6.860000      7.371353
     -6.840000      7.419179
     -6.820000      7.495671
     -6.800000      7.570468
     -6.780000      7.518466
     -6.760000      7.291522
     -6.740000      7.046639
     -6.720000      6.967706
     -6.700000      7.031603
     -6.680000      7.096141
     -6.660000      7.128723
     -6.640000      7.213202
     -6.620000      7.392635
     -6.600000      7.591501
     -6.580000      7.700541
     -6.560000      7.721583
     -6.540000      7.784946
     -6.520000      7.991318
     -6.500000      8.262913
     -6.480000      8.396439
     -6.460000      8.275336
     -6.440000      7.996245
     -6.420000      7.743738
     -6.400000      7.583424
     -6.380000      7.457771
     -6.360000      7.332968
     -6.340000      7.251838
     -6.320000      7.264043
     -6.300000      7.349755
     -6.280000      7.415232
     -6.260000      7.388841
     -6.240000      7.312991
     -6.220000      7.287125
     -6.200000      7.344649
     -6.180000      7.438138
     -6.160000      7.512552
     -6.140000      7.581069
     -6.120000      7.750464
     -6.100000      8.101774
     -6.080000      8.523737
     -6.060000      8.795811
     -6.040000      8.847827
     -6.020000      8.803964
     -6.000000      8.825790
     -5.980000      9.051302
     -5.960000      9.595348
     -5.940000     10.464632
     -5.920000     11.521448
     -5.900000     12.607506
     -5.880000     13.638735
     -5.860000     14.477833
     -5.840000     14.757940
     -5.820000     14.065785
     -5.800000     12.452643
     -5.780000     10.626411
     -5.760000      9.487640
     -5.740000      9.504918
     -5.720000     10.497258
     -5.700000     11.856435
     -5.680000     12.965398
     -5.660000     13.522964
     -5.640000     13.584965
     -5.620000     13.421093
     -5.600000     13.335437
     -5.580000     13.486250
     -5.560000     13.825534
     -5.540000     14.224214
     -5.520000     14.587188
     -5.500000     14.808748
     -5.480000     14.742554
     -5.460000     14.350470
     -5.440000     13.824447
     -5.420000     13.438367
     -5.400000     13.291204
     -5.380000     13.277903
     -5.360000     13.299389
     -5.340000     13.408581
     -5.320000     13.733057
     -5.300000     14.310759
     -5.280000     15.020551
     -5.260000     15.656461
     -5.240000     16.040741
     -5.220000     16.073533
     -5.200000     15.764338
     -5.180000     15.261765
     -5.160000     14.777076
     -5.140000     14.425567
     -5.120000     14.179556
     -5.100000     13.984152
     -5.080000     13.837338
     -5.060000     13.740913
     -5.040000     13.690918
     -5.020000     13.733335
     -5.000000     13.914217
     -4.980000     14.185460
     -4.960000     14.443800
     -4.940000     14.652170
     -4.920000     14.898202
     -4.900000     15.299308
     -4.880000     15.814714
     -4.860000     16.238123
     -4.840000     16.437471
     -4.820000     16.465359
     -4.800000     16.358996
     -4.780000     16.005789
     -4.760000     15.335901
     -4.740000     14.509251
     -4.720000     13.778483
     -4.700000     13.301061
     -4.680000     13.162571
     -4.660000     13.375412
     -4.640000     13.806796
     -4.620000     14.314421
     -4.600000     14.941558
     -4.580000     15.833534
     -4.560000     17.025719
     -4.540000     18.381161
     -4.520000     19.656100
     -4.500000     20.588585
     -4.480000     20.958267
     -4.460000     20.657828
     -4.440000     19.835783
     -4.420000     18.924147
     -4.400000     18.391866
     -4.380000     18.488941
     -4.360000     19.198470
     -4.340000     20.208503
     -4.320000     20.902527
     -4.300000     20.692596
     -4.280000     19.512406
     -4.260000     17.839337
     -4.240000     16.254338
     -4.220000     15.136031
     -4.200000     14.659699
     -4.180000     14.795552
     -4.160000     15.242267
     -4.140000     15.555040
     -4.120000     15.479230
     -4.100000     15.144971
     -4.080000     14.911696
     -4.060000     15.031074
     -4.040000     15.470486
     -4.020000     16.004283
     -4.000000     16.349223
     -3.980000     16.223395
     -3.960000     15.445663
     -3.940000     14.109295
     -3.920000     12.659817
     -3.900000     11.666864
     -3.880000     11.388834
     -3.860000     11.600135
     -3.840000     11.890017
     -3.820000     12.061703
     -3.800000     12.234326
     -3.780000     12.619433
     -3.760000     13.214485
     -3.740000     13.721799
     -3.720000     13.814323
     -3.700000     13.508603
     -3.680000     13.180990
     -3.660000     13.142484
     -3.640000     13.331494
     -3.620000     13.481854
     -3.600000     13.387920
     -3.580000     12.944731
     -3.560000     12.171932
     -3.540000     11.296860
     -3.520000     10.625896
     -3.500000     10.236292
     -3.480000      9.898051
     -3.460000      9.376918
     -3.440000      8.774351
     -3.420000      8.482924
     -3.400000      8.762041
     -3.380000      9.419398
     -3.360000     10.005062
     -3.340000     10.281544
     -3.320000     10.391372
     -3.300000     10.584049
     -3.280000     10.896607
     -3.260000     11.141043
     -3.240000     11.115170
     -3.220000     10.745660
     -3.200000     10.128526
     -3.180000      9.523521
     -3.160000      9.177647
     -3.140000      9.072916
     -3.120000      8.943590
     -3.100000      8.554527
     -3.080000      7.908037
     -3.060000      7.227667
     -3.040000      6.803329
     -3.020000      6.818832
     -3.000000      7.239521
     -2.980000      7.821884
     -2.960000      8.279646
     -2.940000      8.486127
     -2.920000      8.519056
     -2.900000      8.555746
     -2.880000      8.760806
     -2.860000      9.195134
     -2.840000      9.771737
     -2.820000     10.341922
     -2.800000     10.786301
     -2.780000     10.964704
     -2.760000     10.736464
     -2.740000     10.167912
     -2.720000      9.576177
     -2.700000      9.258487
     -2.680000      9.293527
     -2.660000      9.622493
     -2.640000     10.178570
     -2.620000     10.906596
     -2.600000     11.691002
     -2.580000     12.280054
     -2.560000     12.397126
     -2.540000     12.001353
     -2.520000     11.355291
     -2.500000     10.806588
     -2.480000     10.533072
     -2.460000     10.430216
     -2.440000     10.211105
     -2.420000      9.706990
     -2.400000      9.067328
     -2.380000      8.595522
     -2.360000      8.475626
     -2.340000      8.729182
     -2.320000      9.324989
     -2.300000     10.228745
     -2.280000     11.364514
     -2.260000     12.583246
     -2.240000     13.677371
     -2.220000     14.426832
     -2.200000     14.698508
     -2.180000     14.541285
     -2.160000     14.149286
     -2.140000     13.718424
     -2.120000     13.352721
     -2.100000     13.104432
     -2.080000     13.037554
     -2.060000     13.162927
     -2.040000     13.326913
     -2.020000     13.235958
     -2.000000     12.627606
     -1.980000     11.483769
     -1.960000     10.111231
     -1.940000      8.951545
     -1.920000      8.347807
     -1.900000      8.538260
     -1.880000      9.604610
     -1.860000     11.164123
     -1.840000     12.344991
     -1.820000     12.446597
     -1.800000     11.614196
     -1.780000     10.686780
     -1.760000     10.457796
     -1.740000     11.176794
     -1.720000     12.531624
     -1.700000     13.829467
     -1.680000     14.338850
     -1.660000     13.830454
     -1.640000     12.825173
     -1.620000     12.116363
     -1.600000     12.038710
     -1.580000     12.275738
     -1.560000     12.302648
     -1.540000     11.903679
     -1.520000     11.285970
     -1.500000     10.818981
     -1.480000     10.730567
     -1.460000     10.980949
     -1.440000     11.318907
     -1.420000     11.456755
     -1.400000     11.259400
     -1.380000     10.818175
     -1.360000     10.389868
     -1.340000     10.274236
     -1.320000     10.662779
     -1.300000     11.475208
     -1.280000     12.309911
     -1.260000     12.655005
     -1.240000     12.253639
     -1.220000     11.300257
     -1.200000     10.304348
     -1.180000      9.769686
     -1.160000      9.945211
     -1.140000     10.786009
     -1.120000     12.060091
     -1.100000     13.453722
     -1.080000     14.631889
     -1.060000     15.275111
     -1.040000     15.109075
     -1.020000     14.022385
     -1.000000     12.272921
     -0.980000     10.475132
     -0.960000      9.223803
     -0.940000      8.745900
     -0.920000      8.903894
     -0.900000      9.387401
     -0.880000      9.868000
     -0.860000     10.106982
     -0.840000     10.034969
     -0.820000      9.731506
     -0.800000      9.301907
     -0.780000      8.799605
     -0.760000      8.254807
     -0.740000      7.714427
     -0.720000      7.231838
     -0.700000      6.822164
     -0.680000      6.445403
     -0.660000      6.043542
     -0.640000      5.582548
     -0.620000      5.097583
     -0.600000      4.722960
     -0.580000      4.605213
     -0.560000      4.753263
     -0.540000      5.012759
     -0.520000      5.185626
     -0.500000      5.174867
     -0.480000      5.031834
     -0.460000      4.853088
     -0.440000      4.670719
     -0.420000      4.501880
     -0.400000      4.441475
     -0.380000      4.604409
     -0.360000      5.007887
     -0.340000      5.589807
     -0.320000      6.329065
     -0.300000      7.317131
     -0.280000      8.702256
     -0.260000     10.494378
     -0.240000     12.382639
     -0.220000     13.852089
     -0.200000     14.556593
     -0.180000     14.487634
     -0.160000     13.795104
     -0.140000     12.629739
     -0.120000     11.200050
     -0.100000      9.841398
     -0.080000      8.870310
     -0.060000      8.326934
     -0.040000      7.970632
     -0.020000      7.551465
      0.000000      6.991664
      0.020000      6.361119
      0.040000      5.804548
      0.060000      5.465200
      0.080000      5.398641
      0.100000      5.541054
      0.120000      5.746113
      0.140000      5.849061
      0.160000      5.736889
      0.180000      5.401287
      0.200000      4.954848
      0.220000      4.596815
      0.240000      4.501072
      0.260000      4.669637
      0.280000      4.899443
      0.300000      4.940913
      0.320000      4.707176
      0.340000      4.319801
      0.360000      3.983409
      0.380000      3.853698
      0.400000      3.966119
      0.420000      4.197339
      0.440000      4.306392
      0.460000      4.082601
      0.480000      3.478763
      0.500000      2.629491
      0.520000      1.791285
      0.540000      1.241869
      0.560000      1.145535
      0.580000      1.458411
      0.600000      1.964967
      0.620000      2.410361
      0.640000      2.617895
      0.660000      2.558817
      0.680000      2.346829
      0.700000      2.117281
      0.720000      1.921885
      0.740000      1.772793
      0.760000      1.708160
      0.780000      1.757951
      0.800000      1.930422
      0.820000      2.278558
      0.840000      2.864793
      0.860000      3.577663
      0.880000      4.101406
      0.900000      4.189519
      0.920000      3.898785
      0.940000      3.476656
      0.960000      3.099585
      0.980000      2.790761
      1.000000      2.524820
      1.020000      2.315230
      1.040000      2.182938
      1.060000      2.098710
      1.080000      2.007818
      1.100000      1.898513
      1.120000      1.807131
      1.140000      1.752842
      1.160000      1.702913
      1.180000      1.624584
      1.200000      1.539865
      1.220000      1.486785
      1.240000      1.451118
      1.260000      1.392097
      1.280000      1.316715
      1.300000      1.263656
      1.320000      1.229415
      1.340000      1.179122
      1.360000      1.114550
      1.380000      1.064838
      1.400000      1.027641
      1.420000      0.979563
      1.440000      0.924228
      1.460000      0.879111
      1.480000      0.838606
      1.500000      0.790621
      1.520000      0.742147
      1.540000      0.699713
      1.560000      0.654316
      1.580000      0.600124
      1.600000      0.539247
      1.620000      0.469410
      1.640000      0.392520
      1.660000      0.323687
      1.680000      0.274068
      1.700000      0.238936
      1.720000      0.209648
      1.740000      0.181728
      1.760000      0.150050
      1.780000      0.110980
      1.800000      0.069426
      1.820000      0.035471
      1.840000      0.015327
      1.860000      0.009198
      1.880000      0.016079
      1.900000      0.036777
      1.920000      0.070675
      1.940000      0.111243
      1.960000      0.148607
      1.980000      0.178636
      2.000000      0.205455
      2.020000      0.232972
      2.040000      0.263374
      2.060000      0.305642
      2.080000      0.369233
      2.100000      0.447551
      2.120000      0.524576
      2.140000      0.594417
      2.160000      0.657245
      2.180000      0.709177
      2.200000      0.754428
      2.220000      0.804962
      2.240000      0.857894
      2.260000      0.904045
      2.280000      0.952433
      2.300000      1.010321
      2.320000      1.063465
      2.340000      1.108772
      2.360000      1.165774
      2.380000      1.232632
      2.400000      1.285400
      2.420000      1.331833
      2.440000      1.400187
      2.460000      1.478237
      2.480000      1.534930
      2.500000      1.585618
      2.520000      1.665082
      2.540000      1.759938
      2.560000      1.832865
      2.580000      1.893607
      2.600000      1.986355
      2.620000      2.112382
      2.640000      2.228131
      2.660000      2.335403
      2.680000      2.503285
      2.700000      2.770760
      2.720000      3.102096
      2.740000      3.464403
      2.760000      3.844199
      2.780000      4.136950
      2.800000      4.156470
      2.820000      3.854495
      2.840000      3.420972
      2.860000      3.105128
      2.880000      3.052980
      2.900000      3.295915
      2.920000      3.704961
      2.940000      3.969808
      2.960000      3.805420
      2.980000      3.202040
      3.000000      2.419762
      3.020000      1.781565
      3.040000      1.491051
      3.060000      1.589605
      3.080000      2.029398
      3.100000      2.745852
      3.120000      3.637985
      3.140000      4.526844
      3.160000      5.228664
      3.180000      5.700751
      3.200000      6.083679
      3.220000      6.588796
      3.240000      7.316019
      3.260000      8.147206
      3.280000      8.874889
      3.300000      9.468380
      3.320000     10.108743
      3.340000     10.884835
      3.360000     11.551701
      3.380000     11.730645
      3.400000     11.313759
      3.420000     10.542266
      3.440000      9.727933
      3.460000      9.034491
      3.480000      8.513981
      3.500000      8.211889
      3.520000      8.143180
      3.540000      8.204044
      3.560000      8.206185
      3.580000      8.024227
      3.600000      7.681046
      3.620000      7.315535
      3.640000      7.120516
      3.660000      7.248896
      3.680000      7.643463
      3.700000      7.975779
      3.720000      7.891679
      3.740000      7.350650
      3.760000      6.652866
      3.780000      6.129044
      3.800000      5.894743
      3.820000      5.894944
      3.840000      6.018383
      3.860000      6.112025
      3.880000      6.034758
      3.900000      5.795673
      3.920000      5.565191
      3.940000      5.502214
      3.960000      5.635031
      3.980000      5.908418
      4.000000      6.251640
      4.020000      6.576373
      4.040000      6.763702
      4.060000      6.705910
      4.080000      6.377929
      4.100000      5.843130
      4.120000      5.189277
      4.140000      4.498845
      4.160000      3.866641
      4.180000      3.392780
      4.200000      3.149235
      4.220000      3.172415
      4.240000      3.484927
      4.260000      4.077106
      4.280000      4.830884
      4.300000      5.506596
      4.320000      5.867895
      4.340000      5.823188
      4.360000      5.453367
      4.380000      4.942827
      4.400000      4.472813
      4.420000      4.140162
      4.440000      3.973163
      4.460000      4.000277
      4.480000      4.242304
      4.500000      4.624360
      4.520000      4.957765
      4.540000      5.070424
      4.560000      4.949466
      4.580000      4.736072
      4.600000      4.598258
      4.620000      4.612279
      4.640000      4.734088
      4.660000      4.860081
      4.680000      4.917471
      4.700000      4.897297
      4.720000      4.806419
      4.740000      4.627711
      4.760000      4.352790
      4.780000      4.037333
      4.800000      3.801788
      4.820000      3.747864
      4.840000      3.863835
      4.860000      4.033904
      4.880000      4.138391
      4.900000      4.126968
      4.920000      4.009273
      4.940000      3.813617
      4.960000      3.584548
      4.980000      3.406386
      5.000000      3.376076
      5.020000      3.519632
      5.040000      3.749988
      5.060000      3.947870
      5.080000      4.095041
      5.100000      4.288901
      5.120000      4.606926
      5.140000      4.992858
      5.160000      5.313286
      5.180000      5.501173
      5.200000      5.585966
      5.220000      5.597611
      5.240000      5.513268
      5.260000      5.305988
      5.280000      5.001306
      5.300000      4.681292
      5.320000      4.441927
      5.340000      4.336883
      5.360000      4.360620
      5.380000      4.477394
      5.400000      4.639464
      5.420000      4.768315
      5.440000      4.760277
      5.460000      4.557117
      5.480000      4.212926
      5.500000      3.882894
      5.520000      3.722623
      5.540000      3.756650
      5.560000      3.853757
      5.580000      3.858870
      5.600000      3.728808
      5.620000      3.531418
      5.640000      3.353898
      5.660000      3.233799
      5.680000      3.171737
      5.700000      3.192938
      5.720000      3.349830
      5.740000      3.647830
      5.760000      4.005475
      5.780000      4.290913
      5.800000      4.387578
      5.820000      4.274205
      5.840000      4.062959
      5.860000      3.904950
      5.880000      3.851240
      5.900000      3.847907
      5.920000      3.840803
      5.940000      3.835258
      5.960000      3.868420
      5.980000      3.949114
      6.000000      4.022459
      6.020000      4.009186
      6.040000      3.892374
      6.060000      3.745127
      6.080000      3.672176
      6.100000      3.735938
      6.120000      3.908549
      6.140000      4.075159
      6.160000      4.120123
      6.180000      4.020730
      6.200000      3.832952
      6.220000      3.617121
      6.240000      3.421124
      6.260000      3.309241
      6.280000      3.347474
      6.300000      3.526552
      6.320000      3.724296
      6.340000      3.797760
      6.360000      3.717387
      6.380000      3.578509
      6.400000      3.485529
      6.420000      3.460082
      6.440000      3.457454
      6.460000      3.432430
      6.480000      3.381187
      6.500000      3.338485
      6.520000      3.334128
      6.540000      3.350201
      6.560000      3.343284
      6.580000      3.311635
      6.600000      3.307261
      6.620000      3.367442
      6.640000      3.463897
      6.660000      3.542360
      6.680000      3.581076
      6.700000      3.580915
      6.720000      3.540056
      6.740000      3.477155
      6.760000      3.435205
      6.780000      3.424124
      6.800000      3.400737
      6.820000      3.338687
      6.840000      3.284482
      6.860000      3.305490
      6.880000      3.387929
      6.900000      3.431918
      6.920000      3.370412
      6.940000      3.242222
      6.960000      3.115871
      6.980000      2.999823
      7.000000      2.870992
      7.020000      2.744740
      7.040000      2.669416
      7.060000      2.672644
      7.080000      2.734468
      7.100000      2.802575
      7.120000      2.835268
      7.140000      2.832186
      7.160000      2.815241
      7.180000      2.803578
      7.200000      2.825661
      7.220000      2.909986
      7.240000      3.034304
      7.260000      3.124575
      7.280000      3.131038
      7.300000      3.082891
      7.320000      3.052655
      7.340000      3.085987
      7.360000      3.179516
      7.380000      3.302345
      7.400000      3.413261
      7.420000      3.468022
      7.440000      3.441208
      7.460000      3.353613
      7.480000      3.258713
      7.500000      3.187551
      7.520000      3.122103
      7.540000      3.026878
      7.560000      2.889483
      7.580000      2.734189
      7.600000      2.610283
      7.620000      2.565544
      7.640000      2.621929
      7.660000      2.767239
      7.680000      2.963930
      7.700000      3.172178
      7.720000      3.378357
      7.740000      3.588563
      7.760000      3.776349
      7.780000      3.868608
      7.800000      3.812388
      7.820000      3.634517
      7.840000      3.417736
      7.860000      3.232165
      7.880000      3.096047
      7.900000      2.973261
      7.920000      2.799476
      7.940000      2.550441
      7.960000      2.282116
      7.980000      2.067683
      8.000000      1.925951
      8.020000      1.847724
      8.040000      1.848214
      8.060000      1.955299
      8.080000      2.177152
      8.100000      2.496035
      8.120000      2.859406
      8.140000      3.176955
      8.160000      3.368965
      8.180000      3.419080
      8.200000      3.357101
      8.220000      3.222304
      8.240000      3.066413
      8.260000      2.945957
      8.280000      2.888000
      8.300000      2.889225
      8.320000      2.952802
      8.340000      3.106881
      8.360000      3.372463
      8.380000      3.702531
      8.400000      3.968739
      8.420000      4.054848
      8.440000      3.967049
      8.460000      3.813237
      8.480000      3.688687
      8.500000      3.614208
      8.520000      3.553730
      8.540000      3.465300
      8.560000      3.352250
      8.580000      3.254081
      8.600000      3.182743
      8.620000      3.113369
      8.640000      3.028097
      8.660000      2.916754
      8.680000      2.763349
      8.700000      2.575147
      8.720000      2.395770
      8.740000      2.268986
      8.760000      2.203068
      8.780000      2.167402
      8.800000      2.125139
      8.820000      2.077800
      8.840000      2.073245
      8.860000      2.164512
      8.880000      2.341970
      8.900000      2.494027
      8.920000      2.468383
      8.940000      2.197887
      8.960000      1.743908
      8.980000      1.223171
      9.000000      0.743028
      9.020000      0.394105
      9.040000      0.254121
      9.060000      0.417508
      9.080000      1.052085
      9.100000      2.382561
      9.120000      4.535732
      9.140000      7.339923
      9.160000     10.268136
      9.180000     12.652563
      9.200000     14.070271
      9.220000     14.531124
      9.240000     14.244276
      9.260000     13.406510
      9.280000     12.448601
      9.300000     12.157976
      9.320000     13.073909
      9.340000     14.845494
      9.360000     16.484787
      9.380000     17.216823
      9.400000     16.983880
      9.420000     16.303700
      9.440000     15.850848
      9.460000     16.128872
      9.480000     17.275553
      9.500000     18.944332
      9.520000     20.433982
      9.540000     21.113821
      9.560000     20.749050
      9.580000     19.495910
      9.600000     17.779631
      9.620000     16.142078
      9.640000     15.001413
      9.660000     14.507425
      9.680000     14.598063
      9.700000     15.046982
      9.720000     15.479360
      9.740000     15.587374
      9.760000     15.408890
      9.780000     15.256235
      9.800000     15.365484
      9.820000     15.713957
      9.840000     16.091758
      9.860000     16.238938
      9.880000     16.018013
      9.900000     15.524357
      9.920000     14.971696
      9.940000     14.533579
      9.960000     14.363611
      9.980000     14.604049
     10.000000     15.222260
