# EIG2DOS: Utility for SIESTA to obtain the electronic density of states
#
#                                                  Emilio Artacho, Apr. 1999
# --------------------------------------------------------------------------
# Nbands, Nspin, Nk   =    936     1   352
# E_F                 =    -5.9721 eV
# Broadening          =     0.0500 eV
# Number of electrons =   284.8580  285.1836 per cell
#
#        E            N
# --------------------------------------------------------------------------
    -10.000000      6.260433
     -9.980000      6.247712
     -9.960000      6.033375
     -9.940000      5.729072
     -9.920000      5.515428
     -9.900000      5.532388
     -9.880000      5.778844
     -9.860000      6.095748
     -9.840000      6.288197
     -9.820000      6.284821
     -9.800000      6.144575
     -9.780000      5.918029
     -9.760000      5.595566
     -9.740000      5.220177
     -9.720000      4.935067
     -9.700000      4.832371
     -9.680000      4.838833
     -9.660000      4.843164
     -9.640000      4.861703
     -9.620000      5.000323
     -9.600000      5.318387
     -9.580000      5.771511
     -9.560000      6.234727
     -9.540000      6.566293
     -9.520000      6.686060
     -9.500000      6.616941
     -9.480000      6.452118
     -9.460000      6.285519
     -9.440000      6.187178
     -9.420000      6.208302
     -9.400000      6.345330
     -9.380000      6.511826
     -9.360000      6.590758
     -9.340000      6.526251
     -9.320000      6.353858
     -9.300000      6.125458
     -9.280000      5.851311
     -9.260000      5.550178
     -9.240000      5.270931
     -9.220000      5.053542
     -9.200000      4.963123
     -9.180000      5.106673
     -9.160000      5.511726
     -9.140000      6.035006
     -9.120000      6.437747
     -9.100000      6.534468
     -9.080000      6.299080
     -9.060000      5.869858
     -9.040000      5.441156
     -9.020000      5.126860
     -9.000000      4.931029
     -8.980000      4.827555
     -8.960000      4.807910
     -8.940000      4.848983
     -8.920000      4.885447
     -8.900000      4.840066
     -8.880000      4.681182
     -8.860000      4.451725
     -8.840000      4.254970
     -8.820000      4.196324
     -8.800000      4.295772
     -8.780000      4.459073
     -8.760000      4.554303
     -8.740000      4.518725
     -8.720000      4.421998
     -8.700000      4.433291
     -8.680000      4.668569
     -8.660000      5.057583
     -8.640000      5.410808
     -8.620000      5.613564
     -8.600000      5.706340
     -8.580000      5.792293
     -8.560000      5.925480
     -8.540000      6.072439
     -8.520000      6.127513
     -8.500000      5.993599
     -8.480000      5.690401
     -8.460000      5.350534
     -8.440000      5.108906
     -8.420000      5.041112
     -8.400000      5.179117
     -8.380000      5.526695
     -8.360000      6.039613
     -8.340000      6.578619
     -8.320000      6.927735
     -8.300000      6.947418
     -8.280000      6.681216
     -8.260000      6.250102
     -8.240000      5.748392
     -8.220000      5.310939
     -8.200000      5.128285
     -8.180000      5.302510
     -8.160000      5.755589
     -8.140000      6.283593
     -8.120000      6.671175
     -8.100000      6.817341
     -8.080000      6.800861
     -8.060000      6.795776
     -8.040000      6.905239
     -8.020000      7.073023
     -8.000000      7.146333
     -7.980000      7.054871
     -7.960000      6.922294
     -7.940000      6.924170
     -7.920000      7.067958
     -7.900000      7.215395
     -7.880000      7.272519
     -7.860000      7.272964
     -7.840000      7.320720
     -7.820000      7.492664
     -7.800000      7.757407
     -7.780000      7.971094
     -7.760000      7.984199
     -7.740000      7.779822
     -7.720000      7.487078
     -7.700000      7.222654
     -7.680000      6.949301
     -7.660000      6.526359
     -7.640000      5.875240
     -7.620000      5.094420
     -7.600000      4.413725
     -7.580000      4.019716
     -7.560000      3.963929
     -7.540000      4.221559
     -7.520000      4.746636
     -7.500000      5.475834
     -7.480000      6.310570
     -7.460000      7.081870
     -7.440000      7.600483
     -7.420000      7.805952
     -7.400000      7.795012
     -7.380000      7.686018
     -7.360000      7.564339
     -7.340000      7.536725
     -7.320000      7.671056
     -7.300000      7.875278
     -7.280000      7.984336
     -7.260000      7.965771
     -7.240000      7.909084
     -7.220000      7.853738
     -7.200000      7.783598
     -7.180000      7.736597
     -7.160000      7.751469
     -7.140000      7.754339
     -7.120000      7.652964
     -7.100000      7.503677
     -7.080000      7.444797
     -7.060000      7.496390
     -7.040000      7.559924
     -7.020000      7.577882
     -7.000000      7.553099
     -6.980000      7.460553
     -6.960000      7.284650
     -6.940000      7.100122
     -6.920000      6.992270
     -6.900000      6.925453
     -6.880000      6.790552
     -6.860000      6.580234
     -6.840000      6.439365
     -6.820000      6.512018
     -6.800000      6.776558
     -6.780000      7.072499
     -6.760000      7.286653
     -6.740000      7.450536
     -6.720000      7.625385
     -6.700000      7.794441
     -6.680000      7.931453
     -6.660000      8.047713
     -6.640000      8.099197
     -6.620000      7.996017
     -6.600000      7.788614
     -6.580000      7.692366
     -6.560000      7.840691
     -6.540000      8.135072
     -6.520000      8.369830
     -6.500000      8.412174
     -6.480000      8.275590
     -6.460000      8.069568
     -6.440000      7.875907
     -6.420000      7.707688
     -6.400000      7.584512
     -6.380000      7.550520
     -6.360000      7.605038
     -6.340000      7.687701
     -6.320000      7.734887
     -6.300000      7.726640
     -6.280000      7.691496
     -6.260000      7.666607
     -6.240000      7.643795
     -6.220000      7.564763
     -6.200000      7.393133
     -6.180000      7.194290
     -6.160000      7.084652
     -6.140000      7.079823
     -6.120000      7.079071
     -6.100000      7.040093
     -6.080000      7.091756
     -6.060000      7.392734
     -6.040000      7.889768
     -6.020000      8.307365
     -6.000000      8.406437
     -5.980000      8.172093
     -5.960000      7.782811
     -5.940000      7.553700
     -5.920000      7.814600
     -5.900000      8.606556
     -5.880000      9.583837
     -5.860000     10.404368
     -5.840000     11.091677
     -5.820000     11.861438
     -5.800000     12.734624
     -5.780000     13.460930
     -5.760000     13.745771
     -5.740000     13.505816
     -5.720000     12.984219
     -5.700000     12.618797
     -5.680000     12.705068
     -5.660000     13.165209
     -5.640000     13.668284
     -5.620000     13.943477
     -5.600000     13.957287
     -5.580000     13.863601
     -5.560000     13.872290
     -5.540000     14.121561
     -5.520000     14.551985
     -5.500000     14.932489
     -5.480000     15.115607
     -5.460000     15.182163
     -5.440000     15.237949
     -5.420000     15.222425
     -5.400000     15.041408
     -5.380000     14.729224
     -5.360000     14.374509
     -5.340000     14.036760
     -5.320000     13.786217
     -5.300000     13.678739
     -5.280000     13.669146
     -5.260000     13.663872
     -5.240000     13.671300
     -5.220000     13.812789
     -5.200000     14.161272
     -5.180000     14.617395
     -5.160000     14.967048
     -5.140000     15.054138
     -5.120000     14.900954
     -5.100000     14.673864
     -5.080000     14.558455
     -5.060000     14.656466
     -5.040000     14.924908
     -5.020000     15.186369
     -5.000000     15.258275
     -4.980000     15.125813
     -4.960000     14.989286
     -4.940000     15.095851
     -4.920000     15.486993
     -4.900000     15.915321
     -4.880000     16.016979
     -4.860000     15.604973
     -4.840000     14.889111
     -4.820000     14.417422
     -4.800000     14.643654
     -4.780000     15.444377
     -4.760000     16.158190
     -4.740000     16.173168
     -4.720000     15.400179
     -4.700000     14.219094
     -4.680000     13.172491
     -4.660000     12.682265
     -4.640000     12.836468
     -4.620000     13.430478
     -4.600000     14.257712
     -4.580000     15.247887
     -4.560000     16.306350
     -4.540000     17.219273
     -4.520000     17.849086
     -4.500000     18.274914
     -4.480000     18.592878
     -4.460000     18.759998
     -4.440000     18.795581
     -4.420000     18.907739
     -4.400000     19.246394
     -4.380000     19.727548
     -4.360000     20.242362
     -4.340000     20.894479
     -4.320000     21.816954
     -4.300000     22.735619
     -4.280000     23.008828
     -4.260000     22.265698
     -4.240000     20.732560
     -4.220000     18.879792
     -4.200000     17.091954
     -4.180000     15.648987
     -4.160000     14.708407
     -4.140000     14.274704
     -4.120000     14.249807
     -4.100000     14.504078
     -4.080000     14.912100
     -4.060000     15.318975
     -4.040000     15.507303
     -4.020000     15.279287
     -4.000000     14.626185
     -3.980000     13.824311
     -3.960000     13.277092
     -3.940000     13.159197
     -3.920000     13.255461
     -3.900000     13.226428
     -3.880000     12.970286
     -3.860000     12.651644
     -3.840000     12.472233
     -3.820000     12.533418
     -3.800000     12.841816
     -3.780000     13.299257
     -3.760000     13.709149
     -3.740000     13.919800
     -3.720000     13.978761
     -3.700000     14.044853
     -3.680000     14.135784
     -3.660000     14.064443
     -3.640000     13.647202
     -3.620000     12.918381
     -3.600000     12.135301
     -3.580000     11.605867
     -3.560000     11.481251
     -3.540000     11.631920
     -3.520000     11.709506
     -3.500000     11.396871
     -3.480000     10.644701
     -3.460000      9.681875
     -3.440000      8.828201
     -3.420000      8.313786
     -3.400000      8.229720
     -3.380000      8.544898
     -3.360000      9.104202
     -3.340000      9.665419
     -3.320000     10.025865
     -3.300000     10.145730
     -3.280000     10.151010
     -3.260000     10.197054
     -3.240000     10.308899
     -3.220000     10.355504
     -3.200000     10.177692
     -3.180000      9.757897
     -3.160000      9.276423
     -3.140000      8.957970
     -3.120000      8.850552
     -3.100000      8.813401
     -3.080000      8.716709
     -3.060000      8.561400
     -3.040000      8.404413
     -3.020000      8.269207
     -3.000000      8.150091
     -2.980000      8.043718
     -2.960000      7.966132
     -2.940000      7.981227
     -2.920000      8.214285
     -2.900000      8.770101
     -2.880000      9.568605
     -2.860000     10.293249
     -2.840000     10.616755
     -2.820000     10.491052
     -2.800000     10.125116
     -2.780000      9.724078
     -2.760000      9.378503
     -2.740000      9.151387
     -2.720000      9.114421
     -2.700000      9.278023
     -2.680000      9.571134
     -2.660000      9.927917
     -2.640000     10.354889
     -2.620000     10.863499
     -2.600000     11.360429
     -2.580000     11.693567
     -2.560000     11.799274
     -2.540000     11.712203
     -2.520000     11.475242
     -2.500000     11.126572
     -2.480000     10.719236
     -2.460000     10.310609
     -2.440000      9.956676
     -2.420000      9.703384
     -2.400000      9.571987
     -2.380000      9.551248
     -2.360000      9.588639
     -2.340000      9.640721
     -2.320000      9.812790
     -2.300000     10.350643
     -2.280000     11.320827
     -2.260000     12.388877
     -2.240000     13.098128
     -2.220000     13.269472
     -2.200000     13.006590
     -2.180000     12.501392
     -2.160000     11.980911
     -2.140000     11.687065
     -2.120000     11.781769
     -2.100000     12.276798
     -2.080000     13.004871
     -2.060000     13.666696
     -2.040000     14.031805
     -2.020000     14.096665
     -2.000000     13.961778
     -1.980000     13.638402
     -1.960000     13.109464
     -1.940000     12.506396
     -1.920000     12.074986
     -1.900000     11.956819
     -1.880000     12.058251
     -1.860000     12.143483
     -1.840000     12.066417
     -1.820000     11.899976
     -1.800000     11.797056
     -1.780000     11.799350
     -1.760000     11.874129
     -1.740000     12.037777
     -1.720000     12.327407
     -1.700000     12.688826
     -1.680000     12.963696
     -1.660000     13.016909
     -1.640000     12.856434
     -1.620000     12.564692
     -1.600000     12.153542
     -1.580000     11.632448
     -1.560000     11.179624
     -1.540000     11.039930
     -1.520000     11.232511
     -1.500000     11.513158
     -1.480000     11.661948
     -1.460000     11.689565
     -1.440000     11.706736
     -1.420000     11.721212
     -1.400000     11.686614
     -1.380000     11.665403
     -1.360000     11.810321
     -1.340000     12.214231
     -1.320000     12.824328
     -1.300000     13.420090
     -1.280000     13.673335
     -1.260000     13.382492
     -1.240000     12.663664
     -1.220000     11.852265
     -1.200000     11.317449
     -1.180000     11.341704
     -1.160000     11.927107
     -1.140000     12.685554
     -1.120000     13.115571
     -1.100000     13.016276
     -1.080000     12.546670
     -1.060000     11.965696
     -1.040000     11.433020
     -1.020000     10.980575
     -1.000000     10.548957
     -0.980000     10.072984
     -0.960000      9.597682
     -0.940000      9.294119
     -0.920000      9.335051
     -0.900000      9.778034
     -0.880000     10.548728
     -0.860000     11.455329
     -0.840000     12.192943
     -0.820000     12.415809
     -0.800000     11.931859
     -0.780000     10.888447
     -0.760000      9.699944
     -0.740000      8.716259
     -0.720000      8.001800
     -0.700000      7.432207
     -0.680000      6.900469
     -0.660000      6.420280
     -0.640000      6.107168
     -0.620000      6.107531
     -0.600000      6.500346
     -0.580000      7.131104
     -0.560000      7.573646
     -0.540000      7.489473
     -0.520000      7.012964
     -0.500000      6.569337
     -0.480000      6.400521
     -0.460000      6.437076
     -0.440000      6.480665
     -0.420000      6.359389
     -0.400000      6.005439
     -0.380000      5.500325
     -0.360000      5.049645
     -0.340000      4.886687
     -0.320000      5.165510
     -0.300000      5.879811
     -0.280000      6.839784
     -0.260000      7.760345
     -0.240000      8.427066
     -0.220000      8.784666
     -0.200000      8.882312
     -0.180000      8.791139
     -0.160000      8.566167
     -0.140000      8.241702
     -0.120000      7.875928
     -0.100000      7.569417
     -0.080000      7.373339
     -0.060000      7.230315
     -0.040000      7.065814
     -0.020000      6.867257
      0.000000      6.645090
      0.020000      6.408003
      0.040000      6.186823
      0.060000      6.011516
      0.080000      5.889470
      0.100000      5.839391
      0.120000      5.862742
      0.140000      5.865041
      0.160000      5.719677
      0.180000      5.411012
      0.200000      5.028268
      0.220000      4.669384
      0.240000      4.410417
      0.260000      4.298261
      0.280000      4.331393
      0.300000      4.460861
      0.320000      4.590302
      0.340000      4.592527
      0.360000      4.393025
      0.380000      4.049735
      0.400000      3.717114
      0.420000      3.523848
      0.440000      3.481698
      0.460000      3.480848
      0.480000      3.357073
      0.500000      2.995570
      0.520000      2.429681
      0.540000      1.855917
      0.560000      1.502693
      0.580000      1.465974
      0.600000      1.691259
      0.620000      2.079781
      0.640000      2.537480
      0.660000      2.906617
      0.680000      2.987524
      0.700000      2.766053
      0.720000      2.507955
      0.740000      2.484888
      0.760000      2.711124
      0.780000      3.024677
      0.800000      3.285042
      0.820000      3.418901
      0.840000      3.392640
      0.860000      3.233351
      0.880000      3.026314
      0.900000      2.836126
      0.920000      2.660620
      0.940000      2.480362
      0.960000      2.311519
      0.980000      2.186674
      1.000000      2.105743
      1.020000      2.033594
      1.040000      1.951222
      1.060000      1.877718
      1.080000      1.825055
      1.100000      1.773920
      1.120000      1.711551
      1.140000      1.649349
      1.160000      1.595913
      1.180000      1.547540
      1.200000      1.499335
      1.220000      1.447152
      1.240000      1.391767
      1.260000      1.342744
      1.280000      1.302338
      1.300000      1.257145
      1.320000      1.202648
      1.340000      1.153574
      1.360000      1.115681
      1.380000      1.074521
      1.400000      1.023317
      1.420000      0.974849
      1.440000      0.936151
      1.460000      0.897166
      1.480000      0.850716
      1.500000      0.803118
      1.520000      0.761756
      1.540000      0.724022
      1.560000      0.681768
      1.580000      0.633013
      1.600000      0.582921
      1.620000      0.529482
      1.640000      0.462026
      1.660000      0.383396
      1.680000      0.314168
      1.700000      0.266379
      1.720000      0.232492
      1.740000      0.203452
      1.760000      0.177973
      1.780000      0.152596
      1.800000      0.120567
      1.820000      0.082327
      1.840000      0.046625
      1.860000      0.021650
      1.880000      0.009782
      1.900000      0.010087
      1.920000      0.022732
      1.940000      0.048814
      1.960000      0.085744
      1.980000      0.125043
      2.000000      0.158246
      2.020000      0.185562
      2.040000      0.214113
      2.060000      0.248600
      2.080000      0.292688
      2.100000      0.353919
      2.120000      0.431927
      2.140000      0.509711
      2.160000      0.572416
      2.180000      0.624433
      2.200000      0.675903
      2.220000      0.726309
      2.240000      0.771108
      2.260000      0.814162
      2.280000      0.863701
      2.300000      0.917524
      2.320000      0.965463
      2.340000      1.009575
      2.360000      1.062116
      2.380000      1.120589
      2.400000      1.171694
      2.420000      1.219110
      2.440000      1.276302
      2.460000      1.339362
      2.480000      1.396156
      2.500000      1.449846
      2.520000      1.511064
      2.540000      1.580456
      2.560000      1.649645
      2.580000      1.712770
      2.600000      1.778181
      2.620000      1.859185
      2.640000      1.948559
      2.660000      2.029295
      2.680000      2.111097
      2.700000      2.220914
      2.720000      2.364627
      2.740000      2.531487
      2.760000      2.729160
      2.780000      2.980909
      2.800000      3.277753
      2.820000      3.555736
      2.840000      3.732470
      2.860000      3.748767
      2.880000      3.580499
      2.900000      3.273057
      2.920000      2.995036
      2.940000      2.964843
      2.960000      3.229079
      2.980000      3.565838
      3.000000      3.682587
      3.020000      3.477682
      3.040000      3.085616
      3.060000      2.726521
      3.080000      2.551091
      3.100000      2.601426
      3.120000      2.866166
      3.140000      3.305751
      3.160000      3.812678
      3.180000      4.259712
      3.200000      4.674287
      3.220000      5.282753
      3.240000      6.269655
      3.260000      7.515770
      3.280000      8.644515
      3.300000      9.334061
      3.320000      9.587531
      3.340000      9.714041
      3.360000     10.018615
      3.380000     10.510791
      3.400000     10.973431
      3.420000     11.252029
      3.440000     11.317210
      3.460000     11.118778
      3.480000     10.610742
      3.500000      9.916723
      3.520000      9.302618
      3.540000      8.954025
      3.560000      8.841507
      3.580000      8.784675
      3.600000      8.607568
      3.620000      8.262237
      3.640000      7.836153
      3.660000      7.447368
      3.680000      7.141892
      3.700000      6.887406
      3.720000      6.647504
      3.740000      6.449810
      3.760000      6.367699
      3.780000      6.434692
      3.800000      6.600133
      3.820000      6.768425
      3.840000      6.865049
      3.860000      6.870563
      3.880000      6.794392
      3.900000      6.638538
      3.920000      6.417831
      3.940000      6.180111
      3.960000      5.976858
      3.980000      5.837655
      4.000000      5.768532
      4.020000      5.750866
      4.040000      5.742927
      4.060000      5.699049
      4.080000      5.578882
      4.100000      5.325175
      4.120000      4.899059
      4.140000      4.381112
      4.160000      3.955040
      4.180000      3.740293
      4.200000      3.695657
      4.220000      3.705588
      4.240000      3.694908
      4.260000      3.654709
      4.280000      3.645583
      4.300000      3.772744
      4.320000      4.079946
      4.340000      4.487568
      4.360000      4.862761
      4.380000      5.102829
      4.400000      5.157793
      4.420000      5.046797
      4.440000      4.863100
      4.460000      4.703388
      4.480000      4.574222
      4.500000      4.407291
      4.520000      4.180641
      4.540000      3.979870
      4.560000      3.899598
      4.580000      3.921680
      4.600000      3.952881
      4.620000      3.964604
      4.640000      4.031335
      4.660000      4.224226
      4.680000      4.512693
      4.700000      4.795857
      4.720000      4.998711
      4.740000      5.102710
      4.760000      5.113849
      4.780000      5.044021
      4.800000      4.920820
      4.820000      4.801092
      4.840000      4.754560
      4.860000      4.820512
      4.880000      4.972578
      4.900000      5.107629
      4.920000      5.102429
      4.940000      4.932868
      4.960000      4.706219
      4.980000      4.528423
      5.000000      4.380836
      5.020000      4.190853
      5.040000      3.978446
      5.060000      3.844411
      5.080000      3.849270
      5.100000      3.987419
      5.120000      4.235484
      5.140000      4.536983
      5.160000      4.775635
      5.180000      4.856096
      5.200000      4.807241
      5.220000      4.747808
      5.240000      4.757219
      5.260000      4.816731
      5.280000      4.865414
      5.300000      4.873602
      5.320000      4.846566
      5.340000      4.791193
      5.360000      4.709802
      5.380000      4.605487
      5.400000      4.492744
      5.420000      4.421649
      5.440000      4.430449
      5.460000      4.442003
      5.480000      4.318168
      5.500000      4.057249
      5.520000      3.824913
      5.540000      3.765286
      5.560000      3.850746
      5.580000      3.925714
      5.600000      3.884298
      5.620000      3.778255
      5.640000      3.715971
      5.660000      3.714720
      5.680000      3.720153
      5.700000      3.711904
      5.720000      3.715773
      5.740000      3.742639
      5.760000      3.780004
      5.780000      3.836813
      5.800000      3.930760
      5.820000      4.027634
      5.840000      4.064709
      5.860000      4.034977
      5.880000      3.980262
      5.900000      3.912190
      5.920000      3.807982
      5.940000      3.681238
      5.960000      3.600007
      5.980000      3.616417
      6.000000      3.707762
      6.020000      3.804174
      6.040000      3.852621
      6.060000      3.853021
      6.080000      3.850629
      6.100000      3.873357
      6.120000      3.895156
      6.140000      3.906494
      6.160000      3.951129
      6.180000      4.031994
      6.200000      4.065655
      6.220000      3.985203
      6.240000      3.829573
      6.260000      3.691696
      6.280000      3.609968
      6.300000      3.552902
      6.320000      3.498129
      6.340000      3.471231
      6.360000      3.498369
      6.380000      3.565756
      6.400000      3.629333
      6.420000      3.636753
      6.440000      3.569389
      6.460000      3.490132
      6.480000      3.490878
      6.500000      3.565415
      6.520000      3.607125
      6.540000      3.553383
      6.560000      3.460452
      6.580000      3.411364
      6.600000      3.413594
      6.620000      3.433431
      6.640000      3.473448
      6.660000      3.542619
      6.680000      3.609204
      6.700000      3.655879
      6.720000      3.699712
      6.740000      3.723558
      6.760000      3.696887
      6.780000      3.656372
      6.800000      3.666816
      6.820000      3.735886
      6.840000      3.822680
      6.860000      3.884784
      6.880000      3.889626
      6.900000      3.813818
      6.920000      3.661598
      6.940000      3.476448
      6.960000      3.293665
      6.980000      3.082248
      7.000000      2.787842
      7.020000      2.436012
      7.040000      2.139286
      7.060000      1.983367
      7.080000      1.945044
      7.100000      1.951192
      7.120000      1.984101
      7.140000      2.086388
      7.160000      2.284723
      7.180000      2.548017
      7.200000      2.809676
      7.220000      3.010464
      7.240000      3.127938
      7.260000      3.172853
      7.280000      3.161747
      7.300000      3.103799
      7.320000      3.012850
      7.340000      2.918842
      7.360000      2.858766
      7.380000      2.851227
      7.400000      2.886371
      7.420000      2.943575
      7.440000      3.002328
      7.460000      3.041661
      7.480000      3.060116
      7.500000      3.087894
      7.520000      3.139969
      7.540000      3.176678
      7.560000      3.152405
      7.580000      3.071863
      7.600000      2.972956
      7.620000      2.892229
      7.640000      2.858116
      7.660000      2.883192
      7.680000      2.955976
      7.700000      3.068520
      7.720000      3.238552
      7.740000      3.469602
      7.760000      3.720813
      7.780000      3.948045
      7.800000      4.132243
      7.820000      4.239544
      7.840000      4.204038
      7.860000      3.990939
      7.880000      3.653137
      7.900000      3.305521
      7.920000      3.043638
      7.940000      2.871257
      7.960000      2.699973
      7.980000      2.438690
      8.000000      2.099077
      8.020000      1.804032
      8.040000      1.680542
      8.060000      1.750123
      8.080000      1.927401
      8.100000      2.110930
      8.120000      2.263007
      8.140000      2.413353
      8.160000      2.598291
      8.180000      2.795771
      8.200000      2.942233
      8.220000      3.029146
      8.240000      3.132512
      8.260000      3.314601
      8.280000      3.550001
      8.300000      3.767633
      8.320000      3.913137
      8.340000      3.970308
      8.360000      3.963239
      8.380000      3.927597
      8.400000      3.871530
      8.420000      3.794084
      8.440000      3.721930
      8.460000      3.680643
      8.480000      3.650617
      8.500000      3.597421
      8.520000      3.530446
      8.540000      3.480905
      8.560000      3.436824
      8.580000      3.363200
      8.600000      3.270338
      8.620000      3.196475
      8.640000      3.140142
      8.660000      3.069175
      8.680000      2.977346
      8.700000      2.879474
      8.720000      2.768571
      8.740000      2.625656
      8.760000      2.463554
      8.780000      2.324958
      8.800000      2.249875
      8.820000      2.268925
      8.840000      2.392863
      8.860000      2.568039
      8.880000      2.662290
      8.900000      2.540005
      8.920000      2.173596
      8.940000      1.669926
      8.960000      1.171839
      8.980000      0.755570
      9.000000      0.436073
      9.020000      0.222177
      9.040000      0.136783
      9.060000      0.233215
      9.080000      0.642197
      9.100000      1.589885
      9.120000      3.300851
      9.140000      5.765930
      9.160000      8.521671
      9.180000     10.765891
      9.200000     11.927562
      9.220000     12.192176
      9.240000     12.300712
      9.260000     12.728955
      9.280000     13.226086
      9.300000     13.331586
      9.320000     13.153159
      9.340000     13.246371
      9.360000     13.773854
      9.380000     14.271610
      9.400000     14.316712
      9.420000     13.972146
      9.440000     13.536721
      9.460000     13.290765
      9.480000     13.501024
      9.500000     14.279451
      9.520000     15.364580
      9.540000     16.284380
      9.560000     16.782545
      9.580000     16.980203
      9.600000     17.182001
      9.620000     17.566381
      9.640000     17.923498
      9.660000     17.758779
      9.680000     16.884637
      9.700000     15.805187
      9.720000     15.275896
      9.740000     15.550586
      9.760000     16.251491
      9.780000     16.940632
      9.800000     17.548889
      9.820000     18.147047
      9.840000     18.601231
      9.860000     18.658219
      9.880000     18.201626
      9.900000     17.340450
      9.920000     16.325857
      9.940000     15.377653
      9.960000     14.591102
      9.980000     14.016957
     10.000000     13.762472
