# EIG2DOS: Utility for SIESTA to obtain the electronic density of states
#
#                                                  Emilio Artacho, Apr. 1999
# --------------------------------------------------------------------------
# Nbands, Nspin, Nk   =    936     1   352
# E_F                 =    -5.3298 eV
# Broadening          =     0.0500 eV
# Number of electrons =   297.3466  297.8686 per cell
#
#        E            N
# --------------------------------------------------------------------------
    -10.000000      4.303838
     -9.980000      4.057078
     -9.960000      3.911710
     -9.940000      3.868754
     -9.920000      3.878764
     -9.900000      3.932441
     -9.880000      4.081479
     -9.860000      4.349631
     -9.840000      4.644166
     -9.820000      4.813978
     -9.800000      4.802485
     -9.780000      4.681833
     -9.760000      4.536714
     -9.740000      4.406804
     -9.720000      4.375281
     -9.700000      4.602585
     -9.680000      5.197290
     -9.660000      6.102383
     -9.640000      7.096919
     -9.620000      7.872459
     -9.600000      8.201830
     -9.580000      8.085874
     -9.560000      7.668526
     -9.540000      7.051963
     -9.520000      6.319634
     -9.500000      5.666728
     -9.480000      5.333636
     -9.460000      5.425879
     -9.440000      5.870236
     -9.420000      6.471133
     -9.400000      6.967192
     -9.380000      7.154730
     -9.360000      7.037756
     -9.340000      6.803596
     -9.320000      6.633974
     -9.300000      6.583087
     -9.280000      6.620389
     -9.260000      6.714717
     -9.240000      6.822531
     -9.220000      6.843916
     -9.200000      6.705827
     -9.180000      6.481689
     -9.160000      6.327758
     -9.140000      6.333647
     -9.120000      6.498305
     -9.100000      6.760088
     -9.080000      7.011724
     -9.060000      7.151407
     -9.040000      7.121087
     -9.020000      6.935064
     -9.000000      6.702567
     -8.980000      6.517522
     -8.960000      6.332460
     -8.940000      6.060718
     -8.920000      5.735763
     -8.900000      5.467681
     -8.880000      5.330890
     -8.860000      5.353500
     -8.840000      5.527055
     -8.820000      5.794472
     -8.800000      6.102202
     -8.780000      6.451521
     -8.760000      6.820447
     -8.740000      7.115419
     -8.720000      7.309226
     -8.700000      7.502711
     -8.680000      7.742746
     -8.660000      7.933829
     -8.640000      8.003055
     -8.620000      7.990864
     -8.600000      7.946374
     -8.580000      7.849201
     -8.560000      7.635202
     -8.540000      7.278266
     -8.520000      6.870342
     -8.500000      6.547481
     -8.480000      6.316581
     -8.460000      6.101644
     -8.440000      5.960258
     -8.420000      6.051569
     -8.400000      6.371350
     -8.380000      6.720108
     -8.360000      6.975416
     -8.340000      7.208787
     -8.320000      7.473865
     -8.300000      7.662510
     -8.280000      7.661927
     -8.260000      7.515786
     -8.240000      7.349615
     -8.220000      7.242133
     -8.200000      7.217437
     -8.180000      7.262469
     -8.160000      7.317206
     -8.140000      7.336707
     -8.120000      7.368101
     -8.100000      7.458198
     -8.080000      7.509725
     -8.060000      7.375180
     -8.040000      7.076321
     -8.020000      6.810740
     -8.000000      6.749201
     -7.980000      6.872302
     -7.960000      7.004801
     -7.940000      7.019672
     -7.920000      6.977889
     -7.900000      7.004473
     -7.880000      7.062367
     -7.860000      6.968209
     -7.840000      6.663820
     -7.820000      6.375269
     -7.800000      6.418980
     -7.780000      6.862810
     -7.760000      7.432797
     -7.740000      7.768478
     -7.720000      7.759554
     -7.700000      7.630945
     -7.680000      7.683214
     -7.660000      7.957419
     -7.640000      8.205531
     -7.620000      8.202583
     -7.600000      8.011905
     -7.580000      7.873973
     -7.560000      7.909708
     -7.540000      8.031357
     -7.520000      8.061232
     -7.500000      7.863528
     -7.480000      7.454883
     -7.460000      7.005072
     -7.440000      6.671424
     -7.420000      6.505059
     -7.400000      6.531245
     -7.380000      6.767928
     -7.360000      7.160766
     -7.340000      7.615399
     -7.320000      8.028279
     -7.300000      8.248042
     -7.280000      8.159760
     -7.260000      7.836510
     -7.240000      7.495952
     -7.220000      7.311669
     -7.200000      7.329159
     -7.180000      7.519377
     -7.160000      7.833641
     -7.140000      8.206571
     -7.120000      8.542495
     -7.100000      8.734258
     -7.080000      8.722222
     -7.060000      8.537332
     -7.040000      8.281128
     -7.020000      8.057223
     -7.000000      7.912312
     -6.980000      7.820239
     -6.960000      7.699994
     -6.940000      7.479643
     -6.920000      7.194275
     -6.900000      6.999086
     -6.880000      7.028573
     -6.860000      7.279251
     -6.840000      7.721863
     -6.820000      8.492451
     -6.800000      9.802832
     -6.780000     11.607973
     -6.760000     13.524447
     -6.740000     15.143997
     -6.720000     16.251078
     -6.700000     16.694018
     -6.680000     16.276771
     -6.660000     14.943838
     -6.640000     13.036669
     -6.620000     11.218380
     -6.600000     10.030205
     -6.580000      9.606698
     -6.560000      9.875685
     -6.540000     10.767269
     -6.520000     12.027265
     -6.500000     13.107973
     -6.480000     13.598397
     -6.460000     13.672687
     -6.440000     13.843563
     -6.420000     14.313153
     -6.400000     14.807538
     -6.380000     15.041927
     -6.360000     15.072046
     -6.340000     15.138335
     -6.320000     15.410712
     -6.300000     15.906251
     -6.280000     16.461872
     -6.260000     16.791789
     -6.240000     16.649872
     -6.220000     15.916080
     -6.200000     14.627243
     -6.180000     13.074244
     -6.160000     11.756232
     -6.140000     11.041166
     -6.120000     10.911894
     -6.100000     11.131368
     -6.080000     11.546521
     -6.060000     12.159198
     -6.040000     12.999920
     -6.020000     14.017575
     -6.000000     15.105596
     -5.980000     16.149625
     -5.960000     16.971955
     -5.940000     17.375215
     -5.920000     17.375965
     -5.900000     17.263971
     -5.880000     17.306137
     -5.860000     17.517754
     -5.840000     17.816181
     -5.820000     18.206946
     -5.800000     18.679684
     -5.780000     19.077845
     -5.760000     19.216388
     -5.740000     19.045517
     -5.720000     18.628343
     -5.700000     18.037984
     -5.680000     17.328181
     -5.660000     16.581636
     -5.640000     15.951442
     -5.620000     15.607694
     -5.600000     15.611515
     -5.580000     15.863935
     -5.560000     16.211775
     -5.540000     16.544918
     -5.520000     16.753014
     -5.500000     16.737729
     -5.480000     16.529357
     -5.460000     16.226657
     -5.440000     15.792849
     -5.420000     15.095685
     -5.400000     14.212466
     -5.380000     13.520206
     -5.360000     13.368935
     -5.340000     13.745995
     -5.320000     14.334460
     -5.300000     14.872019
     -5.280000     15.350483
     -5.260000     15.854326
     -5.240000     16.371166
     -5.220000     16.821882
     -5.200000     17.140014
     -5.180000     17.276292
     -5.160000     17.207873
     -5.140000     16.940244
     -5.120000     16.480994
     -5.100000     15.895628
     -5.080000     15.364137
     -5.060000     15.022471
     -5.040000     14.791592
     -5.020000     14.512192
     -5.000000     14.134770
     -4.980000     13.669333
     -4.960000     13.120711
     -4.940000     12.576463
     -4.920000     12.238734
     -4.900000     12.273961
     -4.880000     12.638556
     -4.860000     13.083695
     -4.840000     13.347610
     -4.820000     13.331055
     -4.800000     13.090796
     -4.780000     12.706240
     -4.760000     12.206934
     -4.740000     11.660619
     -4.720000     11.259912
     -4.700000     11.226816
     -4.680000     11.641301
     -4.660000     12.361658
     -4.640000     13.056570
     -4.620000     13.389268
     -4.600000     13.284743
     -4.580000     12.922515
     -4.560000     12.440660
     -4.540000     11.882127
     -4.520000     11.412546
     -4.500000     11.299912
     -4.480000     11.697703
     -4.460000     12.569250
     -4.440000     13.694064
     -4.420000     14.731429
     -4.400000     15.459206
     -4.380000     15.985018
     -4.360000     16.615443
     -4.340000     17.426289
     -4.320000     17.976999
     -4.300000     17.622605
     -4.280000     16.212795
     -4.260000     14.323122
     -4.240000     12.711185
     -4.220000     11.745727
     -4.200000     11.349447
     -4.180000     11.166856
     -4.160000     10.779725
     -4.140000     10.020763
     -4.120000      9.093659
     -4.100000      8.313189
     -4.080000      7.824492
     -4.060000      7.649720
     -4.040000      7.869537
     -4.020000      8.558310
     -4.000000      9.553966
     -3.980000     10.481104
     -3.960000     11.054674
     -3.940000     11.237518
     -3.920000     11.113639
     -3.900000     10.788009
     -3.880000     10.448745
     -3.860000     10.368497
     -3.840000     10.712892
     -3.820000     11.369918
     -3.800000     12.057176
     -3.780000     12.604301
     -3.760000     13.058237
     -3.740000     13.512828
     -3.720000     13.943543
     -3.700000     14.246590
     -3.680000     14.299702
     -3.660000     13.894122
     -3.640000     12.811927
     -3.620000     11.172757
     -3.600000      9.524110
     -3.580000      8.382883
     -3.560000      7.832868
     -3.540000      7.686485
     -3.520000      7.867398
     -3.500000      8.487650
     -3.480000      9.573254
     -3.460000     10.777016
     -3.440000     11.462033
     -3.420000     11.199708
     -3.400000     10.186350
     -3.380000      9.083915
     -3.360000      8.480068
     -3.340000      8.582939
     -3.320000      9.324746
     -3.300000     10.475907
     -3.280000     11.647455
     -3.260000     12.495001
     -3.240000     12.980870
     -3.220000     13.265219
     -3.200000     13.417472
     -3.180000     13.359908
     -3.160000     12.989853
     -3.140000     12.289417
     -3.120000     11.392058
     -3.100000     10.554779
     -3.080000     10.005643
     -3.060000      9.792608
     -3.040000      9.745954
     -3.020000      9.556984
     -3.000000      8.962425
     -2.980000      7.955580
     -2.960000      6.844486
     -2.940000      6.048195
     -2.920000      5.747166
     -2.900000      5.720875
     -2.880000      5.606710
     -2.860000      5.320029
     -2.840000      5.112865
     -2.820000      5.207980
     -2.800000      5.501904
     -2.780000      5.693792
     -2.760000      5.643199
     -2.740000      5.514281
     -2.720000      5.539967
     -2.700000      5.716911
     -2.680000      5.852014
     -2.660000      5.898743
     -2.640000      6.085783
     -2.620000      6.653405
     -2.600000      7.595236
     -2.580000      8.708816
     -2.560000      9.753031
     -2.540000     10.499693
     -2.520000     10.813806
     -2.500000     10.845676
     -2.480000     11.025445
     -2.460000     11.656286
     -2.440000     12.579067
     -2.420000     13.405312
     -2.400000     13.937279
     -2.380000     14.163236
     -2.360000     14.014272
     -2.340000     13.393561
     -2.320000     12.392559
     -2.300000     11.260650
     -2.280000     10.151512
     -2.260000      9.101695
     -2.240000      8.302847
     -2.220000      8.122583
     -2.200000      8.660310
     -2.180000      9.464806
     -2.160000      9.922121
     -2.140000      9.853885
     -2.120000      9.581731
     -2.100000      9.483493
     -2.080000      9.675962
     -2.060000     10.123235
     -2.040000     10.833950
     -2.020000     11.782663
     -2.000000     12.711556
     -1.980000     13.234955
     -1.960000     13.258894
     -1.940000     13.169751
     -1.920000     13.385839
     -1.900000     13.771833
     -1.880000     13.811451
     -1.860000     13.329742
     -1.840000     12.604799
     -1.820000     11.811029
     -1.800000     10.878854
     -1.780000      9.873183
     -1.760000      9.058679
     -1.740000      8.553623
     -1.720000      8.170299
     -1.700000      7.648392
     -1.680000      6.896616
     -1.660000      6.006219
     -1.640000      5.212453
     -1.620000      4.820102
     -1.600000      4.995497
     -1.580000      5.638761
     -1.560000      6.476079
     -1.540000      7.199593
     -1.520000      7.579501
     -1.500000      7.602472
     -1.480000      7.512791
     -1.460000      7.612127
     -1.440000      8.016840
     -1.420000      8.649102
     -1.400000      9.375258
     -1.380000     10.052255
     -1.360000     10.484568
     -1.340000     10.484518
     -1.320000     10.012018
     -1.300000      9.130967
     -1.280000      7.890173
     -1.260000      6.453766
     -1.240000      5.197254
     -1.220000      4.413944
     -1.200000      4.067107
     -1.180000      3.974735
     -1.160000      4.050904
     -1.140000      4.288985
     -1.120000      4.686611
     -1.100000      5.242832
     -1.080000      5.900947
     -1.060000      6.451328
     -1.040000      6.603465
     -1.020000      6.241379
     -1.000000      5.559968
     -0.980000      4.893827
     -0.960000      4.455390
     -0.940000      4.259580
     -0.920000      4.217865
     -0.900000      4.240469
     -0.880000      4.283200
     -0.860000      4.350292
     -0.840000      4.455012
     -0.820000      4.570731
     -0.800000      4.638888
     -0.780000      4.619155
     -0.760000      4.516027
     -0.740000      4.383957
     -0.720000      4.298617
     -0.700000      4.280651
     -0.680000      4.283002
     -0.660000      4.274135
     -0.640000      4.285145
     -0.620000      4.385241
     -0.600000      4.609897
     -0.580000      4.864681
     -0.560000      4.956223
     -0.540000      4.776012
     -0.520000      4.395091
     -0.500000      3.954900
     -0.480000      3.531779
     -0.460000      3.141469
     -0.440000      2.810021
     -0.420000      2.586253
     -0.400000      2.522707
     -0.380000      2.657849
     -0.360000      2.981436
     -0.340000      3.400993
     -0.320000      3.732778
     -0.300000      3.764275
     -0.280000      3.418230
     -0.260000      2.855205
     -0.240000      2.345831
     -0.220000      2.081567
     -0.200000      2.133712
     -0.180000      2.462894
     -0.160000      2.902680
     -0.140000      3.240011
     -0.120000      3.372622
     -0.100000      3.339483
     -0.080000      3.212591
     -0.060000      3.035931
     -0.040000      2.842874
     -0.020000      2.659110
      0.000000      2.493120
      0.020000      2.342271
      0.040000      2.202640
      0.060000      2.082037
      0.080000      1.996621
      0.100000      1.939578
      0.120000      1.879545
      0.140000      1.805300
      0.160000      1.737792
      0.180000      1.688427
      0.200000      1.640738
      0.220000      1.581424
      0.240000      1.520076
      0.260000      1.468900
      0.280000      1.424351
      0.300000      1.376705
      0.320000      1.323214
      0.340000      1.268957
      0.360000      1.221642
      0.380000      1.182061
      0.400000      1.138969
      0.420000      1.083818
      0.440000      1.029290
      0.460000      0.992321
      0.480000      0.960757
      0.500000      0.909656
      0.520000      0.847622
      0.540000      0.806284
      0.560000      0.783036
      0.580000      0.741267
      0.600000      0.676172
      0.620000      0.626069
      0.640000      0.603805
      0.660000      0.572710
      0.680000      0.511849
      0.700000      0.453563
      0.720000      0.425186
      0.740000      0.401642
      0.760000      0.353340
      0.780000      0.298912
      0.800000      0.269856
      0.820000      0.253729
      0.840000      0.215088
      0.860000      0.153324
      0.880000      0.101048
      0.900000      0.077606
      0.920000      0.074264
      0.940000      0.080007
      0.960000      0.100551
      0.980000      0.144827
      1.000000      0.201398
      1.020000      0.244467
      1.040000      0.268198
      1.060000      0.295850
      1.080000      0.342557
      1.100000      0.392417
      1.120000      0.429134
      1.140000      0.463565
      1.160000      0.511029
      1.180000      0.564069
      1.200000      0.608271
      1.220000      0.646870
      1.240000      0.690917
      1.260000      0.740213
      1.280000      0.788509
      1.300000      0.834684
      1.320000      0.879886
      1.340000      0.924590
      1.360000      0.972212
      1.380000      1.025058
      1.400000      1.077249
      1.420000      1.122325
      1.440000      1.165148
      1.460000      1.217353
      1.480000      1.280077
      1.500000      1.337022
      1.520000      1.376005
      1.540000      1.416147
      1.560000      1.485356
      1.580000      1.565883
      1.600000      1.612906
      1.620000      1.637349
      1.640000      1.697884
      1.660000      1.798158
      1.680000      1.875162
      1.700000      1.904153
      1.720000      1.940452
      1.740000      2.036470
      1.760000      2.164729
      1.780000      2.260485
      1.800000      2.328007
      1.820000      2.440363
      1.840000      2.615619
      1.860000      2.771821
      1.880000      2.846156
      1.900000      2.898760
      1.920000      3.036341
      1.940000      3.250382
      1.960000      3.405848
      1.980000      3.420365
      2.000000      3.387301
      2.020000      3.451292
      2.040000      3.603704
      2.060000      3.704233
      2.080000      3.721682
      2.100000      3.836385
      2.120000      4.202610
      2.140000      4.685508
      2.160000      4.955106
      2.180000      4.840246
      2.200000      4.546553
      2.220000      4.480959
      2.240000      4.833520
      2.260000      5.386407
      2.280000      5.757362
      2.300000      5.763470
      2.320000      5.520887
      2.340000      5.260981
      2.360000      5.129732
      2.380000      5.149766
      2.400000      5.310190
      2.420000      5.658181
      2.440000      6.275422
      2.460000      7.186854
      2.480000      8.355257
      2.500000      9.677618
      2.520000     10.862286
      2.540000     11.500972
      2.560000     11.479787
      2.580000     11.109574
      2.600000     10.726537
      2.620000     10.453012
      2.640000     10.318672
      2.660000     10.258155
      2.680000     10.075249
      2.700000      9.653536
      2.720000      9.061997
      2.740000      8.380199
      2.760000      7.639986
      2.780000      6.945725
      2.800000      6.419679
      2.820000      6.019133
      2.840000      5.578782
      2.860000      5.046813
      2.880000      4.566680
      2.900000      4.314511
      2.920000      4.355246
      2.940000      4.684091
      2.960000      5.297269
      2.980000      6.140396
      3.000000      7.039910
      3.020000      7.756761
      3.040000      8.107509
      3.060000      8.027405
      3.080000      7.582573
      3.100000      6.986113
      3.120000      6.531841
      3.140000      6.398580
      3.160000      6.523355
      3.180000      6.700424
      3.200000      6.772633
      3.220000      6.715468
      3.240000      6.582748
      3.260000      6.412002
      3.280000      6.195755
      3.300000      5.936294
      3.320000      5.683874
      3.340000      5.488331
      3.360000      5.343115
      3.380000      5.209363
      3.400000      5.092607
      3.420000      5.078041
      3.440000      5.256464
      3.460000      5.599605
      3.480000      5.940555
      3.500000      6.112199
      3.520000      6.092616
      3.540000      5.981983
      3.560000      5.861743
      3.580000      5.717384
      3.600000      5.473932
      3.620000      5.087208
      3.640000      4.612131
      3.660000      4.172647
      3.680000      3.868361
      3.700000      3.726018
      3.720000      3.724808
      3.740000      3.833917
      3.760000      4.016553
      3.780000      4.231936
      3.800000      4.441548
      3.820000      4.589073
      3.840000      4.616735
      3.860000      4.533614
      3.880000      4.421495
      3.900000      4.367919
      3.920000      4.394929
      3.940000      4.427510
      3.960000      4.381201
      3.980000      4.284879
      4.000000      4.242716
      4.020000      4.318749
      4.040000      4.514887
      4.060000      4.780124
      4.080000      4.991284
      4.100000      5.005412
      4.120000      4.803505
      4.140000      4.529157
      4.160000      4.321854
      4.180000      4.199573
      4.200000      4.163538
      4.220000      4.277288
      4.240000      4.555220
      4.260000      4.876712
      4.280000      5.071176
      4.300000      5.035181
      4.320000      4.776808
      4.340000      4.417941
      4.360000      4.134398
      4.380000      4.017838
      4.400000      4.005184
      4.420000      3.994759
      4.440000      3.997701
      4.460000      4.123670
      4.480000      4.441065
      4.500000      4.879128
      4.520000      5.265507
      4.540000      5.446676
      4.560000      5.354328
      4.580000      4.982093
      4.600000      4.360094
      4.620000      3.578853
      4.640000      2.819750
      4.660000      2.310555
      4.680000      2.196417
      4.700000      2.435373
      4.720000      2.830735
      4.740000      3.187510
      4.760000      3.440929
      4.780000      3.628504
      4.800000      3.782686
      4.820000      3.890369
      4.840000      3.917650
      4.860000      3.844532
      4.880000      3.700623
      4.900000      3.562935
      4.920000      3.497941
      4.940000      3.530865
      4.960000      3.665458
      4.980000      3.875611
      5.000000      4.090511
      5.020000      4.239727
      5.040000      4.297753
      5.060000      4.277451
      5.080000      4.211138
      5.100000      4.124889
      5.120000      4.018943
      5.140000      3.887426
      5.160000      3.734168
      5.180000      3.567320
      5.200000      3.417569
      5.220000      3.341213
      5.240000      3.362496
      5.260000      3.433278
      5.280000      3.486889
      5.300000      3.523824
      5.320000      3.605244
      5.340000      3.756735
      5.360000      3.912400
      5.380000      3.979774
      5.400000      3.939246
      5.420000      3.826451
      5.440000      3.653349
      5.460000      3.438346
      5.480000      3.265929
      5.500000      3.217215
      5.520000      3.280039
      5.540000      3.387178
      5.560000      3.495192
      5.580000      3.584656
      5.600000      3.636422
      5.620000      3.649293
      5.640000      3.649699
      5.660000      3.667808
      5.680000      3.715682
      5.700000      3.777159
      5.720000      3.813206
      5.740000      3.792009
      5.760000      3.709446
      5.780000      3.572108
      5.800000      3.387540
      5.820000      3.187213
      5.840000      3.026621
      5.860000      2.944813
      5.880000      2.942080
      5.900000      2.996358
      5.920000      3.085398
      5.940000      3.192092
      5.960000      3.295087
      5.980000      3.370998
      6.000000      3.410534
      6.020000      3.406909
      6.040000      3.338717
      6.060000      3.206461
      6.080000      3.059428
      6.100000      2.949907
      6.120000      2.902682
      6.140000      2.926777
      6.160000      2.993468
      6.180000      3.030941
      6.200000      2.994981
      6.220000      2.919091
      6.240000      2.880273
      6.260000      2.927956
      6.280000      3.035289
      6.300000      3.118233
      6.320000      3.110520
      6.340000      3.023348
      6.360000      2.945067
      6.380000      2.966474
      6.400000      3.078866
      6.420000      3.180676
      6.440000      3.193605
      6.460000      3.128155
      6.480000      3.062403
      6.500000      3.081533
      6.520000      3.194253
      6.540000      3.312636
      6.560000      3.343634
      6.580000      3.275699
      6.600000      3.166325
      6.620000      3.091271
      6.640000      3.117113
      6.660000      3.262983
      6.680000      3.453881
      6.700000      3.553061
      6.720000      3.485095
      6.740000      3.311033
      6.760000      3.152374
      6.780000      3.069905
      6.800000      3.043896
      6.820000      3.013243
      6.840000      2.900579
      6.860000      2.661213
      6.880000      2.332698
      6.900000      2.015058
      6.920000      1.814327
      6.940000      1.795729
      6.960000      1.949693
      6.980000      2.200151
      7.000000      2.463920
      7.020000      2.701100
      7.040000      2.900400
      7.060000      3.022769
      7.080000      2.999190
      7.100000      2.816031
      7.120000      2.576809
      7.140000      2.439073
      7.160000      2.479153
      7.180000      2.637177
      7.200000      2.804717
      7.220000      2.926458
      7.240000      3.003271
      7.260000      3.047466
      7.280000      3.047091
      7.300000      2.953379
      7.320000      2.734024
      7.340000      2.455364
      7.360000      2.259460
      7.380000      2.247655
      7.400000      2.412576
      7.420000      2.642659
      7.440000      2.782886
      7.460000      2.768126
      7.480000      2.695102
      7.500000      2.691588
      7.520000      2.752305
      7.540000      2.789817
      7.560000      2.794540
      7.580000      2.831654
      7.600000      2.911201
      7.620000      2.960946
      7.640000      2.920790
      7.660000      2.811547
      7.680000      2.710938
      7.700000      2.682462
      7.720000      2.721279
      7.740000      2.755704
      7.760000      2.716411
      7.780000      2.612279
      7.800000      2.516586
      7.820000      2.478897
      7.840000      2.478336
      7.860000      2.472996
      7.880000      2.455143
      7.900000      2.424285
      7.920000      2.367607
      7.940000      2.313715
      7.960000      2.323962
      7.980000      2.390552
      8.000000      2.436760
      8.020000      2.433255
      8.040000      2.411323
      8.060000      2.384871
      8.080000      2.369809
      8.100000      2.418624
      8.120000      2.526977
      8.140000      2.591340
      8.160000      2.567788
      8.180000      2.608825
      8.200000      2.960443
      8.220000      3.735143
      8.240000      4.793959
      8.260000      5.872415
      8.280000      6.862025
      8.300000      7.875056
      8.320000      8.942186
      8.340000      9.793873
      8.360000     10.087646
      8.380000      9.754919
      8.400000      9.026033
      8.420000      8.218661
      8.440000      7.566666
      8.460000      7.171742
      8.480000      7.103405
      8.500000      7.513015
      8.520000      8.516533
      8.540000      9.995141
      8.560000     11.606669
      8.580000     12.892666
      8.600000     13.442359
      8.620000     13.249142
      8.640000     12.787309
      8.660000     12.478069
      8.680000     12.362996
      8.700000     12.442156
      8.720000     12.826448
      8.740000     13.389495
      8.760000     13.780576
      8.780000     13.944910
      8.800000     14.229408
      8.820000     14.910646
      8.840000     15.934771
      8.860000     17.058354
      8.880000     17.969057
      8.900000     18.400906
      8.920000     18.413928
      8.940000     18.481957
      8.960000     19.005292
      8.980000     19.718251
      9.000000     19.923342
      9.020000     19.407742
      9.040000     18.767560
      9.060000     18.689358
      9.080000     19.188474
      9.100000     19.702564
      9.120000     19.768481
      9.140000     19.463726
      9.160000     19.288081
      9.180000     19.706667
      9.200000     20.731633
      9.220000     21.952368
      9.240000     23.044302
      9.260000     24.118198
      9.280000     25.381756
      9.300000     26.554769
      9.320000     26.882148
      9.340000     25.809216
      9.360000     23.547464
      9.380000     20.936933
      9.400000     18.824852
      9.420000     17.566833
      9.440000     16.949635
      9.460000     16.491292
      9.480000     15.957913
      9.500000     15.662710
      9.520000     16.115684
      9.540000     17.314588
      9.560000     18.476398
      9.580000     18.623907
      9.600000     17.517092
      9.620000     15.861649
      9.640000     14.531778
      9.660000     13.814383
      9.680000     13.476544
      9.700000     13.254581
      9.720000     13.043054
      9.740000     12.772492
      9.760000     12.371293
      9.780000     11.829496
      9.800000     11.215120
      9.820000     10.731793
      9.840000     10.700420
      9.860000     11.260593
      9.880000     12.148415
      9.900000     12.945386
      9.920000     13.510056
      9.940000     14.056574
      9.960000     14.821563
      9.980000     15.738922
     10.000000     16.481221
