# EIG2DOS: Utility for SIESTA to obtain the electronic density of states
#
#                                                  Emilio Artacho, Apr. 1999
# --------------------------------------------------------------------------
# Nbands, Nspin, Nk   =    936     1   352
# E_F                 =    -5.9786 eV
# Broadening          =     0.0500 eV
# Number of electrons =   284.7386  285.2476 per cell
#
#        E            N
# --------------------------------------------------------------------------
    -10.000000      6.119822
     -9.980000      5.962416
     -9.960000      5.649822
     -9.940000      5.292922
     -9.920000      5.036863
     -9.900000      4.961278
     -9.880000      5.038919
     -9.860000      5.154830
     -9.840000      5.195891
     -9.820000      5.133584
     -9.800000      5.010658
     -9.780000      4.887284
     -9.760000      4.814546
     -9.740000      4.814722
     -9.720000      4.865226
     -9.700000      4.917480
     -9.680000      4.939879
     -9.660000      4.953641
     -9.640000      5.055763
     -9.620000      5.389893
     -9.600000      6.008018
     -9.580000      6.720439
     -9.560000      7.169786
     -9.540000      7.134386
     -9.520000      6.699981
     -9.500000      6.094372
     -9.480000      5.459647
     -9.460000      4.836180
     -9.440000      4.272127
     -9.420000      3.893863
     -9.400000      3.914882
     -9.380000      4.544926
     -9.360000      5.739428
     -9.340000      7.004305
     -9.320000      7.652017
     -9.300000      7.398341
     -9.280000      6.609757
     -9.260000      5.917060
     -9.240000      5.680161
     -9.220000      5.802844
     -9.200000      5.947390
     -9.180000      5.881530
     -9.160000      5.631888
     -9.140000      5.362692
     -9.120000      5.200385
     -9.100000      5.189376
     -9.080000      5.316034
     -9.060000      5.517617
     -9.040000      5.718867
     -9.020000      5.888088
     -9.000000      6.033337
     -8.980000      6.149321
     -8.960000      6.198734
     -8.940000      6.153865
     -8.920000      6.043892
     -8.900000      5.932369
     -8.880000      5.817672
     -8.860000      5.596139
     -8.840000      5.192622
     -8.820000      4.698643
     -8.800000      4.307666
     -8.780000      4.127136
     -8.760000      4.122502
     -8.740000      4.241093
     -8.720000      4.515349
     -8.700000      5.006053
     -8.680000      5.657123
     -8.660000      6.233128
     -8.640000      6.458994
     -8.620000      6.252695
     -8.600000      5.770899
     -8.580000      5.231930
     -8.560000      4.781217
     -8.540000      4.514273
     -8.520000      4.505177
     -8.500000      4.758687
     -8.480000      5.176080
     -8.460000      5.594497
     -8.440000      5.865440
     -8.420000      5.923664
     -8.400000      5.814236
     -8.380000      5.660422
     -8.360000      5.589312
     -8.340000      5.666453
     -8.320000      5.870487
     -8.300000      6.096668
     -8.280000      6.196061
     -8.260000      6.087558
     -8.240000      5.868750
     -8.220000      5.737308
     -8.200000      5.773078
     -8.180000      5.896990
     -8.160000      6.041981
     -8.140000      6.233609
     -8.120000      6.499887
     -8.100000      6.802492
     -8.080000      7.053185
     -8.060000      7.153462
     -8.040000      7.060254
     -8.020000      6.857922
     -8.000000      6.728600
     -7.980000      6.795099
     -7.960000      7.009827
     -7.940000      7.228836
     -7.920000      7.333376
     -7.900000      7.249267
     -7.880000      6.953324
     -7.860000      6.535989
     -7.840000      6.203851
     -7.820000      6.155501
     -7.800000      6.441552
     -7.780000      6.923476
     -7.760000      7.349464
     -7.740000      7.515646
     -7.720000      7.395002
     -7.700000      7.107423
     -7.680000      6.791595
     -7.660000      6.511764
     -7.640000      6.228360
     -7.620000      5.854955
     -7.600000      5.397385
     -7.580000      5.020651
     -7.560000      4.932982
     -7.540000      5.207314
     -7.520000      5.711349
     -7.500000      6.200439
     -7.480000      6.505337
     -7.460000      6.655960
     -7.440000      6.833836
     -7.420000      7.189115
     -7.400000      7.654651
     -7.380000      7.961281
     -7.360000      7.914911
     -7.340000      7.626773
     -7.320000      7.398674
     -7.300000      7.423436
     -7.280000      7.647812
     -7.260000      7.876124
     -7.240000      7.946497
     -7.220000      7.823864
     -7.200000      7.588606
     -7.180000      7.365250
     -7.160000      7.222208
     -7.140000      7.124038
     -7.120000      7.011650
     -7.100000      6.902079
     -7.080000      6.861104
     -7.060000      6.908845
     -7.040000      7.003495
     -7.020000      7.105960
     -7.000000      7.214137
     -6.980000      7.325339
     -6.960000      7.408301
     -6.940000      7.449553
     -6.920000      7.493100
     -6.900000      7.571557
     -6.880000      7.642236
     -6.860000      7.664071
     -6.840000      7.666068
     -6.820000      7.672084
     -6.800000      7.644125
     -6.780000      7.561517
     -6.760000      7.486321
     -6.740000      7.495328
     -6.720000      7.581380
     -6.700000      7.657343
     -6.680000      7.640056
     -6.660000      7.525268
     -6.640000      7.423027
     -6.620000      7.498038
     -6.600000      7.795905
     -6.580000      8.154791
     -6.560000      8.350245
     -6.540000      8.281116
     -6.520000      7.986200
     -6.500000      7.574631
     -6.480000      7.212586
     -6.460000      7.096734
     -6.440000      7.312634
     -6.420000      7.723207
     -6.400000      8.076198
     -6.380000      8.209104
     -6.360000      8.113907
     -6.340000      7.871752
     -6.320000      7.598534
     -6.300000      7.409934
     -6.280000      7.351918
     -6.260000      7.361610
     -6.240000      7.340192
     -6.220000      7.258121
     -6.200000      7.188131
     -6.180000      7.263862
     -6.160000      7.561245
     -6.140000      7.949479
     -6.120000      8.114425
     -6.100000      7.866277
     -6.080000      7.419235
     -6.060000      7.214350
     -6.040000      7.443026
     -6.020000      7.877980
     -6.000000      8.177032
     -5.980000      8.220986
     -5.960000      8.165579
     -5.940000      8.304715
     -5.920000      8.884483
     -5.900000      9.898107
     -5.880000     11.026232
     -5.860000     11.915995
     -5.840000     12.543040
     -5.820000     13.166521
     -5.800000     13.879187
     -5.780000     14.288278
     -5.760000     13.818978
     -5.740000     12.437766
     -5.720000     10.919149
     -5.700000     10.253724
     -5.680000     10.852357
     -5.660000     12.293154
     -5.640000     13.709556
     -5.620000     14.459842
     -5.600000     14.532492
     -5.580000     14.367352
     -5.560000     14.354910
     -5.540000     14.541075
     -5.520000     14.758840
     -5.500000     14.913722
     -5.480000     15.034039
     -5.460000     15.107146
     -5.440000     15.020276
     -5.420000     14.705344
     -5.400000     14.258171
     -5.380000     13.833006
     -5.360000     13.481432
     -5.340000     13.217209
     -5.320000     13.150906
     -5.300000     13.369674
     -5.280000     13.761527
     -5.260000     14.158829
     -5.240000     14.577597
     -5.220000     15.132098
     -5.200000     15.787247
     -5.180000     16.322405
     -5.160000     16.469088
     -5.140000     16.079144
     -5.120000     15.296912
     -5.100000     14.522228
     -5.080000     14.059818
     -5.060000     13.857074
     -5.040000     13.667403
     -5.020000     13.395430
     -5.000000     13.216532
     -4.980000     13.378776
     -4.960000     13.919887
     -4.940000     14.624066
     -4.920000     15.249404
     -4.900000     15.729645
     -4.880000     16.118302
     -4.860000     16.359230
     -4.840000     16.249973
     -4.820000     15.750901
     -4.800000     15.198189
     -4.780000     15.026624
     -4.760000     15.284288
     -4.740000     15.501148
     -4.720000     15.113217
     -4.700000     14.063636
     -4.680000     12.960522
     -4.660000     12.552007
     -4.640000     12.997042
     -4.620000     13.780276
     -4.600000     14.385185
     -4.580000     14.817462
     -4.560000     15.440047
     -4.540000     16.514353
     -4.520000     17.870907
     -4.500000     18.955301
     -4.480000     19.335487
     -4.460000     19.147729
     -4.440000     18.889091
     -4.420000     18.825053
     -4.400000     18.786549
     -4.380000     18.565641
     -4.360000     18.271299
     -4.340000     18.179302
     -4.320000     18.457411
     -4.300000     19.102110
     -4.280000     19.909054
     -4.260000     20.487389
     -4.240000     20.483563
     -4.220000     19.799867
     -4.200000     18.604397
     -4.180000     17.272827
     -4.160000     16.241209
     -4.140000     15.678942
     -4.120000     15.342439
     -4.100000     14.906744
     -4.080000     14.390864
     -4.060000     14.148734
     -4.040000     14.478446
     -4.020000     15.288959
     -4.000000     16.101931
     -3.980000     16.369085
     -3.960000     15.859556
     -3.940000     14.785515
     -3.920000     13.560067
     -3.900000     12.460927
     -3.880000     11.543379
     -3.860000     10.789872
     -3.840000     10.236202
     -3.820000      9.972824
     -3.800000     10.063728
     -3.780000     10.463816
     -3.760000     11.087331
     -3.740000     11.976132
     -3.720000     13.217695
     -3.700000     14.586661
     -3.680000     15.490480
     -3.660000     15.497096
     -3.640000     14.766525
     -3.620000     13.792446
     -3.600000     12.912769
     -3.580000     12.216627
     -3.560000     11.738187
     -3.540000     11.555906
     -3.520000     11.686020
     -3.500000     11.931130
     -3.480000     11.933939
     -3.460000     11.432573
     -3.440000     10.439825
     -3.420000      9.246367
     -3.400000      8.325365
     -3.380000      8.094999
     -3.360000      8.605979
     -3.340000      9.455722
     -3.320000     10.053399
     -3.300000     10.024456
     -3.280000      9.443177
     -3.260000      8.713009
     -3.240000      8.228820
     -3.220000      8.132426
     -3.200000      8.284305
     -3.180000      8.405882
     -3.160000      8.316155
     -3.140000      8.090360
     -3.120000      8.020789
     -3.100000      8.435796
     -3.080000      9.412905
     -3.060000     10.535552
     -3.040000     11.127016
     -3.020000     10.928856
     -3.000000     10.362968
     -2.980000      9.993551
     -2.960000      9.965753
     -2.940000     10.071403
     -2.920000     10.137872
     -2.900000     10.192685
     -2.880000     10.320883
     -2.860000     10.506761
     -2.840000     10.658536
     -2.820000     10.702901
     -2.800000     10.605443
     -2.780000     10.372964
     -2.760000     10.083150
     -2.740000      9.856275
     -2.720000      9.775014
     -2.700000      9.857396
     -2.680000     10.063386
     -2.660000     10.302194
     -2.640000     10.509281
     -2.620000     10.709868
     -2.600000     10.936126
     -2.580000     11.133067
     -2.560000     11.200344
     -2.540000     11.094510
     -2.520000     10.870334
     -2.500000     10.626003
     -2.480000     10.436663
     -2.460000     10.359901
     -2.440000     10.444563
     -2.420000     10.672812
     -2.400000     10.921929
     -2.380000     11.040820
     -2.360000     10.976765
     -2.340000     10.844633
     -2.320000     10.894089
     -2.300000     11.316195
     -2.280000     11.999274
     -2.260000     12.580669
     -2.240000     12.813592
     -2.220000     12.772973
     -2.200000     12.666282
     -2.180000     12.595255
     -2.160000     12.565940
     -2.140000     12.591359
     -2.120000     12.666974
     -2.100000     12.701984
     -2.080000     12.603438
     -2.060000     12.453609
     -2.040000     12.492894
     -2.020000     12.819548
     -2.000000     13.157876
     -1.980000     13.094250
     -1.960000     12.579021
     -1.940000     12.034444
     -1.920000     11.894536
     -1.900000     12.151405
     -1.880000     12.434843
     -1.860000     12.466630
     -1.840000     12.288971
     -1.820000     12.048129
     -1.800000     11.750656
     -1.780000     11.308410
     -1.760000     10.732716
     -1.740000     10.254049
     -1.720000     10.209963
     -1.700000     10.718925
     -1.680000     11.510716
     -1.660000     12.199093
     -1.640000     12.638367
     -1.620000     12.868935
     -1.600000     12.871437
     -1.580000     12.597061
     -1.560000     12.132049
     -1.540000     11.660928
     -1.520000     11.284601
     -1.500000     10.935515
     -1.480000     10.538628
     -1.460000     10.249480
     -1.440000     10.358426
     -1.420000     10.883463
     -1.400000     11.459683
     -1.380000     11.762591
     -1.360000     11.868242
     -1.340000     12.082682
     -1.320000     12.558224
     -1.300000     13.143966
     -1.280000     13.529925
     -1.260000     13.519310
     -1.240000     13.166953
     -1.220000     12.667001
     -1.200000     12.209492
     -1.180000     11.956000
     -1.160000     11.987933
     -1.140000     12.206099
     -1.120000     12.363165
     -1.100000     12.229084
     -1.080000     11.765058
     -1.060000     11.221247
     -1.040000     10.979216
     -1.020000     11.136462
     -1.000000     11.310578
     -0.980000     11.013717
     -0.960000     10.169139
     -0.940000      9.144274
     -0.920000      8.383122
     -0.900000      8.121632
     -0.880000      8.335269
     -0.860000      8.836729
     -0.840000      9.467036
     -0.820000     10.201253
     -0.800000     11.032699
     -0.780000     11.823310
     -0.760000     12.283370
     -0.740000     12.059935
     -0.720000     11.024640
     -0.700000      9.601026
     -0.680000      8.537379
     -0.660000      8.165892
     -0.640000      8.108426
     -0.620000      7.821950
     -0.600000      7.202628
     -0.580000      6.558541
     -0.560000      6.184322
     -0.540000      6.114617
     -0.520000      6.218333
     -0.500000      6.358955
     -0.480000      6.442827
     -0.460000      6.443969
     -0.440000      6.420941
     -0.420000      6.449282
     -0.400000      6.516739
     -0.380000      6.500570
     -0.360000      6.280854
     -0.340000      5.890708
     -0.320000      5.524659
     -0.300000      5.404590
     -0.280000      5.662439
     -0.260000      6.304252
     -0.240000      7.203968
     -0.220000      8.109446
     -0.200000      8.738731
     -0.180000      8.975544
     -0.160000      8.967290
     -0.140000      8.963360
     -0.120000      9.051045
     -0.100000      9.090993
     -0.080000      8.888576
     -0.060000      8.394705
     -0.040000      7.766000
     -0.020000      7.228778
      0.000000      6.875741
      0.020000      6.627238
      0.040000      6.373027
      0.060000      6.074043
      0.080000      5.739759
      0.100000      5.419418
      0.120000      5.209903
      0.140000      5.168264
      0.160000      5.234717
      0.180000      5.295165
      0.200000      5.263540
      0.220000      5.099127
      0.240000      4.849941
      0.260000      4.671061
      0.280000      4.677855
      0.300000      4.778746
      0.320000      4.743033
      0.340000      4.438345
      0.360000      3.950470
      0.380000      3.486793
      0.400000      3.219658
      0.420000      3.220636
      0.440000      3.462719
      0.460000      3.780063
      0.480000      3.847613
      0.500000      3.390974
      0.520000      2.503663
      0.540000      1.636238
      0.560000      1.229633
      0.580000      1.427919
      0.600000      2.074900
      0.620000      2.833553
      0.640000      3.325241
      0.660000      3.320569
      0.680000      2.901165
      0.700000      2.402862
      0.720000      2.150521
      0.740000      2.261713
      0.760000      2.661688
      0.780000      3.159607
      0.800000      3.515160
      0.820000      3.577184
      0.840000      3.402017
      0.860000      3.168464
      0.880000      2.979417
      0.900000      2.805835
      0.920000      2.606417
      0.940000      2.417904
      0.960000      2.291045
      0.980000      2.205029
      1.000000      2.111485
      1.020000      2.012981
      1.040000      1.941337
      1.060000      1.896802
      1.080000      1.847239
      1.100000      1.774510
      1.120000      1.701220
      1.140000      1.654992
      1.160000      1.619153
      1.180000      1.560818
      1.200000      1.492114
      1.220000      1.445642
      1.240000      1.410931
      1.260000      1.358555
      1.280000      1.298615
      1.300000      1.255221
      1.320000      1.217280
      1.340000      1.166151
      1.360000      1.114320
      1.380000      1.074789
      1.400000      1.033433
      1.420000      0.982530
      1.440000      0.937072
      1.460000      0.899656
      1.480000      0.855344
      1.500000      0.805473
      1.520000      0.761149
      1.540000      0.712563
      1.560000      0.642927
      1.580000      0.556624
      1.600000      0.470070
      1.620000      0.393148
      1.640000      0.332156
      1.660000      0.291703
      1.680000      0.265472
      1.700000      0.240592
      1.720000      0.210609
      1.740000      0.173519
      1.760000      0.127916
      1.780000      0.079374
      1.800000      0.039596
      1.820000      0.015447
      1.840000      0.004633
      1.860000      0.001056
      1.880000      0.000199
      1.900000      0.000174
      1.920000      0.000918
      1.940000      0.004154
      1.960000      0.014281
      1.980000      0.037654
      2.000000      0.077455
      2.020000      0.127770
      2.040000      0.176782
      2.060000      0.217912
      2.080000      0.253448
      2.100000      0.290616
      2.120000      0.341736
      2.140000      0.416929
      2.160000      0.508315
      2.180000      0.596864
      2.200000      0.673719
      2.220000      0.738703
      2.240000      0.792022
      2.260000      0.839738
      2.280000      0.889756
      2.300000      0.941526
      2.320000      0.992075
      2.340000      1.042794
      2.360000      1.094954
      2.380000      1.149100
      2.400000      1.206090
      2.420000      1.262359
      2.440000      1.315387
      2.460000      1.373942
      2.480000      1.442494
      2.500000      1.506013
      2.520000      1.559379
      2.540000      1.625246
      2.560000      1.710088
      2.580000      1.785976
      2.600000      1.845572
      2.620000      1.921242
      2.640000      2.026429
      2.660000      2.130242
      2.680000      2.215156
      2.700000      2.318986
      2.720000      2.483956
      2.740000      2.697838
      2.760000      2.934638
      2.780000      3.220463
      2.800000      3.585780
      2.820000      3.951627
      2.840000      4.137149
      2.860000      4.029785
      2.880000      3.713090
      2.900000      3.403607
      2.920000      3.318250
      2.940000      3.564735
      2.960000      3.999128
      2.980000      4.222272
      3.000000      3.925793
      3.020000      3.219234
      3.040000      2.477342
      3.060000      1.979168
      3.080000      1.801831
      3.100000      1.915897
      3.120000      2.262165
      3.140000      2.783418
      3.160000      3.437679
      3.180000      4.170774
      3.200000      4.889245
      3.220000      5.537890
      3.240000      6.199250
      3.260000      6.996615
      3.280000      7.885350
      3.300000      8.657541
      3.320000      9.175991
      3.340000      9.548695
      3.360000     10.046060
      3.380000     10.780860
      3.400000     11.510812
      3.420000     11.875160
      3.440000     11.700850
      3.460000     11.030948
      3.480000     10.088136
      3.500000      9.209069
      3.520000      8.634993
      3.540000      8.363986
      3.560000      8.212568
      3.580000      7.984292
      3.600000      7.614866
      3.620000      7.192915
      3.640000      6.876431
      3.660000      6.823732
      3.680000      7.104259
      3.700000      7.546478
      3.720000      7.768742
      3.740000      7.508761
      3.760000      6.864916
      3.780000      6.157490
      3.800000      5.658666
      3.820000      5.495313
      3.840000      5.686005
      3.860000      6.157910
      3.880000      6.733968
      3.900000      7.167740
      3.920000      7.258018
      3.940000      6.977786
      3.960000      6.477828
      3.980000      5.938353
      4.000000      5.444346
      4.020000      5.010618
      4.040000      4.652199
      4.060000      4.380475
      4.080000      4.189570
      4.100000      4.105136
      4.120000      4.205439
      4.140000      4.542043
      4.160000      5.063517
      4.180000      5.627585
      4.200000      6.023844
      4.220000      5.995884
      4.240000      5.411996
      4.260000      4.515979
      4.280000      3.876717
      4.300000      3.935422
      4.320000      4.604332
      4.340000      5.362719
      4.360000      5.732057
      4.380000      5.602739
      4.400000      5.148243
      4.420000      4.598756
      4.440000      4.164105
      4.460000      4.027109
      4.480000      4.252991
      4.500000      4.712778
      4.520000      5.188190
      4.540000      5.539889
      4.560000      5.705247
      4.580000      5.616324
      4.600000      5.271917
      4.620000      4.858276
      4.640000      4.649222
      4.660000      4.757792
      4.680000      5.046405
      4.700000      5.264981
      4.720000      5.234578
      4.740000      4.937034
      4.760000      4.486155
      4.780000      4.029065
      4.800000      3.674222
      4.820000      3.481219
      4.840000      3.463486
      4.860000      3.579396
      4.880000      3.739997
      4.900000      3.864056
      4.920000      3.945669
      4.940000      4.033459
      4.960000      4.126773
      4.980000      4.144071
      5.000000      4.022006
      5.020000      3.816556
      5.040000      3.675011
      5.060000      3.700251
      5.080000      3.864099
      5.100000      4.076336
      5.120000      4.311423
      5.140000      4.602409
      5.160000      4.916130
      5.180000      5.147853
      5.200000      5.276665
      5.220000      5.403375
      5.240000      5.576969
      5.260000      5.691189
      5.280000      5.610252
      5.300000      5.319722
      5.320000      4.922353
      5.340000      4.555196
      5.360000      4.332138
      5.380000      4.307178
      5.400000      4.450251
      5.420000      4.652639
      5.440000      4.767089
      5.460000      4.685926
      5.480000      4.419015
      5.500000      4.079633
      5.520000      3.793575
      5.540000      3.647713
      5.560000      3.669019
      5.580000      3.794773
      5.600000      3.912976
      5.620000      3.952412
      5.640000      3.896408
      5.660000      3.750916
      5.680000      3.553740
      5.700000      3.383600
      5.720000      3.319756
      5.740000      3.382741
      5.760000      3.517647
      5.780000      3.638658
      5.800000      3.678035
      5.820000      3.609982
      5.840000      3.478609
      5.860000      3.399617
      5.880000      3.470076
      5.900000      3.650020
      5.920000      3.784897
      5.940000      3.774477
      5.960000      3.669103
      5.980000      3.580497
      6.000000      3.552396
      6.020000      3.543377
      6.040000      3.507179
      6.060000      3.463849
      6.080000      3.488259
      6.100000      3.637692
      6.120000      3.895068
      6.140000      4.171991
      6.160000      4.364865
      6.180000      4.431308
      6.200000      4.415812
      6.220000      4.377253
      6.240000      4.307300
      6.260000      4.164418
      6.280000      3.966971
      6.300000      3.786706
      6.320000      3.668221
      6.340000      3.620042
      6.360000      3.642635
      6.380000      3.686339
      6.400000      3.637724
      6.420000      3.435196
      6.440000      3.147522
      6.460000      2.885501
      6.480000      2.709093
      6.500000      2.634878
      6.520000      2.641351
      6.540000      2.671600
      6.560000      2.701104
      6.580000      2.778481
      6.600000      2.954600
      6.620000      3.200606
      6.640000      3.415293
      6.660000      3.494070
      6.680000      3.417403
      6.700000      3.292009
      6.720000      3.254781
      6.740000      3.334717
      6.760000      3.465694
      6.780000      3.598727
      6.800000      3.726864
      6.820000      3.836098
      6.840000      3.898106
      6.860000      3.902335
      6.880000      3.868647
      6.900000      3.815890
      6.920000      3.727585
      6.940000      3.582098
      6.960000      3.399378
      6.980000      3.217415
      7.000000      3.055891
      7.020000      2.937343
      7.040000      2.897831
      7.060000      2.942784
      7.080000      3.027029
      7.100000      3.090785
      7.120000      3.083939
      7.140000      2.974579
      7.160000      2.790111
      7.180000      2.635282
      7.200000      2.608573
      7.220000      2.704785
      7.240000      2.845249
      7.260000      2.980121
      7.280000      3.099268
      7.300000      3.171638
      7.320000      3.164062
      7.340000      3.108797
      7.360000      3.072462
      7.380000      3.072583
      7.400000      3.078588
      7.420000      3.070253
      7.440000      3.052197
      7.460000      3.033859
      7.480000      3.043215
      7.500000      3.137288
      7.520000      3.336800
      7.540000      3.557278
      7.560000      3.651258
      7.580000      3.521798
      7.600000      3.197978
      7.620000      2.835525
      7.640000      2.632016
      7.660000      2.687728
      7.680000      2.938847
      7.700000      3.236491
      7.720000      3.468160
      7.740000      3.599638
      7.760000      3.655732
      7.780000      3.689197
      7.800000      3.737797
      7.820000      3.792508
      7.840000      3.804097
      7.860000      3.721442
      7.880000      3.544709
      7.900000      3.339417
      7.920000      3.162812
      7.940000      2.985876
      7.960000      2.736731
      7.980000      2.413178
      8.000000      2.104147
      8.020000      1.910784
      8.040000      1.886033
      8.060000      2.022577
      8.080000      2.247345
      8.100000      2.444963
      8.120000      2.543780
      8.140000      2.583714
      8.160000      2.659412
      8.180000      2.808927
      8.200000      2.991025
      8.220000      3.138964
      8.240000      3.212598
      8.260000      3.227485
      8.280000      3.236449
      8.300000      3.271997
      8.320000      3.333344
      8.340000      3.420820
      8.360000      3.520139
      8.380000      3.563983
      8.400000      3.492339
      8.420000      3.351412
      8.440000      3.254242
      8.460000      3.238103
      8.480000      3.233873
      8.500000      3.188611
      8.520000      3.144569
      8.540000      3.162545
      8.560000      3.228308
      8.580000      3.280941
      8.600000      3.290766
      8.620000      3.264983
      8.640000      3.207379
      8.660000      3.116574
      8.680000      3.002379
      8.700000      2.870918
      8.720000      2.718183
      8.740000      2.555023
      8.760000      2.407288
      8.780000      2.284716
      8.800000      2.184926
      8.820000      2.119708
      8.840000      2.082877
      8.860000      2.013181
      8.880000      1.860614
      8.900000      1.663684
      8.920000      1.505893
      8.940000      1.438113
      8.960000      1.470061
      8.980000      1.581420
      9.000000      1.714823
      9.020000      1.783212
      9.040000      1.720522
      9.060000      1.565630
      9.080000      1.516557
      9.100000      1.898677
      9.120000      3.035199
      9.140000      5.032156
      9.160000      7.569534
      9.180000      9.903768
      9.200000     11.277154
      9.220000     11.577910
      9.240000     11.548670
      9.260000     12.064986
      9.280000     13.209615
      9.300000     14.325758
      9.320000     14.928936
      9.340000     15.160062
      9.360000     15.325875
      9.380000     15.456552
      9.400000     15.370134
      9.420000     14.838146
      9.440000     13.776579
      9.460000     12.534355
      9.480000     11.821138
      9.500000     12.100098
      9.520000     13.164991
      9.540000     14.463037
      9.560000     15.671012
      9.580000     16.768444
      9.600000     17.702843
      9.620000     18.308184
      9.640000     18.594375
      9.660000     18.866054
      9.680000     19.406114
      9.700000     20.133506
      9.720000     20.659093
      9.740000     20.616313
      9.760000     19.928729
      9.780000     18.864845
      9.800000     17.842116
      9.820000     17.120191
      9.840000     16.704526
      9.860000     16.483210
      9.880000     16.312579
      9.900000     16.013558
      9.920000     15.446490
      9.940000     14.659661
      9.960000     13.954948
      9.980000     13.711285
     10.000000     14.033575
