# EIG2DOS: Utility for SIESTA to obtain the electronic density of states
#
#                                                  Emilio Artacho, Apr. 1999
# --------------------------------------------------------------------------
# Nbands, Nspin, Nk   =    936     1   352
# E_F                 =    -5.1518 eV
# Broadening          =     0.0500 eV
# Number of electrons =   302.2841  302.5654 per cell
#
#        E            N
# --------------------------------------------------------------------------
    -10.000000      5.150624
     -9.980000      5.458653
     -9.960000      5.749561
     -9.940000      5.923771
     -9.920000      5.900842
     -9.900000      5.774839
     -9.880000      5.762570
     -9.860000      5.921701
     -9.840000      6.022473
     -9.820000      5.816360
     -9.800000      5.360766
     -9.780000      4.939825
     -9.760000      4.775899
     -9.740000      4.991712
     -9.720000      5.672041
     -9.700000      6.711238
     -9.680000      7.715562
     -9.660000      8.271932
     -9.640000      8.291365
     -9.620000      8.004007
     -9.600000      7.683491
     -9.580000      7.431392
     -9.560000      7.150636
     -9.540000      6.707348
     -9.520000      6.177435
     -9.500000      5.864131
     -9.480000      5.974864
     -9.460000      6.361222
     -9.440000      6.678648
     -9.420000      6.734132
     -9.400000      6.578910
     -9.380000      6.335268
     -9.360000      6.088522
     -9.340000      5.943469
     -9.320000      6.028738
     -9.300000      6.371185
     -9.280000      6.849396
     -9.260000      7.306758
     -9.240000      7.631242
     -9.220000      7.737003
     -9.200000      7.574630
     -9.180000      7.188470
     -9.160000      6.730803
     -9.140000      6.381946
     -9.120000      6.220789
     -9.100000      6.161477
     -9.080000      6.021097
     -9.060000      5.683467
     -9.040000      5.252035
     -9.020000      5.036240
     -9.000000      5.331615
     -8.980000      6.153227
     -8.960000      7.150262
     -8.940000      7.846205
     -8.920000      8.014025
     -8.900000      7.778855
     -8.880000      7.418852
     -8.860000      7.145813
     -8.840000      6.986099
     -8.820000      6.829125
     -8.800000      6.634809
     -8.780000      6.513034
     -8.760000      6.555475
     -8.740000      6.707569
     -8.720000      6.856497
     -8.700000      6.957652
     -8.680000      7.016742
     -8.660000      7.010230
     -8.640000      6.892671
     -8.620000      6.657717
     -8.600000      6.380222
     -8.580000      6.205190
     -8.560000      6.257456
     -8.540000      6.568222
     -8.520000      7.077036
     -8.500000      7.630331
     -8.480000      8.024626
     -8.460000      8.143490
     -8.440000      8.007689
     -8.420000      7.673654
     -8.400000      7.184233
     -8.380000      6.651693
     -8.360000      6.288243
     -8.340000      6.254075
     -8.320000      6.482398
     -8.300000      6.739135
     -8.280000      6.875168
     -8.260000      6.930636
     -8.240000      6.983677
     -8.220000      7.036694
     -8.200000      7.089532
     -8.180000      7.205308
     -8.160000      7.446991
     -8.140000      7.769432
     -8.120000      8.012100
     -8.100000      8.047510
     -8.080000      7.891585
     -8.060000      7.613559
     -8.040000      7.225422
     -8.020000      6.750280
     -8.000000      6.345917
     -7.980000      6.237378
     -7.960000      6.504014
     -7.940000      7.017826
     -7.920000      7.591208
     -7.900000      8.095638
     -7.880000      8.433299
     -7.860000      8.481132
     -7.840000      8.140247
     -7.820000      7.465617
     -7.800000      6.726073
     -7.780000      6.263082
     -7.760000      6.244043
     -7.740000      6.615094
     -7.720000      7.260903
     -7.700000      8.013694
     -7.680000      8.528866
     -7.660000      8.457216
     -7.640000      7.833258
     -7.620000      7.103472
     -7.600000      6.733869
     -7.580000      6.876377
     -7.560000      7.345942
     -7.540000      7.816960
     -7.520000      8.040207
     -7.500000      7.918394
     -7.480000      7.497277
     -7.460000      6.988836
     -7.440000      6.720380
     -7.420000      6.909994
     -7.400000      7.464962
     -7.380000      8.081277
     -7.360000      8.551274
     -7.340000      8.860584
     -7.320000      9.009073
     -7.300000      8.929756
     -7.280000      8.602112
     -7.260000      8.129017
     -7.240000      7.695467
     -7.220000      7.470317
     -7.200000      7.528369
     -7.180000      7.827648
     -7.160000      8.195937
     -7.140000      8.399594
     -7.120000      8.361898
     -7.100000      8.249933
     -7.080000      8.275176
     -7.060000      8.545531
     -7.040000      9.122023
     -7.020000     10.041148
     -7.000000     11.225601
     -6.980000     12.466284
     -6.960000     13.582993
     -6.940000     14.549560
     -6.920000     15.350968
     -6.900000     15.767507
     -6.880000     15.454930
     -6.860000     14.337292
     -6.840000     12.866572
     -6.820000     11.788096
     -6.800000     11.620102
     -6.780000     12.296089
     -6.760000     13.255916
     -6.740000     13.916165
     -6.720000     14.055253
     -6.700000     13.794624
     -6.680000     13.348295
     -6.660000     12.821874
     -6.640000     12.208472
     -6.620000     11.565539
     -6.600000     11.108473
     -6.580000     11.044344
     -6.560000     11.406776
     -6.540000     12.154702
     -6.520000     13.296874
     -6.500000     14.742407
     -6.480000     16.144424
     -6.460000     17.099304
     -6.440000     17.437708
     -6.420000     17.215234
     -6.400000     16.576479
     -6.380000     15.739307
     -6.360000     14.927573
     -6.340000     14.222833
     -6.320000     13.639358
     -6.300000     13.342464
     -6.280000     13.564444
     -6.260000     14.282125
     -6.240000     15.158279
     -6.220000     15.788336
     -6.200000     15.918574
     -6.180000     15.536192
     -6.160000     14.842151
     -6.140000     14.118276
     -6.120000     13.598667
     -6.100000     13.410997
     -6.080000     13.594257
     -6.060000     14.149925
     -6.040000     15.028528
     -6.020000     16.077642
     -6.000000     17.079966
     -5.980000     17.894346
     -5.960000     18.551162
     -5.940000     19.162849
     -5.920000     19.737977
     -5.900000     20.111488
     -5.880000     20.064032
     -5.860000     19.570854
     -5.840000     18.995468
     -5.820000     18.886856
     -5.800000     19.334679
     -5.780000     19.622514
     -5.760000     18.886808
     -5.740000     17.102718
     -5.720000     15.091736
     -5.700000     13.656280
     -5.680000     13.047433
     -5.660000     13.120488
     -5.640000     13.576186
     -5.620000     14.028194
     -5.600000     14.151093
     -5.580000     13.863914
     -5.560000     13.272388
     -5.540000     12.542266
     -5.520000     11.920523
     -5.500000     11.679546
     -5.480000     11.900674
     -5.460000     12.348429
     -5.440000     12.629453
     -5.420000     12.557805
     -5.400000     12.352017
     -5.380000     12.433929
     -5.360000     13.055372
     -5.340000     14.073733
     -5.320000     14.999908
     -5.300000     15.335698
     -5.280000     15.027696
     -5.260000     14.584526
     -5.240000     14.694867
     -5.220000     15.720951
     -5.200000     17.380726
     -5.180000     18.814311
     -5.160000     19.183625
     -5.140000     18.320873
     -5.120000     16.731169
     -5.100000     15.073656
     -5.080000     13.684043
     -5.060000     12.490706
     -5.040000     11.414273
     -5.020000     10.784386
     -5.000000     11.080400
     -4.980000     12.215539
     -4.960000     13.414866
     -4.940000     13.973284
     -4.920000     13.852070
     -4.900000     13.402087
     -4.880000     12.867737
     -4.860000     12.342167
     -4.840000     11.902750
     -4.820000     11.598663
     -4.800000     11.434867
     -4.780000     11.404239
     -4.760000     11.438968
     -4.740000     11.383115
     -4.720000     11.111408
     -4.700000     10.636205
     -4.680000     10.079867
     -4.660000      9.613907
     -4.640000      9.404164
     -4.620000      9.527389
     -4.600000      9.955580
     -4.580000     10.632492
     -4.560000     11.463012
     -4.540000     12.196053
     -4.520000     12.480749
     -4.500000     12.227651
     -4.480000     11.876549
     -4.460000     12.095980
     -4.440000     13.136056
     -4.420000     14.528521
     -4.400000     15.470575
     -4.380000     15.547520
     -4.360000     15.049796
     -4.340000     14.557288
     -4.320000     14.338419
     -4.300000     14.197134
     -4.280000     13.745279
     -4.260000     12.784582
     -4.240000     11.515063
     -4.220000     10.357799
     -4.200000      9.616315
     -4.180000      9.388486
     -4.160000      9.637158
     -4.140000     10.144529
     -4.120000     10.504642
     -4.100000     10.443834
     -4.080000     10.199248
     -4.060000     10.300404
     -4.040000     10.881253
     -4.020000     11.474472
     -4.000000     11.564031
     -3.980000     11.135396
     -3.960000     10.600056
     -3.940000     10.296104
     -3.920000     10.211269
     -3.900000     10.185931
     -3.880000     10.214748
     -3.860000     10.474643
     -3.840000     11.116308
     -3.820000     12.012859
     -3.800000     12.648880
     -3.780000     12.374628
     -3.760000     10.984273
     -3.740000      8.988922
     -3.720000      7.177737
     -3.700000      6.080379
     -3.680000      5.929482
     -3.660000      6.801224
     -3.640000      8.561182
     -3.620000     10.770234
     -3.600000     12.786335
     -3.580000     14.091093
     -3.560000     14.569318
     -3.540000     14.408289
     -3.520000     13.803831
     -3.500000     12.942814
     -3.480000     12.137914
     -3.460000     11.638909
     -3.440000     11.324691
     -3.420000     10.844429
     -3.400000     10.063331
     -3.380000      9.210392
     -3.360000      8.596815
     -3.340000      8.319995
     -3.320000      8.289719
     -3.300000      8.411459
     -3.280000      8.634367
     -3.260000      8.971325
     -3.240000      9.613553
     -3.220000     10.828251
     -3.200000     12.525482
     -3.180000     14.054323
     -3.160000     14.658549
     -3.140000     14.141925
     -3.120000     12.986393
     -3.100000     11.852409
     -3.080000     11.079387
     -3.060000     10.622064
     -3.040000     10.284116
     -3.020000      9.952940
     -3.000000      9.614651
     -2.980000      9.179264
     -2.960000      8.505574
     -2.940000      7.668297
     -2.920000      7.004379
     -2.900000      6.833522
     -2.880000      7.175057
     -2.860000      7.722263
     -2.840000      8.146150
     -2.820000      8.478397
     -2.800000      9.142146
     -2.780000     10.564474
     -2.760000     12.739323
     -2.740000     15.095258
     -2.720000     16.816796
     -2.700000     17.433157
     -2.680000     17.071657
     -2.660000     16.101652
     -2.640000     14.733361
     -2.620000     13.064341
     -2.600000     11.299849
     -2.580000      9.724568
     -2.560000      8.503773
     -2.540000      7.630637
     -2.520000      7.047423
     -2.500000      6.725127
     -2.480000      6.590896
     -2.460000      6.430771
     -2.440000      6.008468
     -2.420000      5.369655
     -2.400000      4.875287
     -2.380000      4.776942
     -2.360000      4.913110
     -2.340000      4.980493
     -2.320000      4.954643
     -2.300000      5.075974
     -2.280000      5.478992
     -2.260000      5.980389
     -2.240000      6.285567
     -2.220000      6.349980
     -2.200000      6.429489
     -2.180000      6.726321
     -2.160000      7.127532
     -2.140000      7.423425
     -2.120000      7.637140
     -2.100000      7.942258
     -2.080000      8.326789
     -2.060000      8.537015
     -2.040000      8.427776
     -2.020000      8.284950
     -2.000000      8.589326
     -1.980000      9.381366
     -1.960000     10.123290
     -1.940000     10.383879
     -1.920000     10.372228
     -1.900000     10.477192
     -1.880000     10.594253
     -1.860000     10.348565
     -1.840000      9.704580
     -1.820000      8.894902
     -1.800000      7.960098
     -1.780000      6.809679
     -1.760000      5.600361
     -1.740000      4.640129
     -1.720000      4.033031
     -1.700000      3.716139
     -1.680000      3.643008
     -1.660000      3.723675
     -1.640000      3.826782
     -1.620000      3.954174
     -1.600000      4.214274
     -1.580000      4.645029
     -1.560000      5.230827
     -1.540000      5.971317
     -1.520000      6.774694
     -1.500000      7.413089
     -1.480000      7.686393
     -1.460000      7.538107
     -1.440000      7.034727
     -1.420000      6.368234
     -1.400000      5.830094
     -1.380000      5.629538
     -1.360000      5.730743
     -1.340000      5.938465
     -1.320000      6.115324
     -1.300000      6.265775
     -1.280000      6.462538
     -1.260000      6.741793
     -1.240000      7.023843
     -1.220000      7.085999
     -1.200000      6.648845
     -1.180000      5.609250
     -1.160000      4.232441
     -1.140000      3.016811
     -1.120000      2.356538
     -1.100000      2.451819
     -1.080000      3.514902
     -1.060000      5.756479
     -1.040000      8.871076
     -1.020000     11.654158
     -1.000000     12.611192
     -0.980000     11.211138
     -0.960000      8.355704
     -0.940000      5.511772
     -0.920000      3.627110
     -0.900000      2.914608
     -0.880000      3.211461
     -0.860000      4.167631
     -0.840000      5.257258
     -0.820000      5.992250
     -0.800000      6.202452
     -0.780000      5.996863
     -0.760000      5.540875
     -0.740000      4.952108
     -0.720000      4.273238
     -0.700000      3.479971
     -0.680000      2.585066
     -0.660000      1.728637
     -0.640000      1.126491
     -0.620000      0.948098
     -0.600000      1.246495
     -0.580000      1.967682
     -0.560000      2.996096
     -0.540000      4.160209
     -0.520000      5.194093
     -0.500000      5.789245
     -0.480000      5.789458
     -0.460000      5.318140
     -0.440000      4.645811
     -0.420000      3.943198
     -0.400000      3.203394
     -0.380000      2.377090
     -0.360000      1.524274
     -0.340000      0.804988
     -0.320000      0.337676
     -0.300000      0.109757
     -0.280000      0.028049
     -0.260000      0.012366
     -0.240000      0.042882
     -0.220000      0.182325
     -0.200000      0.595953
     -0.180000      1.494897
     -0.160000      2.951319
     -0.140000      4.813007
     -0.120000      6.977436
     -0.100000      9.556885
     -0.080000     12.234400
     -0.060000     13.670877
     -0.040000     12.557848
     -0.020000      9.344457
      0.000000      6.039414
      0.020000      4.292888
      0.040000      4.252757
      0.060000      5.011916
      0.080000      5.586984
      0.100000      5.523223
      0.120000      4.915709
      0.140000      4.098926
      0.160000      3.363281
      0.180000      2.829170
      0.200000      2.465340
      0.220000      2.200804
      0.240000      2.005877
      0.260000      1.864856
      0.280000      1.739913
      0.300000      1.613395
      0.320000      1.507029
      0.340000      1.424692
      0.360000      1.340659
      0.380000      1.251340
      0.400000      1.173986
      0.420000      1.107381
      0.440000      1.039999
      0.460000      0.971897
      0.480000      0.906515
      0.500000      0.844926
      0.520000      0.788268
      0.540000      0.731936
      0.560000      0.671482
      0.580000      0.613942
      0.600000      0.564497
      0.620000      0.514699
      0.640000      0.460919
      0.660000      0.412983
      0.680000      0.372251
      0.700000      0.326271
      0.720000      0.268959
      0.740000      0.204472
      0.760000      0.138145
      0.780000      0.078442
      0.800000      0.037139
      0.820000      0.021281
      0.840000      0.032228
      0.860000      0.069229
      0.880000      0.125942
      0.900000      0.189220
      0.920000      0.249050
      0.940000      0.303123
      0.960000      0.349599
      0.980000      0.388544
      1.000000      0.429292
      1.020000      0.479905
      1.040000      0.532551
      1.060000      0.576695
      1.080000      0.620159
      1.100000      0.675148
      1.120000      0.732489
      1.140000      0.777534
      1.160000      0.820409
      1.180000      0.877650
      1.200000      0.938271
      1.220000      0.984768
      1.240000      1.029451
      1.260000      1.090332
      1.280000      1.153487
      1.300000      1.201486
      1.320000      1.250693
      1.340000      1.317856
      1.360000      1.384537
      1.380000      1.435042
      1.400000      1.489820
      1.420000      1.565320
      1.440000      1.641810
      1.460000      1.700669
      1.480000      1.759777
      1.500000      1.845182
      1.520000      1.945562
      1.540000      2.027623
      1.560000      2.099492
      1.580000      2.212997
      1.600000      2.388323
      1.620000      2.607673
      1.640000      2.907730
      1.660000      3.363311
      1.680000      3.896182
      1.700000      4.219340
      1.720000      4.121059
      1.740000      3.716720
      1.760000      3.273885
      1.780000      2.910457
      1.800000      2.631731
      1.820000      2.525950
      1.840000      2.714170
      1.860000      3.180196
      1.880000      3.799677
      1.900000      4.451705
      1.920000      4.988893
      1.940000      5.239783
      1.960000      5.180120
      1.980000      4.983152
      2.000000      4.827521
      2.020000      4.757371
      2.040000      4.730768
      2.060000      4.718654
      2.080000      4.749858
      2.100000      4.868773
      2.120000      5.070825
      2.140000      5.328930
      2.160000      5.632846
      2.180000      5.948926
      2.200000      6.222236
      2.220000      6.455337
      2.240000      6.765490
      2.260000      7.404793
      2.280000      8.651779
      2.300000     10.500746
      2.320000     12.437305
      2.340000     13.685549
      2.360000     13.807312
      2.380000     13.024178
      2.400000     11.911745
      2.420000     10.873620
      2.440000      9.959702
      2.460000      9.070900
      2.480000      8.192724
      2.500000      7.403569
      2.520000      6.741784
      2.540000      6.155451
      2.560000      5.589486
      2.580000      5.080469
      2.600000      4.741343
      2.620000      4.631615
      2.640000      4.677269
      2.660000      4.797679
      2.680000      5.028877
      2.700000      5.360899
      2.720000      5.537851
      2.740000      5.265350
      2.760000      4.660293
      2.780000      4.272682
      2.800000      4.527934
      2.820000      5.301532
      2.840000      6.142039
      2.860000      6.734676
      2.880000      7.032350
      2.900000      7.114862
      2.920000      7.086634
      2.940000      7.028203
      2.960000      6.945090
      2.980000      6.800544
      3.000000      6.604590
      3.020000      6.408430
      3.040000      6.242439
      3.060000      6.117719
      3.080000      6.038911
      3.100000      6.004549
      3.120000      6.044322
      3.140000      6.192656
      3.160000      6.380095
      3.180000      6.435237
      3.200000      6.233453
      3.220000      5.826377
      3.240000      5.436366
      3.260000      5.313038
      3.280000      5.546831
      3.300000      5.993508
      3.320000      6.376879
      3.340000      6.463582
      3.360000      6.164069
      3.380000      5.527450
      3.400000      4.695576
      3.420000      3.861356
      3.440000      3.205804
      3.460000      2.820459
      3.480000      2.679335
      3.500000      2.689362
      3.520000      2.768992
      3.540000      2.870493
      3.560000      2.967878
      3.580000      3.071879
      3.600000      3.214493
      3.620000      3.417506
      3.640000      3.733463
      3.660000      4.237001
      3.680000      4.885725
      3.700000      5.487567
      3.720000      5.871060
      3.740000      5.995402
      3.760000      5.896852
      3.780000      5.650713
      3.800000      5.370915
      3.820000      5.143231
      3.840000      4.970908
      3.860000      4.833812
      3.880000      4.756426
      3.900000      4.768741
      3.920000      4.832685
      3.940000      4.851151
      3.960000      4.752350
      3.980000      4.544632
      4.000000      4.289232
      4.020000      4.061569
      4.040000      3.930992
      4.060000      3.921005
      4.080000      4.001575
      4.100000      4.141067
      4.120000      4.327176
      4.140000      4.514108
      4.160000      4.580440
      4.180000      4.422631
      4.200000      4.113815
      4.220000      3.865868
      4.240000      3.817125
      4.260000      3.959841
      4.280000      4.238981
      4.300000      4.598865
      4.320000      4.961329
      4.340000      5.241917
      4.360000      5.366235
      4.380000      5.259395
      4.400000      4.887061
      4.420000      4.329242
      4.440000      3.764852
      4.460000      3.355922
      4.480000      3.162846
      4.500000      3.161653
      4.520000      3.298781
      4.540000      3.516134
      4.560000      3.734832
      4.580000      3.849365
      4.600000      3.800905
      4.620000      3.657572
      4.640000      3.558181
      4.660000      3.561866
      4.680000      3.596537
      4.700000      3.574592
      4.720000      3.525618
      4.740000      3.575026
      4.760000      3.795342
      4.780000      4.109980
      4.800000      4.352260
      4.820000      4.405525
      4.840000      4.274038
      4.860000      4.026138
      4.880000      3.715331
      4.900000      3.385323
      4.920000      3.107716
      4.940000      2.966257
      4.960000      3.017010
      4.980000      3.263343
      5.000000      3.620446
      5.020000      3.923899
      5.040000      4.039547
      5.060000      3.957096
      5.080000      3.777940
      5.100000      3.647728
      5.120000      3.645970
      5.140000      3.696822
      5.160000      3.671703
      5.180000      3.597682
      5.200000      3.641457
      5.220000      3.869425
      5.240000      4.152388
      5.260000      4.330167
      5.280000      4.356957
      5.300000      4.273003
      5.320000      4.134908
      5.340000      3.975579
      5.360000      3.785000
      5.380000      3.568662
      5.400000      3.410977
      5.420000      3.398813
      5.440000      3.507054
      5.460000      3.629064
      5.480000      3.696942
      5.500000      3.722419
      5.520000      3.725252
      5.540000      3.676670
      5.560000      3.553161
      5.580000      3.392744
      5.600000      3.243112
      5.620000      3.101921
      5.640000      2.938966
      5.660000      2.738667
      5.680000      2.522799
      5.700000      2.357567
      5.720000      2.311910
      5.740000      2.388493
      5.760000      2.529247
      5.780000      2.692238
      5.800000      2.874176
      5.820000      3.062421
      5.840000      3.218181
      5.860000      3.307438
      5.880000      3.330215
      5.900000      3.335894
      5.920000      3.394682
      5.940000      3.509237
      5.960000      3.577074
      5.980000      3.502380
      6.000000      3.337490
      6.020000      3.249585
      6.040000      3.318555
      6.060000      3.420885
      6.080000      3.377014
      6.100000      3.172923
      6.120000      2.966851
      6.140000      2.909111
      6.160000      3.005512
      6.180000      3.135830
      6.200000      3.173941
      6.220000      3.096198
      6.240000      2.988882
      6.260000      2.944472
      6.280000      2.960112
      6.300000      2.971048
      6.320000      2.956605
      6.340000      2.950206
      6.360000      2.970941
      6.380000      3.016795
      6.400000      3.094922
      6.420000      3.192584
      6.440000      3.252799
      6.460000      3.223765
      6.480000      3.118393
      6.500000      3.020778
      6.520000      3.024386
      6.540000      3.137022
      6.560000      3.256517
      6.580000      3.260835
      6.600000      3.117987
      6.620000      2.906267
      6.640000      2.740616
      6.660000      2.686454
      6.680000      2.721274
      6.700000      2.755420
      6.720000      2.714873
      6.740000      2.621609
      6.760000      2.566730
      6.780000      2.598373
      6.800000      2.663820
      6.820000      2.674008
      6.840000      2.599136
      6.860000      2.496154
      6.880000      2.477674
      6.900000      2.635668
      6.920000      2.939963
      6.940000      3.230126
      6.960000      3.347875
      6.980000      3.254425
      7.000000      3.027712
      7.020000      2.811999
      7.040000      2.744178
      7.060000      2.837004
      7.080000      2.936725
      7.100000      2.865014
      7.120000      2.618794
      7.140000      2.385956
      7.160000      2.360332
      7.180000      2.567574
      7.200000      2.843243
      7.220000      2.975894
      7.240000      2.899193
      7.260000      2.712449
      7.280000      2.524813
      7.300000      2.368798
      7.320000      2.256749
      7.340000      2.225169
      7.360000      2.302678
      7.380000      2.469588
      7.400000      2.663775
      7.420000      2.824580
      7.440000      2.920974
      7.460000      2.945343
      7.480000      2.904066
      7.500000      2.813934
      7.520000      2.697381
      7.540000      2.578316
      7.560000      2.486960
      7.580000      2.461844
      7.600000      2.508676
      7.620000      2.565278
      7.640000      2.565727
      7.660000      2.526274
      7.680000      2.513759
      7.700000      2.542426
      7.720000      2.556115
      7.740000      2.522414
      7.760000      2.492861
      7.780000      2.527809
      7.800000      2.601834
      7.820000      2.643932
      7.840000      2.631837
      7.860000      2.590936
      7.880000      2.550913
      7.900000      2.539857
      7.920000      2.576583
      7.940000      2.658615
      7.960000      2.805161
      7.980000      3.161882
      8.000000      4.042583
      8.020000      5.714940
      8.040000      7.993388
      8.060000     10.111394
      8.080000     11.223955
      8.100000     11.110803
      8.120000     10.251804
      8.140000      9.242453
      8.160000      8.362676
      8.180000      7.659342
      8.200000      7.140646
      8.220000      6.801325
      8.240000      6.603426
      8.260000      6.538907
      8.280000      6.708266
      8.300000      7.336008
      8.320000      8.648374
      8.340000     10.590863
      8.360000     12.668280
      8.380000     14.153864
      8.400000     14.520454
      8.420000     13.812121
      8.440000     12.624154
      8.460000     11.572640
      8.480000     10.822718
      8.500000     10.257063
      8.520000      9.905336
      8.540000      9.939752
      8.560000     10.386903
      8.580000     11.151935
      8.600000     12.271316
      8.620000     13.821759
      8.640000     15.537357
      8.660000     16.856298
      8.680000     17.542454
      8.700000     18.053650
      8.720000     19.184288
      8.740000     21.401256
      8.760000     24.222216
      8.780000     26.189399
      8.800000     26.165354
      8.820000     24.665005
      8.840000     23.080257
      8.860000     21.884885
      8.880000     20.576623
      8.900000     19.068752
      8.920000     18.165852
      8.940000     18.596795
      8.960000     20.063667
      8.980000     21.446020
      9.000000     21.841585
      9.020000     21.224931
      9.040000     20.157176
      9.060000     19.221752
      9.080000     18.784246
      9.100000     18.914572
      9.120000     19.348433
      9.140000     19.583674
      9.160000     19.138453
      9.180000     17.964154
      9.200000     16.671080
      9.220000     16.049289
      9.240000     16.278974
      9.260000     16.867208
      9.280000     17.303715
      9.300000     17.471792
      9.320000     17.485043
      9.340000     17.454539
      9.360000     17.508129
      9.380000     17.772161
      9.400000     18.091476
      9.420000     17.955418
      9.440000     17.014037
      9.460000     15.579991
      9.480000     14.376479
      9.500000     13.835531
      9.520000     13.751972
      9.540000     13.564752
      9.560000     12.983266
      9.580000     12.338589
      9.600000     12.180764
      9.620000     12.604133
      9.640000     13.196325
      9.660000     13.565633
      9.680000     13.669374
      9.700000     13.686302
      9.720000     13.827345
      9.740000     14.244034
      9.760000     14.903415
      9.780000     15.555431
      9.800000     15.885918
      9.820000     15.657752
      9.840000     14.823520
      9.860000     13.653570
      9.880000     12.623889
      9.900000     12.061344
      9.920000     11.979731
      9.940000     12.213065
      9.960000     12.533045
      9.980000     12.676856
     10.000000     12.467349
