# EIG2DOS: Utility for SIESTA to obtain the electronic density of states
#
#                                                  Emilio Artacho, Apr. 1999
# --------------------------------------------------------------------------
# Nbands, Nspin, Nk   =    936     1   352
# E_F                 =    -5.7229 eV
# Broadening          =     0.0500 eV
# Number of electrons =   151.4773  151.4833 per cell
#
#        E            N
# --------------------------------------------------------------------------
     -5.000000     14.169051
     -4.990000     15.129295
     -4.980000     15.641095
     -4.970000     15.673555
     -4.960000     15.283190
     -4.950000     14.592804
     -4.940000     13.752301
     -4.930000     12.897985
     -4.920000     12.127242
     -4.910000     11.496944
     -4.900000     11.040850
     -4.890000     10.790820
     -4.880000     10.784954
     -4.870000     11.054545
     -4.860000     11.596458
     -4.850000     12.349098
     -4.840000     13.190485
     -4.830000     13.965013
     -4.820000     14.528540
     -4.810000     14.790603
     -4.800000     14.734310
     -4.790000     14.407095
     -4.780000     13.890400
     -4.770000     13.265003
     -4.760000     12.587773
     -4.750000     11.887482
     -4.740000     11.177313
     -4.730000     10.474513
     -4.720000      9.815753
     -4.710000      9.260132
     -4.700000      8.878165
     -4.690000      8.731488
     -4.680000      8.851609
     -4.670000      9.225830
     -4.660000      9.795438
     -4.650000     10.466983
     -4.640000     11.133443
     -4.630000     11.699240
     -4.620000     12.102062
     -4.610000     12.325806
     -4.600000     12.402038
     -4.590000     12.400888
     -4.580000     12.414583
     -4.570000     12.537188
     -4.560000     12.843341
     -4.550000     13.368419
     -4.540000     14.093706
     -4.530000     14.942055
     -4.520000     15.789729
     -4.510000     16.495948
     -4.500000     16.943487
     -4.490000     17.075767
     -4.480000     16.914301
     -4.470000     16.548017
     -4.460000     16.099382
     -4.450000     15.683414
     -4.440000     15.377737
     -4.430000     15.213968
     -4.420000     15.188414
     -4.410000     15.281011
     -4.400000     15.470037
     -4.390000     15.735876
     -4.380000     16.055346
     -4.370000     16.393728
     -4.360000     16.702036
     -4.350000     16.922839
     -4.340000     17.002165
     -4.330000     16.901340
     -4.320000     16.603047
     -4.310000     16.109999
     -4.300000     15.439617
     -4.290000     14.620395
     -4.280000     13.693509
     -4.270000     12.717918
     -4.260000     11.772732
     -4.250000     10.950667
     -4.240000     10.341315
     -4.230000     10.009678
     -4.220000      9.979168
     -4.210000     10.226789
     -4.200000     10.692565
     -4.190000     11.298976
     -4.180000     11.972501
     -4.170000     12.659512
     -4.160000     13.331966
     -4.150000     13.982702
     -4.140000     14.613777
     -4.130000     15.223030
     -4.120000     15.793634
     -4.110000     16.289628
     -4.100000     16.658400
     -4.090000     16.839831
     -4.080000     16.781032
     -4.070000     16.454496
     -4.060000     15.875483
     -4.050000     15.112408
     -4.040000     14.284004
     -4.030000     13.540483
     -4.020000     13.031836
     -4.010000     12.871705
     -4.000000     13.107202
     -3.990000     13.703061
     -3.980000     14.544493
     -3.970000     15.458862
     -3.960000     16.252192
     -3.950000     16.752318
     -3.940000     16.847126
     -3.930000     16.506072
     -3.920000     15.777937
     -3.910000     14.766416
     -3.900000     13.593667
     -3.890000     12.365960
     -3.880000     11.153155
     -3.870000      9.986639
     -3.860000      8.872420
     -3.850000      7.810854
     -3.840000      6.813668
     -3.830000      5.911922
     -3.820000      5.153344
     -3.810000      4.591707
     -3.800000      4.273011
     -3.790000      4.223040
     -3.780000      4.439467
     -3.770000      4.890346
     -3.760000      5.519874
     -3.750000      6.261110
     -3.740000      7.053291
     -3.730000      7.858870
     -3.720000      8.674053
     -3.710000      9.527582
     -3.700000     10.466129
     -3.690000     11.529611
     -3.680000     12.724261
     -3.670000     14.003542
     -3.660000     15.265786
     -3.650000     16.372265
     -3.640000     17.181664
     -3.630000     17.589382
     -3.620000     17.556770
     -3.610000     17.118708
     -3.600000     16.367175
     -3.590000     15.419266
     -3.580000     14.384548
     -3.570000     13.344874
     -3.560000     12.351115
     -3.550000     11.431503
     -3.540000     10.601889
     -3.530000      9.871278
     -3.520000      9.242801
     -3.510000      8.714765
     -3.500000      8.285283
     -3.490000      7.959204
     -3.480000      7.752478
     -3.470000      7.689889
     -3.460000      7.796155
     -3.450000      8.084133
     -3.440000      8.544554
     -3.430000      9.140140
     -3.420000      9.805328
     -3.410000     10.452389
     -3.400000     10.984411
     -3.390000     11.313758
     -3.380000     11.381480
     -3.370000     11.171117
     -3.360000     10.711581
     -3.350000     10.068101
     -3.340000      9.325179
     -3.330000      8.568079
     -3.320000      7.868683
     -3.310000      7.278574
     -3.300000      6.828950
     -3.290000      6.535085
     -3.280000      6.402551
     -3.270000      6.432919
     -3.260000      6.627178
     -3.250000      6.985678
     -3.240000      7.504112
     -3.230000      8.166294
     -3.220000      8.936131
     -3.210000      9.752561
     -3.200000     10.531466
     -3.190000     11.177059
     -3.180000     11.601832
     -3.170000     11.750125
     -3.160000     11.617573
     -3.150000     11.258808
     -3.140000     10.779234
     -3.130000     10.311888
     -3.120000      9.985340
     -3.110000      9.891728
     -3.100000     10.064646
     -3.090000     10.474306
     -3.080000     11.041912
     -3.070000     11.667526
     -3.060000     12.259350
     -3.050000     12.751625
     -3.040000     13.105277
     -3.030000     13.296470
     -3.020000     13.306029
     -3.010000     13.121078
     -3.000000     12.750106
     -2.990000     12.241476
     -2.980000     11.691647
     -2.970000     11.235264
     -2.960000     11.019544
     -2.950000     11.171956
     -2.940000     11.769846
     -2.930000     12.816566
     -2.920000     14.226834
     -2.910000     15.826324
     -2.900000     17.372602
     -2.890000     18.600595
     -2.880000     19.284705
     -2.870000     19.298008
     -2.860000     18.645995
     -2.850000     17.461999
     -2.840000     15.968380
     -2.830000     14.420904
     -2.820000     13.056058
     -2.810000     12.053083
     -2.800000     11.512131
     -2.790000     11.444716
     -2.780000     11.774748
     -2.770000     12.353238
     -2.760000     12.990676
     -2.750000     13.504807
     -2.740000     13.771379
     -2.730000     13.759042
     -2.720000     13.532793
     -2.710000     13.222796
     -2.700000     12.970307
     -2.690000     12.871883
     -2.680000     12.942949
     -2.670000     13.113374
     -2.660000     13.255107
     -2.650000     13.230042
     -2.640000     12.939112
     -2.630000     12.353903
     -2.620000     11.520297
     -2.610000     10.536400
     -2.600000      9.517881
     -2.590000      8.567107
     -2.580000      7.756785
     -2.570000      7.128644
     -2.560000      6.699762
     -2.550000      6.467844
     -2.540000      6.411323
     -2.530000      6.486469
     -2.520000      6.627286
     -2.510000      6.753212
     -2.500000      6.785571
     -2.490000      6.668793
     -2.480000      6.389202
     -2.470000      5.983836
     -2.460000      5.534631
     -2.450000      5.148078
     -2.440000      4.925652
     -2.430000      4.933945
     -2.420000      5.184280
     -2.410000      5.628984
     -2.400000      6.176073
     -2.390000      6.717498
     -2.380000      7.161013
     -2.370000      7.454364
     -2.360000      7.593829
     -2.350000      7.615933
     -2.340000      7.578382
     -2.330000      7.540587
     -2.320000      7.553205
     -2.310000      7.659880
     -2.300000      7.905878
     -2.290000      8.342350
     -2.280000      9.016255
     -2.270000      9.945229
     -2.260000     11.088968
     -2.250000     12.335736
     -2.240000     13.517971
     -2.230000     14.455939
     -2.220000     15.011936
     -2.210000     15.130695
     -2.200000     14.849103
     -2.190000     14.274969
     -2.180000     13.549207
     -2.170000     12.809569
     -2.160000     12.166897
     -2.150000     11.694202
     -2.140000     11.422785
     -2.130000     11.340919
     -2.120000     11.395596
     -2.110000     11.500973
     -2.100000     11.555614
     -2.090000     11.465977
     -2.080000     11.169487
     -2.070000     10.649637
     -2.060000      9.938301
     -2.050000      9.105038
     -2.040000      8.237551
     -2.030000      7.419835
     -2.020000      6.714487
     -2.010000      6.153514
     -2.000000      5.738879
     -1.990000      5.450961
     -1.980000      5.260893
     -1.970000      5.142067
     -1.960000      5.077258
     -1.950000      5.060498
     -1.940000      5.095712
     -1.930000      5.195420
     -1.920000      5.381403
     -1.910000      5.685830
     -1.900000      6.148454
     -1.890000      6.805810
     -1.880000      7.672843
     -1.870000      8.723982
     -1.860000      9.884897
     -1.850000     11.044025
     -1.840000     12.083941
     -1.830000     12.920980
     -1.820000     13.534618
     -1.810000     13.971114
     -1.800000     14.318348
     -1.790000     14.663873
     -1.780000     15.057159
     -1.770000     15.494633
     -1.760000     15.933579
     -1.750000     16.325029
     -1.740000     16.645365
     -1.730000     16.907508
     -1.720000     17.145182
     -1.710000     17.380486
     -1.700000     17.595471
     -1.690000     17.725818
     -1.680000     17.681057
     -1.670000     17.380348
     -1.660000     16.785418
     -1.650000     15.916109
     -1.640000     14.844596
     -1.630000     13.674184
     -1.620000     12.512686
     -1.610000     11.449139
     -1.600000     10.538838
     -1.590000      9.798286
     -1.580000      9.209350
     -1.570000      8.730369
     -1.560000      8.310856
     -1.550000      7.905819
     -1.540000      7.486030
     -1.530000      7.041939
     -1.520000      6.581139
     -1.510000      6.121629
     -1.500000      5.684464
     -1.490000      5.289092
     -1.480000      4.952742
     -1.470000      4.692778
     -1.460000      4.529309
     -1.450000      4.485481
     -1.440000      4.584716
     -1.430000      4.846614
     -1.420000      5.284706
     -1.410000      5.908358
     -1.400000      6.727696
     -1.390000      7.756260
     -1.380000      9.004411
     -1.370000     10.460181
     -1.360000     12.062932
     -1.350000     13.684346
     -1.340000     15.133894
     -1.330000     16.197765
     -1.320000     16.703737
     -1.310000     16.588367
     -1.300000     15.936999
     -1.290000     14.975246
     -1.280000     14.008813
     -1.270000     13.328270
     -1.260000     13.109347
     -1.250000     13.343961
     -1.240000     13.830877
     -1.230000     14.236807
     -1.220000     14.211536
     -1.210000     13.514452
     -1.200000     12.100006
     -1.190000     10.126070
     -1.180000      7.885774
     -1.170000      5.699352
     -1.160000      3.816440
     -1.150000      2.365273
     -1.140000      1.355792
     -1.130000      0.718454
     -1.120000      0.351905
     -1.110000      0.159470
     -1.100000      0.067428
     -1.090000      0.028275
     -1.080000      0.016128
     -1.070000      0.020471
     -1.060000      0.041639
     -1.050000      0.088865
     -1.040000      0.180186
     -1.030000      0.342706
     -1.020000      0.611520
     -1.010000      1.025847
     -1.000000      1.621850
     -0.990000      2.422901
     -0.980000      3.429565
     -0.970000      4.612453
     -0.960000      5.911212
     -0.950000      7.241841
     -0.940000      8.512379
     -0.930000      9.643869
     -0.920000     10.590116
     -0.910000     11.347912
     -0.900000     11.951027
     -0.890000     12.447372
     -0.880000     12.867393
     -0.870000     13.198310
     -0.860000     13.378670
     -0.850000     13.319105
     -0.840000     12.942187
     -0.830000     12.223975
     -0.820000     11.218647
     -0.810000     10.056251
     -0.800000      8.916515
     -0.790000      7.990989
     -0.780000      7.446650
     -0.770000      7.397985
     -0.760000      7.887380
     -0.750000      8.871464
     -0.740000     10.215054
     -0.730000     11.700294
     -0.720000     13.059479
     -0.710000     14.032021
     -0.700000     14.432128
     -0.690000     14.202981
     -0.680000     13.434238
     -0.670000     12.333993
     -0.660000     11.166165
     -0.650000     10.178087
     -0.640000      9.543520
     -0.630000      9.335197
     -0.620000      9.526716
     -0.610000     10.014239
     -0.600000     10.646944
     -0.590000     11.258573
     -0.580000     11.696247
     -0.570000     11.844242
     -0.560000     11.640228
     -0.550000     11.081413
     -0.540000     10.219433
     -0.530000      9.145469
     -0.520000      7.969644
     -0.510000      6.799990
     -0.500000      5.725693
     -0.490000      4.807380
     -0.480000      4.074857
     -0.470000      3.530841
     -0.460000      3.158263
     -0.450000      2.928647
     -0.440000      2.809631
     -0.430000      2.770633
     -0.420000      2.786465
     -0.410000      2.839009
     -0.400000      2.917130
     -0.390000      3.015078
     -0.380000      3.129909
     -0.370000      3.258636
     -0.360000      3.395610
     -0.350000      3.530395
     -0.340000      3.646665
     -0.330000      3.723283
     -0.320000      3.738801
     -0.310000      3.679511
     -0.300000      3.549220
     -0.290000      3.377619
     -0.280000      3.224438
     -0.270000      3.177907
     -0.260000      3.347176
     -0.250000      3.848285
     -0.240000      4.783205
     -0.230000      6.212876
     -0.220000      8.129070
     -0.210000     10.434469
     -0.200000     12.942162
     -0.190000     15.401768
     -0.180000     17.549756
     -0.170000     19.169972
     -0.160000     20.143018
     -0.150000     20.464834
     -0.140000     20.226691
     -0.130000     19.566130
     -0.120000     18.612402
     -0.110000     17.451899
     -0.100000     16.126521
     -0.090000     14.658211
     -0.080000     13.078718
     -0.070000     11.444283
     -0.060000      9.828632
     -0.050000      8.303179
     -0.040000      6.919699
     -0.030000      5.705290
     -0.020000      4.668842
     -0.010000      3.811214
      0.000000      3.131661
      0.010000      2.628313
      0.020000      2.295465
      0.030000      2.121892
      0.040000      2.092555
      0.050000      2.193246
      0.060000      2.415896
      0.070000      2.761965
      0.080000      3.242004
      0.090000      3.870312
      0.100000      4.654641
      0.110000      5.582567
      0.120000      6.608637
      0.130000      7.648585
      0.140000      8.586601
      0.150000      9.297468
      0.160000      9.678248
      0.170000      9.678062
      0.180000      9.313650
      0.190000      8.664131
      0.200000      7.847724
      0.210000      6.990624
      0.220000      6.199925
      0.230000      5.548326
      0.240000      5.071724
      0.250000      4.775513
      0.260000      4.643554
      0.270000      4.645235
      0.280000      4.739315
      0.290000      4.876413
      0.300000      5.003593
      0.310000      5.073536
      0.320000      5.057559
      0.330000      4.957824
      0.340000      4.811913
      0.350000      4.684541
      0.360000      4.646604
      0.370000      4.748564
      0.380000      4.999473
      0.390000      5.361640
      0.400000      5.764101
      0.410000      6.129126
      0.420000      6.399945
      0.430000      6.558169
      0.440000      6.625324
      0.450000      6.650642
      0.460000      6.692172
      0.470000      6.798519
      0.480000      6.995493
      0.490000      7.278764
      0.500000      7.612409
      0.510000      7.933851
      0.520000      8.166093
      0.530000      8.236809
      0.540000      8.100561
      0.550000      7.757529
      0.560000      7.261892
      0.570000      6.716483
      0.580000      6.255539
      0.590000      6.020980
      0.600000      6.137336
      0.610000      6.687271
      0.620000      7.687472
      0.630000      9.067038
      0.640000     10.656683
      0.650000     12.201366
      0.660000     13.404805
      0.670000     14.000370
      0.680000     13.826313
      0.690000     12.875593
      0.700000     11.298864
      0.710000      9.359589
      0.720000      7.360754
      0.730000      5.571533
      0.740000      4.176574
      0.750000      3.256598
      0.760000      2.796076
      0.770000      2.707741
      0.780000      2.864067
      0.790000      3.128823
      0.800000      3.383952
      0.810000      3.547953
      0.820000      3.583022
      0.830000      3.490818
      0.840000      3.299961
      0.850000      3.050672
      0.860000      2.781688
      0.870000      2.522411
      0.880000      2.290477
      0.890000      2.093191
      0.900000      1.930761
      0.910000      1.799620
      0.920000      1.694811
      0.930000      1.611163
      0.940000      1.543738
      0.950000      1.488366
      0.960000      1.442913
      0.970000      1.409328
      0.980000      1.396158
      0.990000      1.421246
      1.000000      1.514416
      1.010000      1.719270
      1.020000      2.091748
      1.030000      2.692231
      1.040000      3.569550
      1.050000      4.740267
      1.060000      6.172355
      1.070000      7.784281
      1.080000      9.464371
      1.090000     11.103104
      1.100000     12.620312
      1.110000     13.969571
      1.120000     15.115765
      1.130000     16.001141
      1.140000     16.525952
      1.150000     16.563160
      1.160000     16.005611
      1.170000     14.822664
      1.180000     13.095773
      1.190000     11.013480
      1.200000      8.827981
      1.210000      6.793964
      1.220000      5.115598
      1.230000      3.918524
      1.240000      3.248161
      1.250000      3.083569
      1.260000      3.353622
      1.270000      3.948495
      1.280000      4.728456
      1.290000      5.536816
      1.300000      6.221574
      1.310000      6.662938
      1.320000      6.797218
      1.330000      6.626595
      1.340000      6.209943
      1.350000      5.638682
      1.360000      5.008008
      1.370000      4.394405
      1.380000      3.845454
      1.390000      3.381347
      1.400000      3.002994
      1.410000      2.700983
      1.420000      2.461925
      1.430000      2.271671
      1.440000      2.116747
      1.450000      1.985430
      1.460000      1.868963
      1.470000      1.762392
      1.480000      1.664318
      1.490000      1.575395
      1.500000      1.496271
      1.510000      1.426077
      1.520000      1.362229
      1.530000      1.301507
      1.540000      1.241603
      1.550000      1.182130
      1.560000      1.124474
      1.570000      1.070597
      1.580000      1.021570
      1.590000      0.976758
      1.600000      0.934164
      1.610000      0.891643
      1.620000      0.848125
      1.630000      0.804021
      1.640000      0.760593
      1.650000      0.718770
      1.660000      0.678193
      1.670000      0.637046
      1.680000      0.592704
      1.690000      0.542794
      1.700000      0.486137
      1.710000      0.423241
      1.720000      0.356261
      1.730000      0.288569
      1.740000      0.224100
      1.750000      0.166620
      1.760000      0.119079
      1.770000      0.083153
      1.780000      0.059106
      1.790000      0.045969
      1.800000      0.041972
      1.810000      0.045046
      1.820000      0.053243
      1.830000      0.064937
      1.840000      0.078793
      1.850000      0.093621
      1.860000      0.108285
      1.870000      0.121845
      1.880000      0.133885
      1.890000      0.144798
      1.900000      0.155699
      1.910000      0.167862
      1.920000      0.181926
      1.930000      0.197394
      1.940000      0.212844
      1.950000      0.226797
      1.960000      0.238738
      1.970000      0.249554
      1.980000      0.261043
      1.990000      0.274736
      2.000000      0.290821
      2.010000      0.307926
      2.020000      0.323969
      2.030000      0.337553
      2.040000      0.348959
      2.050000      0.360033
      2.060000      0.373013
      2.070000      0.389056
      2.080000      0.407508
      2.090000      0.426469
      2.100000      0.444347
      2.110000      0.461393
      2.120000      0.480169
      2.130000      0.504559
      2.140000      0.537887
      2.150000      0.581291
      2.160000      0.633320
      2.170000      0.690888
      2.180000      0.750887
      2.190000      0.811352
      2.200000      0.871504
      2.210000      0.930884
      2.220000      0.988413
      2.230000      1.042282
      2.240000      1.090813
      2.250000      1.133662
      2.260000      1.172391
      2.270000      1.209882
      2.280000      1.248884
      2.290000      1.290673
      2.300000      1.334696
      2.310000      1.379463
      2.320000      1.424011
      2.330000      1.468921
      2.340000      1.516198
      2.350000      1.568307
      2.360000      1.627363
      2.370000      1.695509
      2.380000      1.776558
      2.390000      1.877944
      2.400000      2.011593
      2.410000      2.192845
      2.420000      2.437589
      2.430000      2.758419
      2.440000      3.160615
      2.450000      3.638484
      2.460000      4.172633
      2.470000      4.729189
      2.480000      5.262284
      2.490000      5.720491
      2.500000      6.056245
      2.510000      6.235454
      2.520000      6.243868
      2.530000      6.087991
      2.540000      5.790893
      2.550000      5.385595
      2.560000      4.909178
      2.570000      4.399420
      2.580000      3.893633
      2.590000      3.428074
      2.600000      3.036536
      2.610000      2.747844
      2.620000      2.583012
      2.630000      2.552951
      2.640000      2.657169
      2.650000      2.883438
      2.660000      3.208612
      2.670000      3.601213
      2.680000      4.026550
      2.690000      4.454019
      2.700000      4.864508
      2.710000      5.254579
      2.720000      5.634820
      2.730000      6.022441
      2.740000      6.431357
      2.750000      6.864701
      2.760000      7.313707
      2.770000      7.763838
      2.780000      8.205476
      2.790000      8.644113
      2.800000      9.104656
      2.810000      9.626292
      2.820000     10.247608
      2.830000     10.985437
      2.840000     11.814067
      2.850000     12.653077
      2.860000     13.371134
      2.870000     13.809158
      2.880000     13.819503
      2.890000     13.310418
      2.900000     12.280378
      2.910000     10.828465
      2.920000      9.135286
      2.930000      7.420507
      2.940000      5.891964
      2.950000      4.702902
      2.960000      3.928414
      2.970000      3.563591
      2.980000      3.539145
      2.990000      3.747288
      3.000000      4.070486
      3.010000      4.406683
      3.020000      4.686176
      3.030000      4.877728
      3.040000      4.984746
      3.050000      5.035079
      3.060000      5.069026
      3.070000      5.129118
      3.080000      5.253217
      3.090000      5.470679
      3.100000      5.800268
      3.110000      6.248374
      3.120000      6.806539
      3.130000      7.448461
      3.140000      8.128029
      3.150000      8.780793
      3.160000      9.330517
      3.170000      9.700342
      3.180000      9.825731
      3.190000      9.665651
      3.200000      9.209577
      3.210000      8.479832
      3.220000      7.529733
      3.230000      6.437580
      3.240000      5.296131
      3.250000      4.198127
      3.260000      3.220745
      3.270000      2.413516
      3.280000      1.793639
      3.290000      1.349732
      3.300000      1.051571
      3.310000      0.861595
      3.320000      0.744295
      3.330000      0.671529
      3.340000      0.623866
      3.350000      0.589302
      3.360000      0.560955
      3.370000      0.534892
      3.380000      0.508612
      3.390000      0.480197
      3.400000      0.448011
      3.410000      0.410780
      3.420000      0.367969
      3.430000      0.320308
      3.440000      0.270299
      3.450000      0.222602
      3.460000      0.184397
      3.470000      0.165923
      3.480000      0.181350
      3.490000      0.249763
      3.500000      0.395462
      3.510000      0.646464
      3.520000      1.030296
      3.530000      1.567234
      3.540000      2.262677
      3.550000      3.101525
      3.560000      4.047192
      3.570000      5.045987
      3.580000      6.034972
      3.590000      6.949939
      3.600000      7.731180
      3.610000      8.327781
      3.620000      8.703406
      3.630000      8.845610
      3.640000      8.776371
      3.650000      8.557018
      3.660000      8.280312
      3.670000      8.047642
      3.680000      7.937599
      3.690000      7.978397
      3.700000      8.136620
      3.710000      8.328313
      3.720000      8.448910
      3.730000      8.410618
      3.740000      8.173278
      3.750000      7.758034
      3.760000      7.240392
      3.770000      6.726761
      3.780000      6.323382
      3.790000      6.107506
      3.800000      6.108604
      3.810000      6.303867
      3.820000      6.628204
      3.830000      6.994934
      3.840000      7.320080
      3.850000      7.542074
      3.860000      7.630943
      3.870000      7.585994
      3.880000      7.426043
      3.890000      7.178518
      3.900000      6.872270
      3.910000      6.535267
      3.920000      6.195206
      3.930000      5.880225
      3.940000      5.617998
      3.950000      5.433186
      3.960000      5.344154
      3.970000      5.359907
      3.980000      5.477834
      3.990000      5.682610
      4.000000      5.946635
      4.010000      6.232389
      4.020000      6.496869
      4.030000      6.697780
      4.040000      6.800577
      4.050000      6.784872
      4.060000      6.648450
      4.070000      6.407538
      4.080000      6.093119
      4.090000      5.744555
      4.100000      5.402747
      4.110000      5.104773
      4.120000      4.880852
      4.130000      4.753291
      4.140000      4.736588
      4.150000      4.837836
      4.160000      5.056558
      4.170000      5.383105
      4.180000      5.795273
      4.190000      6.254261
      4.200000      6.702797
      4.210000      7.068686
      4.220000      7.275337
      4.230000      7.257554
      4.240000      6.977891
      4.250000      6.437872
      4.260000      5.679916
      4.270000      4.778972
      4.280000      3.826440
      4.290000      2.911417
      4.300000      2.104890
      4.310000      1.450991
      4.320000      0.966539
      4.330000      0.647013
      4.340000      0.475247
      4.350000      0.429023
      4.360000      0.485261
      4.370000      0.620692
      4.380000      0.810737
      4.390000      1.028943
      4.400000      1.248544
      4.410000      1.446069
      4.420000      1.605356
      4.430000      1.719923
      4.440000      1.792589
      4.450000      1.832829
      4.460000      1.853419
      4.470000      1.867758
      4.480000      1.888249
      4.490000      1.925233
      4.500000      1.986037
      4.510000      2.074392
      4.520000      2.190917
      4.530000      2.334909
      4.540000      2.506640
      4.550000      2.708807
      4.560000      2.946178
      4.570000      3.223557
      4.580000      3.542924
      4.590000      3.900605
      4.600000      4.284950
      4.610000      4.674914
      4.620000      5.040407
      4.630000      5.345583
      4.640000      5.555663
      4.650000      5.646279
      4.660000      5.612461
      4.670000      5.473543
      4.680000      5.271213
      4.690000      5.060577
      4.700000      4.897204
      4.710000      4.824990
      4.720000      4.869165
      4.730000      5.035964
      4.740000      5.317065
      4.750000      5.694785
      4.760000      6.144651
      4.770000      6.634500
      4.780000      7.122059
      4.790000      7.554293
      4.800000      7.871128
      4.810000      8.014356
      4.820000      7.940236
      4.830000      7.632341
      4.840000      7.109992
      4.850000      6.428050
      4.860000      5.666520
      4.870000      4.912555
      4.880000      4.241118
      4.890000      3.701234
      4.900000      3.312039
      4.910000      3.068191
      4.920000      2.950490
      4.930000      2.936428
      4.940000      3.006892
      4.950000      3.147894
      4.960000      3.348387
      4.970000      3.596187
      4.980000      3.873936
      4.990000      4.156516
      5.000000      4.410913
