# EIG2DOS: Utility for SIESTA to obtain the electronic density of states
#
#                                                  Emilio Artacho, Apr. 1999
# --------------------------------------------------------------------------
# Nbands, Nspin, Nk   =    936     1   352
# E_F                 =    -5.8550 eV
# Broadening          =     0.0500 eV
# Number of electrons =   151.5114  151.8468 per cell
#
#        E            N
# --------------------------------------------------------------------------
     -5.000000     13.975102
     -4.990000     13.202334
     -4.980000     12.672553
     -4.970000     12.406136
     -4.960000     12.412136
     -4.950000     12.683793
     -4.940000     13.186122
     -4.930000     13.844497
     -4.920000     14.545777
     -4.910000     15.158846
     -4.900000     15.570712
     -4.890000     15.723559
     -4.880000     15.634623
     -4.870000     15.387764
     -4.860000     15.099767
     -4.850000     14.877287
     -4.840000     14.784304
     -4.830000     14.832849
     -4.820000     14.996341
     -4.810000     15.233201
     -4.800000     15.504883
     -4.790000     15.778263
     -4.780000     16.013529
     -4.770000     16.148826
     -4.760000     16.096287
     -4.750000     15.758490
     -4.740000     15.062303
     -4.730000     13.995109
     -4.720000     12.623965
     -4.710000     11.085192
     -4.700000      9.546911
     -4.690000      8.161167
     -4.680000      7.026789
     -4.670000      6.176903
     -4.660000      5.591558
     -4.650000      5.224810
     -4.640000      5.032084
     -4.630000      4.987337
     -4.620000      5.086132
     -4.610000      5.336705
     -4.600000      5.744873
     -4.590000      6.300378
     -4.580000      6.971743
     -4.570000      7.713269
     -4.560000      8.481744
     -4.550000      9.254444
     -4.540000     10.038125
     -4.530000     10.863281
     -4.520000     11.766661
     -4.510000     12.771988
     -4.500000     13.878795
     -4.490000     15.062296
     -4.480000     16.278917
     -4.470000     17.469454
     -4.460000     18.557048
     -4.450000     19.445678
     -4.440000     20.028951
     -4.430000     20.213983
     -4.420000     19.954182
     -4.410000     19.275638
     -4.400000     18.281829
     -4.390000     17.130990
     -4.380000     15.993839
     -4.370000     15.008570
     -4.360000     14.250226
     -4.350000     13.723699
     -4.340000     13.378800
     -4.330000     13.137841
     -4.320000     12.924103
     -4.310000     12.682644
     -4.300000     12.389899
     -4.290000     12.052504
     -4.280000     11.697904
     -4.270000     11.360286
     -4.260000     11.066080
     -4.250000     10.823363
     -4.240000     10.618456
     -4.230000     10.420649
     -4.220000     10.193360
     -4.210000      9.907962
     -4.200000      9.555681
     -4.190000      9.153439
     -4.180000      8.741492
     -4.170000      8.373812
     -4.160000      8.105091
     -4.150000      7.979241
     -4.140000      8.022428
     -4.130000      8.240622
     -4.120000      8.619830
     -4.110000      9.128016
     -4.100000      9.719619
     -4.090000     10.343956
     -4.080000     10.956508
     -4.070000     11.528965
     -4.060000     12.052937
     -4.050000     12.534728
     -4.040000     12.982926
     -4.030000     13.394171
     -4.020000     13.743430
     -4.010000     13.983535
     -4.000000     14.055529
     -3.990000     13.907481
     -3.980000     13.515741
     -3.970000     12.900417
     -3.960000     12.127859
     -3.950000     11.297512
     -3.940000     10.517166
     -3.930000      9.875667
     -3.920000      9.422852
     -3.910000      9.162458
     -3.900000      9.057924
     -3.890000      9.046739
     -3.880000      9.057971
     -3.870000      9.028977
     -3.860000      8.918967
     -3.850000      8.717793
     -3.840000      8.448500
     -3.830000      8.162857
     -3.820000      7.930754
     -3.810000      7.826385
     -3.800000      7.915015
     -3.790000      8.243235
     -3.780000      8.833195
     -3.770000      9.679214
     -3.760000     10.745083
     -3.750000     11.962555
     -3.740000     13.234233
     -3.730000     14.444430
     -3.720000     15.478233
     -3.710000     16.243783
     -3.700000     16.689418
     -3.690000     16.808771
     -3.680000     16.632408
     -3.670000     16.210924
     -3.660000     15.597891
     -3.650000     14.840175
     -3.640000     13.978621
     -3.630000     13.056407
     -3.620000     12.128332
     -3.610000     11.264075
     -3.600000     10.542127
     -3.590000     10.036271
     -3.580000      9.800288
     -3.570000      9.856988
     -3.560000     10.195325
     -3.550000     10.775807
     -3.540000     11.541293
     -3.530000     12.428463
     -3.520000     13.375362
     -3.510000     14.322685
     -3.500000     15.210345
     -3.490000     15.974353
     -3.480000     16.549769
     -3.470000     16.882175
     -3.460000     16.944127
     -3.450000     16.748105
     -3.440000     16.347456
     -3.430000     15.822664
     -3.420000     15.258802
     -3.410000     14.725506
     -3.400000     14.269097
     -3.390000     13.918421
     -3.380000     13.696782
     -3.370000     13.628536
     -3.360000     13.733009
     -3.350000     14.007776
     -3.340000     14.411832
     -3.330000     14.861287
     -3.320000     15.244566
     -3.310000     15.453858
     -3.300000     15.420514
     -3.290000     15.139129
     -3.280000     14.669802
     -3.270000     14.117922
     -3.260000     13.600501
     -3.250000     13.212613
     -3.240000     13.005416
     -3.230000     12.980851
     -3.220000     13.101497
     -3.210000     13.309958
     -3.200000     13.550545
     -3.190000     13.785987
     -3.180000     14.003380
     -3.170000     14.207497
     -3.160000     14.405456
     -3.150000     14.591630
     -3.140000     14.741860
     -3.130000     14.820549
     -3.120000     14.796346
     -3.110000     14.657314
     -3.100000     14.417604
     -3.090000     14.113143
     -3.080000     13.789287
     -3.070000     13.485601
     -3.060000     13.222148
     -3.050000     12.990605
     -3.040000     12.753250
     -3.030000     12.452508
     -3.020000     12.030830
     -3.010000     11.455466
     -3.000000     10.738066
     -2.990000      9.939038
     -2.980000      9.152714
     -2.970000      8.478695
     -2.960000      7.991996
     -2.950000      7.725090
     -2.940000      7.668426
     -2.930000      7.786324
     -2.920000      8.037987
     -2.910000      8.392503
     -2.900000      8.831783
     -2.890000      9.342845
     -2.880000      9.906439
     -2.870000     10.490032
     -2.860000     11.049934
     -2.850000     11.541920
     -2.840000     11.935029
     -2.830000     12.221578
     -2.820000     12.418372
     -2.810000     12.558513
     -2.800000     12.677534
     -2.790000     12.799653
     -2.780000     12.929284
     -2.770000     13.050579
     -2.760000     13.135163
     -2.750000     13.155859
     -2.740000     13.101995
     -2.730000     12.990385
     -2.720000     12.866546
     -2.710000     12.793904
     -2.700000     12.833640
     -2.690000     13.022018
     -2.680000     13.353414
     -2.670000     13.775564
     -2.660000     14.199678
     -2.650000     14.523154
     -2.640000     14.657860
     -2.630000     14.554192
     -2.620000     14.212204
     -2.610000     13.676661
     -2.600000     13.020171
     -2.590000     12.323305
     -2.580000     11.659841
     -2.570000     11.090153
     -2.560000     10.660407
     -2.550000     10.403314
     -2.540000     10.337955
     -2.530000     10.468909
     -2.520000     10.785949
     -2.510000     11.264574
     -2.500000     11.866770
     -2.490000     12.542084
     -2.480000     13.230980
     -2.470000     13.873097
     -2.460000     14.420745
     -2.450000     14.853657
     -2.440000     15.187514
     -2.430000     15.469243
     -2.420000     15.757364
     -2.410000     16.093504
     -2.400000     16.477400
     -2.390000     16.857886
     -2.380000     17.145626
     -2.370000     17.242638
     -2.360000     17.075229
     -2.350000     16.615806
     -2.340000     15.885912
     -2.330000     14.943115
     -2.320000     13.861815
     -2.310000     12.718487
     -2.300000     11.586116
     -2.290000     10.535134
     -2.280000      9.633994
     -2.270000      8.943847
     -2.260000      8.506874
     -2.250000      8.332971
     -2.240000      8.391468
     -2.230000      8.612807
     -2.220000      8.901144
     -2.210000      9.154747
     -2.200000      9.288361
     -2.190000      9.251109
     -2.180000      9.035128
     -2.170000      8.673475
     -2.160000      8.229277
     -2.150000      7.780085
     -2.140000      7.401161
     -2.130000      7.150111
     -2.120000      7.054587
     -2.110000      7.105419
     -2.100000      7.258355
     -2.090000      7.446368
     -2.080000      7.600647
     -2.070000      7.673648
     -2.060000      7.655384
     -2.050000      7.576328
     -2.040000      7.496078
     -2.030000      7.482710
     -2.020000      7.590441
     -2.010000      7.842159
     -2.000000      8.220311
     -1.990000      8.667107
     -1.980000      9.093751
     -1.970000      9.397696
     -1.960000      9.485344
     -1.950000      9.295374
     -1.940000      8.816219
     -1.930000      8.092061
     -1.920000      7.215133
     -1.910000      6.306830
     -1.900000      5.493715
     -1.890000      4.885277
     -1.880000      4.558032
     -1.870000      4.546688
     -1.860000      4.840300
     -1.850000      5.381330
     -1.840000      6.068446
     -1.830000      6.766970
     -1.820000      7.330709
     -1.810000      7.633945
     -1.800000      7.604986
     -1.790000      7.248214
     -1.780000      6.644132
     -1.770000      5.926197
     -1.760000      5.243767
     -1.750000      4.725925
     -1.740000      4.458365
     -1.730000      4.477404
     -1.720000      4.776878
     -1.710000      5.319618
     -1.700000      6.046405
     -1.690000      6.879870
     -1.680000      7.725947
     -1.670000      8.478437
     -1.660000      9.031716
     -1.650000      9.302405
     -1.640000      9.254771
     -1.630000      8.919929
     -1.620000      8.398461
     -1.610000      7.841174
     -1.600000      7.411324
     -1.590000      7.239838
     -1.580000      7.388870
     -1.570000      7.836581
     -1.560000      8.488509
     -1.550000      9.211517
     -1.540000      9.878455
     -1.530000     10.407960
     -1.520000     10.785276
     -1.510000     11.056421
     -1.500000     11.297830
     -1.490000     11.573604
     -1.480000     11.898646
     -1.470000     12.224731
     -1.460000     12.457188
     -1.450000     12.495990
     -1.440000     12.283267
     -1.430000     11.836124
     -1.420000     11.250921
     -1.410000     10.678797
     -1.400000     10.284417
     -1.390000     10.204459
     -1.380000     10.518457
     -1.370000     11.236111
     -1.360000     12.297857
     -1.350000     13.582863
     -1.340000     14.921136
     -1.330000     16.111138
     -1.320000     16.947049
     -1.310000     17.256937
     -1.300000     16.944968
     -1.290000     16.022554
     -1.280000     14.612400
     -1.270000     12.919046
     -1.260000     11.175346
     -1.250000      9.586044
     -1.240000      8.289583
     -1.230000      7.347773
     -1.220000      6.758231
     -1.210000      6.475794
     -1.200000      6.430137
     -1.190000      6.534808
     -1.180000      6.691293
     -1.170000      6.795350
     -1.160000      6.750337
     -1.150000      6.486116
     -1.140000      5.976575
     -1.130000      5.247403
     -1.120000      4.369403
     -1.110000      3.438978
     -1.100000      2.553004
     -1.090000      1.787126
     -1.080000      1.184043
     -1.070000      0.753422
     -1.060000      0.480547
     -1.050000      0.338510
     -1.040000      0.299329
     -1.030000      0.341450
     -1.020000      0.453385
     -1.010000      0.634492
     -1.000000      0.894064
     -0.990000      1.249367
     -0.980000      1.722624
     -0.970000      2.336672
     -0.960000      3.109103
     -0.950000      4.045259
     -0.940000      5.131291
     -0.930000      6.329400
     -0.920000      7.577795
     -0.910000      8.797192
     -0.900000      9.903605
     -0.890000     10.824498
     -0.880000     11.513378
     -0.870000     11.957849
     -0.860000     12.178205
     -0.850000     12.216771
     -0.840000     12.121240
     -0.830000     11.927315
     -0.820000     11.646897
     -0.810000     11.267327
     -0.800000     10.763939
     -0.790000     10.122408
     -0.780000      9.361142
     -0.770000      8.541478
     -0.760000      7.757772
     -0.750000      7.109537
     -0.740000      6.667893
     -0.730000      6.452082
     -0.720000      6.426278
     -0.710000      6.515975
     -0.700000      6.633928
     -0.690000      6.703227
     -0.680000      6.669713
     -0.670000      6.503608
     -0.660000      6.195617
     -0.650000      5.753426
     -0.640000      5.201229
     -0.630000      4.580781
     -0.620000      3.950245
     -0.610000      3.377960
     -0.600000      2.931039
     -0.590000      2.661630
     -0.580000      2.595296
     -0.570000      2.725714
     -0.560000      3.018173
     -0.550000      3.421565
     -0.540000      3.885633
     -0.530000      4.377986
     -0.520000      4.895230
     -0.510000      5.464711
     -0.500000      6.137148
     -0.490000      6.973584
     -0.480000      8.030687
     -0.470000      9.346315
     -0.460000     10.924604
     -0.450000     12.719773
     -0.440000     14.622004
     -0.430000     16.454484
     -0.420000     17.992298
     -0.410000     19.006828
     -0.400000     19.325291
     -0.390000     18.882729
     -0.380000     17.742989
     -0.370000     16.078610
     -0.360000     14.119410
     -0.350000     12.093412
     -0.340000     10.183546
     -0.330000      8.511382
     -0.320000      7.144044
     -0.310000      6.111179
     -0.300000      5.418772
     -0.290000      5.053080
     -0.280000      4.976350
     -0.270000      5.121768
     -0.260000      5.395905
     -0.250000      5.692765
     -0.240000      5.916567
     -0.230000      6.004652
     -0.220000      5.940893
     -0.210000      5.754419
     -0.200000      5.505685
     -0.190000      5.267557
     -0.180000      5.110017
     -0.170000      5.093492
     -0.160000      5.270360
     -0.150000      5.689898
     -0.140000      6.400699
     -0.130000      7.446061
     -0.120000      8.851175
     -0.110000     10.604766
     -0.100000     12.641391
     -0.090000     14.832918
     -0.080000     16.997215
     -0.070000     18.927572
     -0.060000     20.437910
     -0.050000     21.409444
     -0.040000     21.819446
     -0.030000     21.736796
     -0.020000     21.282553
     -0.010000     20.571332
      0.000000     19.661103
      0.010000     18.537134
      0.020000     17.139087
      0.030000     15.417075
      0.040000     13.386307
      0.050000     11.150821
      0.060000      8.884486
      0.070000      6.780622
      0.080000      4.996327
      0.090000      3.616191
      0.100000      2.646265
      0.110000      2.033108
      0.120000      1.693682
      0.130000      1.542356
      0.140000      1.507625
      0.150000      1.538066
      0.160000      1.600954
      0.170000      1.677648
      0.180000      1.758683
      0.190000      1.839990
      0.200000      1.920560
      0.210000      2.001235
      0.220000      2.084092
      0.230000      2.171917
      0.240000      2.267623
      0.250000      2.373798
      0.260000      2.492636
      0.270000      2.626266
      0.280000      2.777067
      0.290000      2.947544
      0.300000      3.139734
      0.310000      3.354640
      0.320000      3.592308
      0.330000      3.852931
      0.340000      4.139289
      0.350000      4.461137
      0.360000      4.841996
      0.370000      5.326935
      0.380000      5.986370
      0.390000      6.908138
      0.400000      8.171962
      0.410000      9.808640
      0.420000     11.758023
      0.430000     13.847629
      0.440000     15.810083
      0.450000     17.341306
      0.460000     18.180413
      0.470000     18.179704
      0.480000     17.337818
      0.490000     15.788339
      0.500000     13.757100
      0.510000     11.511048
      0.520000      9.316416
      0.530000      7.411059
      0.540000      5.985860
      0.550000      5.168691
      0.560000      5.009761
      0.570000      5.473549
      0.580000      6.444864
      0.590000      7.752855
      0.600000      9.208736
      0.610000     10.644801
      0.620000     11.939610
      0.630000     13.020078
      0.640000     13.843346
      0.650000     14.372351
      0.660000     14.561485
      0.670000     14.361116
      0.680000     13.737402
      0.690000     12.695213
      0.700000     11.291477
      0.710000      9.632655
      0.720000      7.857917
      0.730000      6.114845
      0.740000      4.535852
      0.750000      3.222164
      0.760000      2.239127
      0.770000      1.622457
      0.780000      1.390350
      0.790000      1.553013
      0.800000      2.111468
      0.810000      3.042831
      0.820000      4.278263
      0.830000      5.687707
      0.840000      7.086507
      0.850000      8.269993
      0.860000      9.066578
      0.870000      9.387024
      0.880000      9.246552
      0.890000      8.749329
      0.900000      8.044007
      0.910000      7.272503
      0.920000      6.534333
      0.930000      5.877262
      0.940000      5.310228
      0.950000      4.825348
      0.960000      4.415743
      0.970000      4.082485
      0.980000      3.831688
      0.990000      3.667399
      1.000000      3.586083
      1.010000      3.575640
      1.020000      3.618499
      1.030000      3.696351
      1.040000      3.794029
      1.050000      3.901298
      1.060000      4.012785
      1.070000      4.127082
      1.080000      4.245955
      1.090000      4.373839
      1.100000      4.517131
      1.110000      4.682436
      1.120000      4.873394
      1.130000      5.086521
      1.140000      5.307548
      1.150000      5.510299
      1.160000      5.659802
      1.170000      5.719869
      1.180000      5.663209
      1.190000      5.480438
      1.200000      5.184143
      1.210000      4.805975
      1.220000      4.387793
      1.230000      3.970533
      1.240000      3.585259
      1.250000      3.249310
      1.260000      2.967596
      1.270000      2.736733
      1.280000      2.549211
      1.290000      2.396088
      1.300000      2.268410
      1.310000      2.158265
      1.320000      2.059864
      1.330000      1.970148
      1.340000      1.888306
      1.350000      1.814323
      1.360000      1.747500
      1.370000      1.685946
      1.380000      1.627267
      1.390000      1.569788
      1.400000      1.513324
      1.410000      1.458985
      1.420000      1.408188
      1.430000      1.361548
      1.440000      1.318320
      1.450000      1.276691
      1.460000      1.234758
      1.470000      1.191621
      1.480000      1.147954
      1.490000      1.105629
      1.500000      1.066520
      1.510000      1.031181
      1.520000      0.998279
      1.530000      0.965288
      1.540000      0.930093
      1.550000      0.892453
      1.560000      0.854258
      1.570000      0.818289
      1.580000      0.786281
      1.590000      0.757647
      1.600000      0.729807
      1.610000      0.699948
      1.620000      0.666954
      1.630000      0.632147
      1.640000      0.598291
      1.650000      0.567624
      1.660000      0.540335
      1.670000      0.514556
      1.680000      0.487786
      1.690000      0.458623
      1.700000      0.427556
      1.710000      0.396322
      1.720000      0.366440
      1.730000      0.338035
      1.740000      0.309739
      1.750000      0.279611
      1.760000      0.246363
      1.770000      0.210123
      1.780000      0.172402
      1.790000      0.135481
      1.800000      0.101653
      1.810000      0.072674
      1.820000      0.049533
      1.830000      0.032504
      1.840000      0.021373
      1.850000      0.015739
      1.860000      0.015293
      1.870000      0.019992
      1.880000      0.030073
      1.890000      0.045902
      1.900000      0.067712
      1.910000      0.095310
      1.920000      0.127832
      1.930000      0.163648
      1.940000      0.200512
      1.950000      0.236038
      1.960000      0.268444
      1.970000      0.297279
      1.980000      0.323659
      1.990000      0.349683
      2.000000      0.377190
      2.010000      0.406540
      2.020000      0.436308
      2.030000      0.464244
      2.040000      0.488949
      2.050000      0.511134
      2.060000      0.533437
      2.070000      0.558814
      2.080000      0.588523
      2.090000      0.621125
      2.100000      0.653264
      2.110000      0.681776
      2.120000      0.705745
      2.130000      0.727153
      2.140000      0.749701
      2.150000      0.776573
      2.160000      0.808556
      2.170000      0.843616
      2.180000      0.878115
      2.190000      0.908874
      2.200000      0.934880
      2.210000      0.957792
      2.220000      0.981067
      2.230000      1.008243
      2.240000      1.041181
      2.250000      1.079065
      2.260000      1.118627
      2.270000      1.155628
      2.280000      1.187034
      2.290000      1.212868
      2.300000      1.236631
      2.310000      1.263764
      2.320000      1.298724
      2.330000      1.342243
      2.340000      1.390524
      2.350000      1.437142
      2.360000      1.476755
      2.370000      1.508425
      2.380000      1.536473
      2.390000      1.568213
      2.400000      1.609869
      2.410000      1.663085
      2.420000      1.724074
      2.430000      1.785854
      2.440000      1.842301
      2.450000      1.891856
      2.460000      1.938995
      2.470000      1.992855
      2.480000      2.063930
      2.490000      2.160839
      2.500000      2.289104
      2.510000      2.452635
      2.520000      2.656584
      2.530000      2.908749
      2.540000      3.216898
      2.550000      3.581703
      2.560000      3.988287
      2.570000      4.401678
      2.580000      4.770663
      2.590000      5.040657
      2.600000      5.171043
      2.610000      5.149233
      2.620000      4.994647
      2.630000      4.750679
      2.640000      4.468746
      2.650000      4.192237
      2.660000      3.947542
      2.670000      3.744886
      2.680000      3.586323
      2.690000      3.475123
      2.700000      3.421393
      2.710000      3.442175
      2.720000      3.557615
      2.730000      3.785922
      2.740000      4.138524
      2.750000      4.615299
      2.760000      5.199870
      2.770000      5.856728
      2.780000      6.533050
      2.790000      7.166479
      2.800000      7.696526
      2.810000      8.074667
      2.820000      8.269322
      2.830000      8.265792
      2.840000      8.064624
      2.850000      7.681744
      2.860000      7.150580
      2.870000      6.523354
      2.880000      5.868265
      2.890000      5.261433
      2.900000      4.775098
      2.910000      4.464916
      2.920000      4.359107
      2.930000      4.451683
      2.940000      4.701792
      2.950000      5.040913
      2.960000      5.388099
      2.970000      5.670396
      2.980000      5.842174
      2.990000      5.895944
      3.000000      5.859967
      3.010000      5.783863
      3.020000      5.719158
      3.030000      5.703700
      3.040000      5.755909
      3.050000      5.879077
      3.060000      6.070979
      3.070000      6.332646
      3.080000      6.672109
      3.090000      7.102204
      3.100000      7.633934
      3.110000      8.267528
      3.120000      8.983188
      3.130000      9.733554
      3.140000     10.440686
      3.150000     11.000908
      3.160000     11.299840
      3.170000     11.236747
      3.180000     10.752688
      3.190000      9.853274
      3.200000      8.616500
      3.210000      7.180447
      3.220000      5.713293
      3.230000      4.375434
      3.240000      3.286665
      3.250000      2.508409
      3.260000      2.043841
      3.270000      1.851493
      3.280000      1.864320
      3.290000      2.007262
      3.300000      2.209966
      3.310000      2.414652
      3.320000      2.580392
      3.330000      2.684623
      3.340000      2.721949
      3.350000      2.700280
      3.360000      2.635132
      3.370000      2.543672
      3.380000      2.440210
      3.390000      2.334172
      3.400000      2.230507
      3.410000      2.131607
      3.420000      2.039497
      3.430000      1.957496
      3.440000      1.891290
      3.450000      1.849897
      3.460000      1.846890
      3.470000      1.901465
      3.480000      2.038114
      3.490000      2.283298
      3.500000      2.658247
      3.510000      3.168873
      3.520000      3.796120
      3.530000      4.491689
      3.540000      5.183449
      3.550000      5.791359
      3.560000      6.249766
      3.570000      6.528137
      3.580000      6.642048
      3.590000      6.649913
      3.600000      6.636416
      3.610000      6.688147
      3.620000      6.868713
      3.630000      7.200075
      3.640000      7.654906
      3.650000      8.162320
      3.660000      8.626140
      3.670000      8.951101
      3.680000      9.069136
      3.690000      8.957125
      3.700000      8.640332
      3.710000      8.181329
      3.720000      7.659775
      3.730000      7.151238
      3.740000      6.712132
      3.750000      6.373996
      3.760000      6.145885
      3.770000      6.020940
      3.780000      5.983015
      3.790000      6.011273
      3.800000      6.083281
      3.810000      6.178570
      3.820000      6.283730
      3.830000      6.397640
      3.840000      6.533283
      3.850000      6.712856
      3.860000      6.955928
      3.870000      7.264641
      3.880000      7.612725
      3.890000      7.944597
      3.900000      8.186916
      3.910000      8.269511
      3.920000      8.148036
      3.930000      7.819421
      3.940000      7.323928
      3.950000      6.733343
      3.960000      6.130635
      3.970000      5.589346
      3.980000      5.159739
      3.990000      4.864524
      4.000000      4.702605
      4.010000      4.657015
      4.020000      4.703511
      4.030000      4.817723
      4.040000      4.980003
      4.050000      5.177406
      4.060000      5.402366
      4.070000      5.648237
      4.080000      5.903138
      4.090000      6.144809
      4.100000      6.339366
      4.110000      6.445547
      4.120000      6.423641
      4.130000      6.246056
      4.140000      5.905625
      4.150000      5.418775
      4.160000      4.822964
      4.170000      4.170040
      4.180000      3.518121
      4.190000      2.924118
      4.200000      2.437646
      4.210000      2.096066
      4.220000      1.920364
      4.230000      1.912374
      4.240000      2.054571
      4.250000      2.313444
      4.260000      2.646215
      4.270000      3.009236
      4.280000      3.365638
      4.290000      3.690224
      4.300000      3.970744
      4.310000      4.205775
      4.320000      4.400277
      4.330000      4.560532
      4.340000      4.690577
      4.350000      4.791793
      4.360000      4.865662
      4.370000      4.917647
      4.380000      4.959136
      4.390000      5.005462
      4.400000      5.070519
      4.410000      5.160575
      4.420000      5.270287
      4.430000      5.382745
      4.440000      5.473617
      4.450000      5.518025
      4.460000      5.498028
      4.470000      5.408468
      4.480000      5.259424
      4.490000      5.074579
      4.500000      4.885917
      4.510000      4.726128
      4.520000      4.620753
      4.530000      4.582464
      4.540000      4.609493
      4.550000      4.688770
      4.560000      4.802051
      4.570000      4.931573
      4.580000      5.062071
      4.590000      5.178517
      4.600000      5.262099
      4.610000      5.288432
      4.620000      5.230704
      4.630000      5.067238
      4.640000      4.790156
      4.650000      4.410963
      4.660000      3.960402
      4.670000      3.482537
      4.680000      3.025381
      4.690000      2.631389
      4.700000      2.330569
      4.710000      2.137495
      4.720000      2.051930
      4.730000      2.061917
      4.740000      2.148013
      4.750000      2.287609
      4.760000      2.458544
      4.770000      2.641665
      4.780000      2.822485
      4.790000      2.992562
      4.800000      3.151075
      4.810000      3.306261
      4.820000      3.475422
      4.830000      3.682017
      4.840000      3.949380
      4.850000      4.292448
      4.860000      4.710362
      4.870000      5.182986
      4.880000      5.672942
      4.890000      6.132394
      4.900000      6.511971
      4.910000      6.768851
      4.920000      6.872422
      4.930000      6.807813
      4.940000      6.578407
      4.950000      6.207492
      4.960000      5.737535
      4.970000      5.224993
      4.980000      4.730402
      4.990000      4.306504
      5.000000      3.989040
