# EIG2DOS: Utility for SIESTA to obtain the electronic density of states
#
#                                                  Emilio Artacho, Apr. 1999
# --------------------------------------------------------------------------
# Nbands, Nspin, Nk   =    936     1   352
# E_F                 =    -5.3081 eV
# Broadening          =     0.0500 eV
# Number of electrons =   298.2500  298.6911 per cell
#
#        E            N
# --------------------------------------------------------------------------
    -10.000000      4.295973
     -9.980000      4.094572
     -9.960000      4.043942
     -9.940000      4.041109
     -9.920000      4.005028
     -9.900000      4.029626
     -9.880000      4.242292
     -9.860000      4.668442
     -9.840000      5.266999
     -9.820000      5.931835
     -9.800000      6.502678
     -9.780000      6.919861
     -9.760000      7.257947
     -9.740000      7.518865
     -9.720000      7.562161
     -9.700000      7.313969
     -9.680000      6.909928
     -9.660000      6.564623
     -9.640000      6.354205
     -9.620000      6.161932
     -9.600000      5.820049
     -9.580000      5.305193
     -9.560000      4.808724
     -9.540000      4.588659
     -9.520000      4.743500
     -9.500000      5.172510
     -9.480000      5.743374
     -9.460000      6.391436
     -9.440000      6.997577
     -9.420000      7.315031
     -9.400000      7.199022
     -9.380000      6.821994
     -9.360000      6.496152
     -9.340000      6.361816
     -9.320000      6.344425
     -9.300000      6.328903
     -9.280000      6.302880
     -9.260000      6.324973
     -9.240000      6.392860
     -9.220000      6.444890
     -9.200000      6.469707
     -9.180000      6.489000
     -9.160000      6.487267
     -9.140000      6.471729
     -9.120000      6.530933
     -9.100000      6.726539
     -9.080000      6.958125
     -9.060000      7.047387
     -9.040000      6.959946
     -9.020000      6.823729
     -9.000000      6.724777
     -8.980000      6.608391
     -8.960000      6.393478
     -8.940000      6.090848
     -8.920000      5.797177
     -8.900000      5.638488
     -8.880000      5.715995
     -8.860000      6.044906
     -8.840000      6.542913
     -8.820000      7.094608
     -8.800000      7.612494
     -8.780000      8.047351
     -8.760000      8.352695
     -8.740000      8.453828
     -8.720000      8.299759
     -8.700000      7.940777
     -8.680000      7.510629
     -8.660000      7.143822
     -8.640000      6.931590
     -8.620000      6.913328
     -8.600000      7.047542
     -8.580000      7.178618
     -8.560000      7.085498
     -8.540000      6.674140
     -8.520000      6.140633
     -8.500000      5.823388
     -8.480000      5.873041
     -8.460000      6.152461
     -8.440000      6.429650
     -8.420000      6.582379
     -8.400000      6.637645
     -8.380000      6.686757
     -8.360000      6.793443
     -8.340000      6.960041
     -8.320000      7.118999
     -8.300000      7.158144
     -8.280000      7.053372
     -8.260000      6.957196
     -8.240000      7.005475
     -8.220000      7.095374
     -8.200000      7.055033
     -8.180000      6.938176
     -8.160000      6.921556
     -8.140000      7.017816
     -8.120000      7.105604
     -8.100000      7.132788
     -8.080000      7.125506
     -8.060000      7.110540
     -8.040000      7.119464
     -8.020000      7.170970
     -8.000000      7.228934
     -7.980000      7.252124
     -7.960000      7.258568
     -7.940000      7.269979
     -7.920000      7.252434
     -7.900000      7.170680
     -7.880000      7.028762
     -7.860000      6.875761
     -7.840000      6.820324
     -7.820000      6.923932
     -7.800000      7.083117
     -7.780000      7.163385
     -7.760000      7.193518
     -7.740000      7.301872
     -7.720000      7.509973
     -7.700000      7.692280
     -7.680000      7.763502
     -7.660000      7.819341
     -7.640000      7.998537
     -7.620000      8.252055
     -7.600000      8.347679
     -7.580000      8.129084
     -7.560000      7.728844
     -7.540000      7.434617
     -7.520000      7.343562
     -7.500000      7.291391
     -7.480000      7.127954
     -7.460000      6.899790
     -7.440000      6.781355
     -7.420000      6.955332
     -7.400000      7.472268
     -7.380000      8.109476
     -7.360000      8.474713
     -7.340000      8.373216
     -7.320000      8.021065
     -7.300000      7.796878
     -7.280000      7.808287
     -7.260000      7.815164
     -7.240000      7.585492
     -7.220000      7.191864
     -7.200000      6.905636
     -7.180000      6.919799
     -7.160000      7.226275
     -7.140000      7.665066
     -7.120000      8.045505
     -7.100000      8.245987
     -7.080000      8.231953
     -7.060000      8.066997
     -7.040000      7.930178
     -7.020000      8.010611
     -7.000000      8.315898
     -6.980000      8.615060
     -6.960000      8.646312
     -6.940000      8.389064
     -6.920000      8.057631
     -6.900000      7.904492
     -6.880000      8.143479
     -6.860000      8.917323
     -6.840000     10.173408
     -6.820000     11.639650
     -6.800000     13.008849
     -6.780000     14.111751
     -6.760000     14.884868
     -6.740000     15.270437
     -6.720000     15.253027
     -6.700000     14.898082
     -6.680000     14.275401
     -6.660000     13.491152
     -6.640000     12.806331
     -6.620000     12.512280
     -6.600000     12.642867
     -6.580000     12.922300
     -6.560000     13.033664
     -6.540000     12.924365
     -6.520000     12.810805
     -6.500000     12.833645
     -6.480000     12.816141
     -6.460000     12.528060
     -6.440000     12.068248
     -6.420000     11.761434
     -6.400000     11.779646
     -6.380000     12.103982
     -6.360000     12.760408
     -6.340000     13.783543
     -6.320000     14.954114
     -6.300000     15.863690
     -6.280000     16.303611
     -6.260000     16.384131
     -6.240000     16.257593
     -6.220000     15.977082
     -6.200000     15.662171
     -6.180000     15.529459
     -6.160000     15.622602
     -6.140000     15.641458
     -6.120000     15.196786
     -6.100000     14.287998
     -6.080000     13.462737
     -6.060000     13.366068
     -6.040000     14.061676
     -6.020000     14.895952
     -6.000000     15.128548
     -5.980000     14.599146
     -5.960000     13.741369
     -5.940000     13.130678
     -5.920000     13.088843
     -5.900000     13.607024
     -5.880000     14.510161
     -5.860000     15.572676
     -5.840000     16.525456
     -5.820000     17.176517
     -5.800000     17.624561
     -5.780000     18.209728
     -5.760000     19.075916
     -5.740000     19.846101
     -5.720000     19.931550
     -5.700000     19.135304
     -5.680000     17.829203
     -5.660000     16.636541
     -5.640000     16.018520
     -5.620000     16.023923
     -5.600000     16.341759
     -5.580000     16.628982
     -5.560000     16.788736
     -5.540000     16.918855
     -5.520000     17.048908
     -5.500000     17.055308
     -5.480000     16.834342
     -5.460000     16.347254
     -5.440000     15.522785
     -5.420000     14.428050
     -5.400000     13.466169
     -5.380000     13.070030
     -5.360000     13.276084
     -5.340000     13.795203
     -5.320000     14.311273
     -5.300000     14.569784
     -5.280000     14.435141
     -5.260000     14.028911
     -5.240000     13.691767
     -5.220000     13.787283
     -5.200000     14.569371
     -5.180000     16.029080
     -5.160000     17.666817
     -5.140000     18.614033
     -5.120000     18.315360
     -5.100000     17.049338
     -5.080000     15.585473
     -5.060000     14.465050
     -5.040000     13.771309
     -5.020000     13.378242
     -5.000000     13.184140
     -4.980000     13.136651
     -4.960000     13.155923
     -4.940000     13.133983
     -4.920000     13.016831
     -4.900000     12.823947
     -4.880000     12.609675
     -4.860000     12.470431
     -4.840000     12.544368
     -4.820000     12.843526
     -4.800000     13.074078
     -4.780000     12.885833
     -4.760000     12.352627
     -4.740000     11.929143
     -4.720000     11.945919
     -4.700000     12.363944
     -4.680000     12.877116
     -4.660000     13.070845
     -4.640000     12.701671
     -4.620000     12.013018
     -4.600000     11.624598
     -4.580000     11.982513
     -4.560000     12.943525
     -4.540000     13.919341
     -4.520000     14.485981
     -4.500000     14.794821
     -4.480000     15.186774
     -4.460000     15.552101
     -4.440000     15.461396
     -4.420000     14.861807
     -4.400000     14.263017
     -4.380000     14.199165
     -4.360000     14.702757
     -4.340000     15.291777
     -4.320000     15.391401
     -4.300000     14.836166
     -4.280000     13.974771
     -4.260000     13.235589
     -4.240000     12.700809
     -4.220000     12.186125
     -4.200000     11.553708
     -4.180000     10.805336
     -4.160000     10.001157
     -4.140000      9.229648
     -4.120000      8.617127
     -4.100000      8.293366
     -4.080000      8.357644
     -4.060000      8.863192
     -4.040000      9.754601
     -4.020000     10.806458
     -4.000000     11.686531
     -3.980000     12.145080
     -3.960000     12.189134
     -3.940000     12.054479
     -3.920000     11.960661
     -3.900000     11.899470
     -3.880000     11.691616
     -3.860000     11.264374
     -3.840000     10.831857
     -3.820000     10.679610
     -3.800000     10.767126
     -3.780000     10.739926
     -3.760000     10.393707
     -3.740000      9.930045
     -3.720000      9.677400
     -3.700000      9.718779
     -3.680000      9.880797
     -3.660000     10.007337
     -3.640000     10.128672
     -3.620000     10.337291
     -3.600000     10.618425
     -3.580000     10.886668
     -3.560000     11.101882
     -3.540000     11.271286
     -3.520000     11.411069
     -3.500000     11.587337
     -3.480000     11.876269
     -3.460000     12.128051
     -3.440000     11.921977
     -3.420000     11.018605
     -3.400000      9.802731
     -3.380000      9.035334
     -3.360000      9.119907
     -3.340000      9.766616
     -3.320000     10.432587
     -3.300000     10.912518
     -3.280000     11.349266
     -3.260000     11.801197
     -3.240000     12.041970
     -3.220000     11.842886
     -3.200000     11.292425
     -3.180000     10.699094
     -3.160000     10.254346
     -3.140000      9.902363
     -3.120000      9.491655
     -3.100000      8.988129
     -3.080000      8.556270
     -3.060000      8.389995
     -3.040000      8.430861
     -3.020000      8.409254
     -3.000000      8.259865
     -2.980000      8.276114
     -2.960000      8.685212
     -2.940000      9.268056
     -2.920000      9.602276
     -2.900000      9.570774
     -2.880000      9.409485
     -2.860000      9.275131
     -2.840000      9.032999
     -2.820000      8.545903
     -2.800000      7.938189
     -2.780000      7.475442
     -2.760000      7.300479
     -2.740000      7.315296
     -2.720000      7.309746
     -2.700000      7.218928
     -2.680000      7.179073
     -2.660000      7.309537
     -2.640000      7.541994
     -2.620000      7.712803
     -2.600000      7.796339
     -2.580000      7.988424
     -2.560000      8.473919
     -2.540000      9.115786
     -2.520000      9.553825
     -2.500000      9.741555
     -2.480000     10.143214
     -2.460000     11.090052
     -2.440000     12.166193
     -2.420000     12.648905
     -2.400000     12.406287
     -2.380000     11.920419
     -2.360000     11.477730
     -2.340000     10.776534
     -2.320000      9.474042
     -2.300000      7.817547
     -2.280000      6.475616
     -2.260000      5.870899
     -2.240000      5.861471
     -2.220000      6.000955
     -2.200000      6.025387
     -2.180000      6.078569
     -2.160000      6.397447
     -2.140000      6.855130
     -2.120000      7.097266
     -2.100000      7.163299
     -2.080000      7.594402
     -2.060000      8.746173
     -2.040000     10.290012
     -2.020000     11.580375
     -2.000000     12.305016
     -1.980000     12.601081
     -1.960000     12.665208
     -1.940000     12.486204
     -1.920000     12.063450
     -1.900000     11.719172
     -1.880000     11.892215
     -1.860000     12.606796
     -1.840000     13.372553
     -1.820000     13.681388
     -1.800000     13.551299
     -1.780000     13.515450
     -1.760000     13.967077
     -1.740000     14.577847
     -1.720000     14.547446
     -1.700000     13.405370
     -1.680000     11.432862
     -1.660000      9.339571
     -1.640000      7.721844
     -1.620000      6.840000
     -1.600000      6.603780
     -1.580000      6.603247
     -1.560000      6.394221
     -1.540000      5.899126
     -1.520000      5.401610
     -1.500000      5.191171
     -1.480000      5.360510
     -1.460000      5.863907
     -1.440000      6.601681
     -1.420000      7.417686
     -1.400000      8.134855
     -1.380000      8.677002
     -1.360000      9.046632
     -1.340000      9.155763
     -1.320000      8.844206
     -1.300000      8.079471
     -1.280000      7.039636
     -1.260000      6.022100
     -1.240000      5.294661
     -1.220000      4.990971
     -1.200000      5.106201
     -1.180000      5.545981
     -1.160000      6.145286
     -1.140000      6.648673
     -1.120000      6.768989
     -1.100000      6.399375
     -1.080000      5.732546
     -1.060000      5.067489
     -1.040000      4.566838
     -1.020000      4.237058
     -1.000000      4.020127
     -0.980000      3.877328
     -0.960000      3.823416
     -0.940000      3.849079
     -0.920000      3.877898
     -0.900000      3.880861
     -0.880000      3.919918
     -0.860000      4.020371
     -0.840000      4.115111
     -0.820000      4.127818
     -0.800000      4.048547
     -0.780000      3.951519
     -0.760000      3.947993
     -0.740000      4.103863
     -0.720000      4.414419
     -0.700000      4.827635
     -0.680000      5.251870
     -0.660000      5.581044
     -0.640000      5.741985
     -0.620000      5.707469
     -0.600000      5.511827
     -0.580000      5.259464
     -0.560000      5.057016
     -0.540000      4.957277
     -0.520000      4.953890
     -0.500000      4.948327
     -0.480000      4.748315
     -0.460000      4.172234
     -0.440000      3.200988
     -0.420000      2.054226
     -0.400000      1.071033
     -0.380000      0.474465
     -0.360000      0.279390
     -0.340000      0.394680
     -0.320000      0.720354
     -0.300000      1.154153
     -0.280000      1.601477
     -0.260000      2.016638
     -0.240000      2.404211
     -0.220000      2.780691
     -0.200000      3.165101
     -0.180000      3.596884
     -0.160000      4.102177
     -0.140000      4.589687
     -0.120000      4.834209
     -0.100000      4.680626
     -0.080000      4.235043
     -0.060000      3.747024
     -0.040000      3.353183
     -0.020000      3.029374
      0.000000      2.737817
      0.020000      2.507253
      0.040000      2.361899
      0.060000      2.256835
      0.080000      2.135226
      0.100000      2.012122
      0.120000      1.935941
      0.140000      1.890049
      0.160000      1.816007
      0.180000      1.715040
      0.200000      1.639862
      0.220000      1.601692
      0.240000      1.557589
      0.260000      1.481816
      0.280000      1.401647
      0.300000      1.353476
      0.320000      1.325948
      0.340000      1.275250
      0.360000      1.196565
      0.380000      1.136071
      0.400000      1.111843
      0.420000      1.078852
      0.440000      1.008554
      0.460000      0.941336
      0.480000      0.912678
      0.500000      0.888337
      0.520000      0.828705
      0.540000      0.760918
      0.560000      0.725660
      0.580000      0.702897
      0.600000      0.652959
      0.620000      0.588991
      0.640000      0.547626
      0.660000      0.521650
      0.680000      0.479151
      0.700000      0.422239
      0.720000      0.376449
      0.740000      0.343995
      0.760000      0.307223
      0.780000      0.261256
      0.800000      0.215284
      0.820000      0.174231
      0.840000      0.136531
      0.860000      0.102361
      0.880000      0.076108
      0.900000      0.064665
      0.920000      0.072913
      0.940000      0.094797
      0.960000      0.114966
      0.980000      0.129994
      1.000000      0.157193
      1.020000      0.208254
      1.040000      0.268685
      1.060000      0.319567
      1.080000      0.364775
      1.100000      0.418372
      1.120000      0.476016
      1.140000      0.519802
      1.160000      0.550211
      1.180000      0.591135
      1.200000      0.650861
      1.220000      0.703446
      1.240000      0.734042
      1.260000      0.769520
      1.280000      0.830396
      1.300000      0.890693
      1.320000      0.925253
      1.340000      0.957901
      1.360000      1.017271
      1.380000      1.083868
      1.400000      1.126897
      1.420000      1.159252
      1.440000      1.213095
      1.460000      1.285055
      1.480000      1.343739
      1.500000      1.379857
      1.520000      1.422128
      1.540000      1.495969
      1.560000      1.578566
      1.580000      1.628136
      1.600000      1.658423
      1.620000      1.725840
      1.640000      1.830797
      1.660000      1.910485
      1.680000      1.947827
      1.700000      2.003711
      1.720000      2.120014
      1.740000      2.259125
      1.760000      2.373683
      1.780000      2.494235
      1.800000      2.692088
      1.820000      2.973002
      1.840000      3.266435
      1.860000      3.496900
      1.880000      3.604799
      1.900000      3.534870
      1.920000      3.288040
      1.940000      2.984182
      1.960000      2.817018
      1.980000      2.918421
      2.000000      3.272751
      2.020000      3.754628
      2.040000      4.200327
      2.060000      4.428645
      2.080000      4.308665
      2.100000      3.946069
      2.120000      3.720636
      2.140000      3.932644
      2.160000      4.435386
      2.180000      4.796225
      2.200000      4.803983
      2.220000      4.670104
      2.240000      4.724262
      2.260000      5.036597
      2.280000      5.410009
      2.300000      5.661315
      2.320000      5.800401
      2.340000      5.949935
      2.360000      6.180111
      2.380000      6.498683
      2.400000      6.998375
      2.420000      7.894606
      2.440000      9.313136
      2.460000     11.042534
      2.480000     12.538992
      2.500000     13.264968
      2.520000     13.104899
      2.540000     12.390236
      2.560000     11.500211
      2.580000     10.569660
      2.600000      9.568361
      2.620000      8.474547
      2.640000      7.348176
      2.660000      6.351326
      2.680000      5.692056
      2.700000      5.482738
      2.720000      5.648168
      2.740000      5.979621
      2.760000      6.267664
      2.780000      6.385278
      2.800000      6.303632
      2.820000      6.095179
      2.840000      5.897592
      2.860000      5.826969
      2.880000      5.938934
      2.900000      6.250919
      2.920000      6.703704
      2.940000      7.097326
      2.960000      7.201832
      2.980000      6.985107
      3.000000      6.656102
      3.020000      6.466147
      3.040000      6.506595
      3.060000      6.687604
      3.080000      6.863626
      3.100000      6.941303
      3.120000      6.871347
      3.140000      6.618548
      3.160000      6.208836
      3.180000      5.753339
      3.200000      5.372987
      3.220000      5.140033
      3.240000      5.095635
      3.260000      5.248159
      3.280000      5.533734
      3.300000      5.831949
      3.320000      6.046628
      3.340000      6.145950
      3.360000      6.115855
      3.380000      5.945665
      3.400000      5.714402
      3.420000      5.604980
      3.440000      5.742355
      3.460000      6.048125
      3.480000      6.286281
      3.500000      6.263628
      3.520000      6.001631
      3.540000      5.665494
      3.560000      5.333435
      3.580000      4.941870
      3.600000      4.444798
      3.620000      3.911560
      3.640000      3.451079
      3.660000      3.116398
      3.680000      2.925248
      3.700000      2.924050
      3.720000      3.160129
      3.740000      3.601247
      3.760000      4.135421
      3.780000      4.634043
      3.800000      4.985457
      3.820000      5.135172
      3.840000      5.130361
      3.860000      5.046482
      3.880000      4.879472
      3.900000      4.604585
      3.920000      4.301858
      3.940000      4.106496
      3.960000      4.042060
      3.980000      4.004979
      4.000000      3.927263
      4.020000      3.887989
      4.040000      4.039023
      4.060000      4.416622
      4.080000      4.847979
      4.100000      5.091754
      4.120000      5.060008
      4.140000      4.868553
      4.160000      4.701422
      4.180000      4.668402
      4.200000      4.751253
      4.220000      4.835061
      4.240000      4.829444
      4.260000      4.761683
      4.280000      4.693892
      4.300000      4.612512
      4.320000      4.478871
      4.340000      4.318337
      4.360000      4.209109
      4.380000      4.212984
      4.400000      4.314289
      4.420000      4.423957
      4.440000      4.441520
      4.460000      4.303488
      4.480000      4.035667
      4.500000      3.795850
      4.520000      3.767810
      4.540000      3.957446
      4.560000      4.163255
      4.580000      4.183686
      4.600000      4.015050
      4.620000      3.821352
      4.640000      3.739108
      4.660000      3.764607
      4.680000      3.821708
      4.700000      3.868133
      4.720000      3.912637
      4.740000      3.965793
      4.760000      4.006206
      4.780000      4.000870
      4.800000      3.941907
      4.820000      3.854196
      4.840000      3.777935
      4.860000      3.738624
      4.880000      3.724874
      4.900000      3.715055
      4.920000      3.731346
      4.940000      3.821864
      4.960000      3.964557
      4.980000      4.055705
      5.000000      4.039870
      5.020000      3.974315
      5.040000      3.929246
      5.060000      3.907449
      5.080000      3.880429
      5.100000      3.836689
      5.120000      3.786057
      5.140000      3.754564
      5.160000      3.775607
      5.180000      3.862559
      5.200000      3.984112
      5.220000      4.083334
      5.240000      4.132024
      5.260000      4.140617
      5.280000      4.107200
      5.300000      4.014445
      5.320000      3.882844
      5.340000      3.742522
      5.360000      3.564881
      5.380000      3.327511
      5.400000      3.109910
      5.420000      3.010276
      5.440000      3.016223
      5.460000      3.062700
      5.480000      3.137828
      5.500000      3.219536
      5.520000      3.219423
      5.540000      3.109350
      5.560000      3.004736
      5.580000      3.026684
      5.600000      3.148367
      5.620000      3.258464
      5.640000      3.330610
      5.660000      3.435508
      5.680000      3.605647
      5.700000      3.783310
      5.720000      3.903025
      5.740000      3.940598
      5.760000      3.880665
      5.780000      3.725440
      5.800000      3.537568
      5.820000      3.399098
      5.840000      3.322594
      5.860000      3.251091
      5.880000      3.151608
      5.900000      3.063021
      5.920000      3.037909
      5.940000      3.079874
      5.960000      3.152488
      5.980000      3.212200
      6.000000      3.223978
      6.020000      3.195475
      6.040000      3.191734
      6.060000      3.240509
      6.080000      3.250734
      6.100000      3.129308
      6.120000      2.940214
      6.140000      2.833375
      6.160000      2.856666
      6.180000      2.932364
      6.200000      2.972492
      6.220000      2.957265
      6.240000      2.933766
      6.260000      2.959428
      6.280000      3.043761
      6.300000      3.142937
      6.320000      3.194415
      6.340000      3.175375
      6.360000      3.131597
      6.380000      3.106227
      6.400000      3.076324
      6.420000      3.007918
      6.440000      2.922539
      6.460000      2.890063
      6.480000      2.978142
      6.500000      3.173209
      6.520000      3.350463
      6.540000      3.381725
      6.560000      3.258017
      6.580000      3.067968
      6.600000      2.910772
      6.620000      2.843904
      6.640000      2.844043
      6.660000      2.836047
      6.680000      2.812587
      6.700000      2.868285
      6.720000      3.079997
      6.740000      3.404270
      6.760000      3.697650
      6.780000      3.814376
      6.800000      3.698655
      6.820000      3.397477
      6.840000      3.001838
      6.860000      2.590752
      6.880000      2.216635
      6.900000      1.923191
      6.920000      1.755767
      6.940000      1.730065
      6.960000      1.814539
      6.980000      1.981406
      7.000000      2.233750
      7.020000      2.543982
      7.040000      2.825865
      7.060000      3.007080
      7.080000      3.086391
      7.100000      3.104223
      7.120000      3.081865
      7.140000      3.004190
      7.160000      2.879248
      7.180000      2.792114
      7.200000      2.825054
      7.220000      2.926824
      7.240000      2.952794
      7.260000      2.844744
      7.280000      2.691838
      7.300000      2.609725
      7.320000      2.630713
      7.340000      2.718218
      7.360000      2.818108
      7.380000      2.882513
      7.400000      2.910761
      7.420000      2.963161
      7.440000      3.056232
      7.460000      3.090194
      7.480000      2.992341
      7.500000      2.858747
      7.520000      2.822474
      7.540000      2.854191
      7.560000      2.819664
      7.580000      2.689670
      7.600000      2.588524
      7.620000      2.630956
      7.640000      2.757063
      7.660000      2.775886
      7.680000      2.607235
      7.700000      2.408270
      7.720000      2.372872
      7.740000      2.482482
      7.760000      2.555617
      7.780000      2.498168
      7.800000      2.401320
      7.820000      2.373359
      7.840000      2.381790
      7.860000      2.347739
      7.880000      2.303499
      7.900000      2.329481
      7.920000      2.399957
      7.940000      2.423795
      7.960000      2.392858
      7.980000      2.372832
      8.000000      2.388159
      8.020000      2.416460
      8.040000      2.459852
      8.060000      2.530010
      8.080000      2.583225
      8.100000      2.573233
      8.120000      2.604211
      8.140000      2.934979
      8.160000      3.702856
      8.180000      4.675264
      8.200000      5.477662
      8.220000      6.112569
      8.240000      7.004707
      8.260000      8.388244
      8.280000      9.843320
      8.300000     10.651276
      8.320000     10.523337
      8.340000      9.785263
      8.360000      8.925861
      8.380000      8.191011
      8.400000      7.625507
      8.420000      7.309817
      8.440000      7.391934
      8.460000      7.959061
      8.480000      8.982462
      8.500000     10.285177
      8.520000     11.528460
      8.540000     12.366709
      8.560000     12.672760
      8.580000     12.572595
      8.600000     12.255972
      8.620000     11.830469
      8.640000     11.437220
      8.660000     11.350776
      8.680000     11.697071
      8.700000     12.206535
      8.720000     12.600027
      8.740000     13.067889
      8.760000     13.953722
      8.780000     15.135845
      8.800000     16.133111
      8.820000     16.673291
      8.840000     16.870550
      8.860000     17.015313
      8.880000     17.397728
      8.900000     18.217136
      8.920000     19.508500
      8.940000     21.051197
      8.960000     22.296945
      8.980000     22.610939
      9.000000     21.845946
      9.020000     20.587397
      9.040000     19.631834
      9.060000     19.312149
      9.080000     19.511390
      9.100000     20.159384
      9.120000     21.344521
      9.140000     22.914900
      9.160000     24.267032
      9.180000     24.719562
      9.200000     24.093375
      9.220000     22.800820
      9.240000     21.339627
      9.260000     19.989891
      9.280000     19.027152
      9.300000     18.683320
      9.320000     18.749043
      9.340000     18.659242
      9.360000     18.048287
      9.380000     16.979115
      9.400000     15.733967
      9.420000     14.618095
      9.440000     13.947729
      9.460000     14.036687
      9.480000     14.943668
      9.500000     16.188229
      9.520000     16.982767
      9.540000     16.859331
      9.560000     15.984756
      9.580000     14.939131
      9.600000     14.198292
      9.620000     13.753404
      9.640000     13.372386
      9.660000     13.161602
      9.680000     13.495797
      9.700000     14.433582
      9.720000     15.553255
      9.740000     16.349724
      9.760000     16.588812
      9.780000     16.341161
      9.800000     15.807998
      9.820000     15.135268
      9.840000     14.433279
      9.860000     13.888951
      9.880000     13.654287
      9.900000     13.666102
      9.920000     13.729701
      9.940000     13.715901
      9.960000     13.611316
      9.980000     13.483780
     10.000000     13.455940
