# EIG2DOS: Utility for SIESTA to obtain the electronic density of states
#
#                                                  Emilio Artacho, Apr. 1999
# --------------------------------------------------------------------------
# Nbands, Nspin, Nk   =    936     1   352
# E_F                 =    -5.3008 eV
# Broadening          =     0.0500 eV
# Number of electrons =   298.4205  298.8921 per cell
#
#        E            N
# --------------------------------------------------------------------------
    -10.000000      4.898657
     -9.980000      4.824631
     -9.960000      4.776097
     -9.940000      4.766886
     -9.920000      4.865134
     -9.900000      5.110089
     -9.880000      5.437312
     -9.860000      5.740107
     -9.840000      5.974185
     -9.820000      6.165865
     -9.800000      6.369542
     -9.780000      6.638148
     -9.760000      6.957823
     -9.740000      7.174227
     -9.720000      7.082203
     -9.700000      6.662863
     -9.680000      6.157264
     -9.660000      5.860116
     -9.640000      5.875363
     -9.620000      6.053092
     -9.600000      6.140137
     -9.580000      6.017348
     -9.560000      5.800190
     -9.540000      5.706925
     -9.520000      5.846304
     -9.500000      6.135529
     -9.480000      6.397645
     -9.460000      6.503585
     -9.440000      6.426642
     -9.420000      6.227580
     -9.400000      6.007528
     -9.380000      5.844561
     -9.360000      5.786306
     -9.340000      5.873673
     -9.320000      6.097981
     -9.300000      6.364575
     -9.280000      6.569368
     -9.260000      6.683442
     -9.240000      6.727970
     -9.220000      6.726548
     -9.200000      6.716285
     -9.180000      6.747844
     -9.160000      6.845747
     -9.140000      6.992656
     -9.120000      7.155293
     -9.100000      7.297203
     -9.080000      7.356437
     -9.060000      7.270386
     -9.040000      7.059747
     -9.020000      6.827482
     -9.000000      6.651378
     -8.980000      6.524220
     -8.960000      6.405047
     -8.940000      6.293440
     -8.920000      6.223079
     -8.900000      6.190949
     -8.880000      6.144420
     -8.860000      6.051074
     -8.840000      5.942929
     -8.820000      5.893551
     -8.800000      5.981159
     -8.780000      6.264655
     -8.760000      6.754113
     -8.740000      7.366677
     -8.720000      7.932835
     -8.700000      8.296886
     -8.680000      8.396428
     -8.660000      8.243975
     -8.640000      7.921840
     -8.620000      7.593186
     -8.600000      7.378987
     -8.580000      7.206511
     -8.560000      6.903658
     -8.540000      6.448714
     -8.520000      6.026435
     -8.500000      5.845536
     -8.480000      5.969554
     -8.460000      6.308192
     -8.440000      6.716136
     -8.420000      7.080529
     -8.400000      7.335310
     -8.380000      7.457073
     -8.360000      7.471991
     -8.340000      7.406698
     -8.320000      7.239573
     -8.300000      6.971385
     -8.280000      6.703278
     -8.260000      6.560775
     -8.240000      6.558784
     -8.220000      6.594780
     -8.200000      6.577636
     -8.180000      6.530251
     -8.160000      6.541720
     -8.140000      6.640752
     -8.120000      6.756319
     -8.100000      6.799758
     -8.080000      6.757762
     -8.060000      6.704516
     -8.040000      6.719715
     -8.020000      6.791560
     -8.000000      6.842736
     -7.980000      6.855142
     -7.960000      6.903972
     -7.940000      7.053291
     -7.920000      7.263606
     -7.900000      7.439578
     -7.880000      7.554952
     -7.860000      7.672152
     -7.840000      7.822261
     -7.820000      7.916682
     -7.800000      7.833622
     -7.780000      7.596151
     -7.760000      7.401824
     -7.740000      7.436041
     -7.720000      7.687417
     -7.700000      7.966344
     -7.680000      8.082789
     -7.660000      7.989879
     -7.640000      7.780558
     -7.620000      7.581654
     -7.600000      7.444734
     -7.580000      7.342419
     -7.560000      7.269933
     -7.540000      7.271128
     -7.520000      7.347163
     -7.500000      7.441024
     -7.480000      7.515610
     -7.460000      7.559122
     -7.440000      7.559189
     -7.420000      7.547760
     -7.400000      7.593380
     -7.380000      7.702297
     -7.360000      7.798115
     -7.340000      7.815647
     -7.320000      7.776341
     -7.300000      7.749008
     -7.280000      7.741372
     -7.260000      7.681784
     -7.240000      7.536986
     -7.220000      7.394653
     -7.200000      7.382076
     -7.180000      7.533703
     -7.160000      7.772728
     -7.140000      7.992476
     -7.120000      8.128869
     -7.100000      8.183111
     -7.080000      8.190751
     -7.060000      8.166234
     -7.040000      8.110038
     -7.020000      8.054279
     -7.000000      8.040468
     -6.980000      8.075542
     -6.960000      8.125545
     -6.940000      8.110919
     -6.920000      7.969899
     -6.900000      7.795462
     -6.880000      7.834816
     -6.860000      8.308714
     -6.840000      9.269425
     -6.820000     10.607446
     -6.800000     12.138324
     -6.780000     13.664252
     -6.760000     14.927605
     -6.740000     15.598525
     -6.720000     15.517357
     -6.700000     14.900148
     -6.680000     14.111090
     -6.660000     13.363017
     -6.640000     12.788815
     -6.620000     12.557111
     -6.600000     12.695690
     -6.580000     12.944373
     -6.560000     12.963715
     -6.540000     12.671220
     -6.520000     12.287642
     -6.500000     12.049597
     -6.480000     11.973338
     -6.460000     11.948330
     -6.440000     11.950187
     -6.420000     12.071560
     -6.400000     12.402813
     -6.380000     12.938906
     -6.360000     13.588258
     -6.340000     14.241983
     -6.320000     14.820278
     -6.300000     15.275829
     -6.280000     15.582317
     -6.260000     15.737885
     -6.240000     15.799515
     -6.220000     15.871821
     -6.200000     15.987231
     -6.180000     16.041719
     -6.160000     15.919362
     -6.140000     15.622537
     -6.120000     15.230797
     -6.100000     14.792646
     -6.080000     14.350438
     -6.060000     14.081748
     -6.040000     14.248660
     -6.020000     14.868111
     -6.000000     15.555207
     -5.980000     15.821260
     -5.960000     15.479101
     -5.940000     14.735019
     -5.920000     13.955034
     -5.900000     13.407415
     -5.880000     13.210129
     -5.860000     13.426967
     -5.840000     14.157784
     -5.820000     15.503962
     -5.800000     17.354499
     -5.780000     19.199536
     -5.760000     20.323468
     -5.740000     20.278082
     -5.720000     19.151584
     -5.700000     17.486776
     -5.680000     16.015636
     -5.660000     15.287498
     -5.640000     15.356002
     -5.620000     15.822329
     -5.600000     16.222576
     -5.580000     16.391758
     -5.560000     16.500465
     -5.540000     16.777991
     -5.520000     17.226940
     -5.500000     17.617861
     -5.480000     17.710089
     -5.460000     17.445621
     -5.440000     16.981907
     -5.420000     16.554075
     -5.400000     16.255195
     -5.380000     16.005226
     -5.360000     15.771687
     -5.340000     15.622104
     -5.320000     15.511170
     -5.300000     15.287380
     -5.280000     14.971541
     -5.260000     14.816015
     -5.240000     15.041459
     -5.220000     15.627431
     -5.200000     16.346801
     -5.180000     16.901808
     -5.160000     17.053078
     -5.140000     16.770881
     -5.120000     16.327558
     -5.100000     16.119895
     -5.080000     16.275071
     -5.060000     16.453880
     -5.040000     16.129816
     -5.020000     15.100795
     -5.000000     13.691274
     -4.980000     12.447014
     -4.960000     11.733865
     -4.940000     11.618128
     -4.920000     11.923860
     -4.900000     12.347511
     -4.880000     12.649519
     -4.860000     12.778863
     -4.840000     12.825703
     -4.820000     12.874102
     -4.800000     12.845338
     -4.780000     12.558452
     -4.760000     12.050838
     -4.740000     11.654777
     -4.720000     11.625645
     -4.700000     11.888964
     -4.680000     12.221929
     -4.660000     12.493978
     -4.640000     12.683338
     -4.620000     12.771866
     -4.600000     12.671426
     -4.580000     12.305789
     -4.560000     11.805929
     -4.540000     11.500427
     -4.520000     11.620626
     -4.500000     12.113387
     -4.480000     12.759447
     -4.460000     13.339809
     -4.440000     13.711914
     -4.420000     13.900934
     -4.400000     14.152092
     -4.380000     14.759314
     -4.360000     15.678575
     -4.340000     16.308689
     -4.320000     15.919563
     -4.300000     14.432828
     -4.280000     12.546853
     -4.260000     11.023933
     -4.240000     10.113760
     -4.220000      9.676651
     -4.200000      9.537846
     -4.180000      9.602720
     -4.160000      9.814780
     -4.140000     10.107318
     -4.120000     10.363662
     -4.100000     10.449206
     -4.080000     10.333653
     -4.060000     10.171295
     -4.040000     10.195696
     -4.020000     10.502179
     -4.000000     10.996534
     -3.980000     11.566325
     -3.960000     12.169239
     -3.940000     12.694548
     -3.920000     12.904182
     -3.900000     12.671332
     -3.880000     12.187911
     -3.860000     11.808411
     -3.840000     11.738578
     -3.820000     11.910771
     -3.800000     12.087376
     -3.780000     12.054575
     -3.760000     11.753378
     -3.740000     11.239079
     -3.720000     10.560826
     -3.700000      9.805540
     -3.680000      9.245560
     -3.660000      9.214455
     -3.640000      9.729380
     -3.620000     10.397116
     -3.600000     10.820805
     -3.580000     11.007483
     -3.560000     11.271977
     -3.540000     11.792703
     -3.520000     12.357483
     -3.500000     12.568947
     -3.480000     12.246200
     -3.460000     11.574200
     -3.440000     10.904254
     -3.420000     10.485712
     -3.400000     10.377950
     -3.380000     10.521332
     -3.360000     10.810620
     -3.340000     11.109199
     -3.320000     11.275475
     -3.300000     11.255787
     -3.280000     11.134177
     -3.260000     11.003114
     -3.240000     10.811505
     -3.220000     10.465964
     -3.200000     10.049616
     -3.180000      9.768082
     -3.160000      9.670595
     -3.140000      9.573922
     -3.120000      9.289647
     -3.100000      8.846263
     -3.080000      8.461463
     -3.060000      8.300550
     -3.040000      8.284062
     -3.020000      8.196120
     -3.000000      7.987805
     -2.980000      7.870852
     -2.960000      8.039050
     -2.940000      8.371062
     -2.920000      8.548057
     -2.900000      8.468210
     -2.880000      8.354767
     -2.860000      8.371849
     -2.840000      8.364536
     -2.820000      8.134494
     -2.800000      7.767247
     -2.780000      7.512862
     -2.760000      7.472147
     -2.740000      7.533131
     -2.720000      7.546392
     -2.700000      7.474337
     -2.680000      7.387007
     -2.660000      7.339932
     -2.640000      7.284154
     -2.620000      7.149927
     -2.600000      7.001639
     -2.580000      7.023380
     -2.560000      7.325709
     -2.540000      7.847183
     -2.520000      8.491245
     -2.500000      9.286560
     -2.480000     10.346460
     -2.460000     11.632329
     -2.440000     12.745797
     -2.420000     13.118822
     -2.400000     12.572097
     -2.380000     11.548649
     -2.360000     10.652087
     -2.340000     10.075243
     -2.320000      9.586784
     -2.300000      8.969687
     -2.280000      8.301232
     -2.260000      7.817555
     -2.240000      7.691717
     -2.220000      7.997850
     -2.200000      8.735116
     -2.180000      9.756520
     -2.160000     10.729293
     -2.140000     11.296528
     -2.120000     11.309010
     -2.100000     10.895648
     -2.080000     10.373764
     -2.060000     10.089926
     -2.040000     10.210449
     -2.020000     10.617677
     -2.000000     11.102805
     -1.980000     11.612903
     -1.960000     12.167857
     -1.940000     12.623026
     -1.920000     12.733529
     -1.900000     12.474307
     -1.880000     12.139629
     -1.860000     12.037906
     -1.840000     12.183121
     -1.820000     12.406330
     -1.800000     12.640317
     -1.780000     12.873907
     -1.760000     12.905673
     -1.740000     12.403261
     -1.720000     11.268542
     -1.700000      9.779879
     -1.680000      8.311723
     -1.660000      7.068159
     -1.640000      6.128078
     -1.620000      5.562572
     -1.600000      5.395666
     -1.580000      5.530499
     -1.560000      5.810856
     -1.540000      6.144123
     -1.520000      6.492481
     -1.500000      6.763003
     -1.480000      6.836216
     -1.460000      6.721235
     -1.440000      6.568634
     -1.420000      6.529904
     -1.400000      6.687920
     -1.380000      7.081108
     -1.360000      7.684394
     -1.340000      8.322201
     -1.320000      8.640171
     -1.300000      8.301389
     -1.280000      7.307512
     -1.260000      6.055075
     -1.240000      5.017538
     -1.220000      4.415272
     -1.200000      4.183054
     -1.180000      4.161703
     -1.160000      4.253109
     -1.140000      4.428516
     -1.120000      4.687789
     -1.100000      5.031269
     -1.080000      5.415643
     -1.060000      5.735502
     -1.040000      5.890738
     -1.020000      5.877605
     -1.000000      5.787628
     -0.980000      5.710209
     -0.960000      5.657791
     -0.940000      5.593394
     -0.920000      5.501006
     -0.900000      5.405529
     -0.880000      5.339084
     -0.860000      5.303746
     -0.840000      5.267288
     -0.820000      5.199091
     -0.800000      5.105677
     -0.780000      5.012224
     -0.760000      4.918741
     -0.740000      4.821911
     -0.720000      4.767410
     -0.700000      4.804099
     -0.680000      4.903066
     -0.660000      4.984986
     -0.640000      4.999417
     -0.620000      4.942532
     -0.600000      4.829441
     -0.580000      4.695385
     -0.560000      4.599834
     -0.540000      4.553279
     -0.520000      4.443917
     -0.500000      4.107732
     -0.480000      3.496735
     -0.460000      2.755186
     -0.440000      2.126046
     -0.420000      1.802196
     -0.400000      1.830858
     -0.380000      2.089489
     -0.360000      2.364168
     -0.340000      2.507371
     -0.320000      2.519993
     -0.300000      2.470826
     -0.280000      2.384090
     -0.260000      2.241568
     -0.240000      2.053727
     -0.220000      1.880989
     -0.200000      1.794760
     -0.180000      1.838234
     -0.160000      2.022956
     -0.140000      2.342917
     -0.120000      2.753109
     -0.100000      3.139067
     -0.080000      3.375084
     -0.060000      3.427920
     -0.040000      3.353993
     -0.020000      3.204718
      0.000000      2.992250
      0.020000      2.738362
      0.040000      2.495525
      0.060000      2.305344
      0.080000      2.165744
      0.100000      2.048470
      0.120000      1.939053
      0.140000      1.848710
      0.160000      1.781212
      0.180000      1.713323
      0.200000      1.632534
      0.220000      1.560253
      0.240000      1.509034
      0.260000      1.459130
      0.280000      1.396428
      0.300000      1.331637
      0.320000      1.277089
      0.340000      1.233010
      0.360000      1.190367
      0.380000      1.136082
      0.400000      1.071979
      0.420000      1.022336
      0.440000      0.994451
      0.460000      0.955901
      0.480000      0.888554
      0.500000      0.827492
      0.520000      0.801800
      0.540000      0.778431
      0.560000      0.718576
      0.580000      0.649014
      0.600000      0.614739
      0.620000      0.598443
      0.640000      0.552459
      0.660000      0.482975
      0.680000      0.436618
      0.700000      0.417809
      0.720000      0.385582
      0.740000      0.328456
      0.760000      0.281739
      0.780000      0.263267
      0.800000      0.242542
      0.820000      0.191918
      0.840000      0.129016
      0.860000      0.087302
      0.880000      0.073615
      0.900000      0.073528
      0.920000      0.082101
      0.940000      0.111350
      0.960000      0.165644
      0.980000      0.222660
      1.000000      0.256346
      1.020000      0.274446
      1.040000      0.307501
      1.060000      0.360389
      1.080000      0.406533
      1.100000      0.435530
      1.120000      0.471044
      1.140000      0.527195
      1.160000      0.582024
      1.180000      0.616801
      1.200000      0.649519
      1.220000      0.701391
      1.240000      0.759186
      1.260000      0.801536
      1.280000      0.837137
      1.300000      0.885245
      1.320000      0.940654
      1.340000      0.988586
      1.360000      1.032988
      1.380000      1.083051
      1.400000      1.133289
      1.420000      1.179866
      1.440000      1.233466
      1.460000      1.295285
      1.480000      1.346896
      1.500000      1.385217
      1.520000      1.437766
      1.540000      1.516244
      1.560000      1.586123
      1.580000      1.621592
      1.600000      1.659207
      1.620000      1.742751
      1.640000      1.843510
      1.660000      1.902175
      1.680000      1.929656
      1.700000      1.995537
      1.720000      2.121165
      1.740000      2.247866
      1.760000      2.334586
      1.780000      2.432624
      1.800000      2.606179
      1.820000      2.823514
      1.840000      3.004715
      1.860000      3.144536
      1.880000      3.294441
      1.900000      3.429183
      1.920000      3.441643
      1.940000      3.307767
      1.960000      3.158072
      1.980000      3.141748
      2.000000      3.296876
      2.020000      3.561349
      2.040000      3.848268
      2.060000      4.104193
      2.080000      4.288444
      2.100000      4.340844
      2.120000      4.277314
      2.140000      4.237232
      2.160000      4.313975
      2.180000      4.462356
      2.200000      4.623864
      2.220000      4.793086
      2.240000      4.967262
      2.260000      5.125537
      2.280000      5.239971
      2.300000      5.321850
      2.320000      5.450272
      2.340000      5.667453
      2.360000      5.926671
      2.380000      6.245155
      2.400000      6.767695
      2.420000      7.630159
      2.440000      8.878627
      2.460000     10.421917
      2.480000     11.921799
      2.500000     12.902497
      2.520000     13.128870
      2.540000     12.736002
      2.560000     11.948028
      2.580000     10.898602
      2.600000      9.741297
      2.620000      8.679665
      2.640000      7.816746
      2.660000      7.109913
      2.680000      6.515435
      2.700000      6.090156
      2.720000      5.908703
      2.740000      5.952096
      2.760000      6.126921
      2.780000      6.339552
      2.800000      6.510829
      2.820000      6.553961
      2.840000      6.391320
      2.860000      6.045627
      2.880000      5.720314
      2.900000      5.696599
      2.920000      6.091446
      2.940000      6.745001
      2.960000      7.343516
      2.980000      7.650156
      3.000000      7.649447
      3.020000      7.474607
      3.040000      7.229002
      3.060000      6.935496
      3.080000      6.612250
      3.100000      6.303330
      3.120000      6.043378
      3.140000      5.849010
      3.160000      5.730755
      3.180000      5.680040
      3.200000      5.673499
      3.220000      5.714562
      3.240000      5.827343
      3.260000      5.982478
      3.280000      6.075695
      3.300000      6.011870
      3.320000      5.777836
      3.340000      5.419706
      3.360000      5.005758
      3.380000      4.651352
      3.400000      4.522048
      3.420000      4.724309
      3.440000      5.196150
      3.460000      5.741675
      3.480000      6.138779
      3.500000      6.235084
      3.520000      6.042920
      3.540000      5.725120
      3.560000      5.414961
      3.580000      5.097460
      3.600000      4.705158
      3.620000      4.258876
      3.640000      3.877666
      3.660000      3.681515
      3.680000      3.694882
      3.700000      3.845690
      3.720000      4.045348
      3.740000      4.239984
      3.760000      4.406352
      3.780000      4.548944
      3.800000      4.691404
      3.820000      4.827886
      3.840000      4.899407
      3.860000      4.861766
      3.880000      4.757772
      3.900000      4.675029
      3.920000      4.637182
      3.940000      4.589204
      3.960000      4.499534
      3.980000      4.417114
      4.000000      4.408585
      4.020000      4.483791
      4.040000      4.589930
      4.060000      4.647130
      4.080000      4.602406
      4.100000      4.483387
      4.120000      4.386168
      4.140000      4.389266
      4.160000      4.488367
      4.180000      4.611377
      4.200000      4.686130
      4.220000      4.702084
      4.240000      4.695539
      4.260000      4.671304
      4.280000      4.586746
      4.300000      4.423097
      4.320000      4.227714
      4.340000      4.077510
      4.360000      4.021963
      4.380000      4.067101
      4.400000      4.193819
      4.420000      4.366209
      4.440000      4.536347
      4.460000      4.658248
      4.480000      4.691606
      4.500000      4.627729
      4.520000      4.530284
      4.540000      4.481765
      4.560000      4.463202
      4.580000      4.349051
      4.600000      4.056922
      4.620000      3.680924
      4.640000      3.440428
      4.660000      3.472464
      4.680000      3.689026
      4.700000      3.871536
      4.720000      3.891960
      4.740000      3.803462
      4.760000      3.731767
      4.780000      3.729438
      4.800000      3.744770
      4.820000      3.698689
      4.840000      3.574706
      4.860000      3.443453
      4.880000      3.400851
      4.900000      3.490728
      4.920000      3.692640
      4.940000      3.940659
      4.960000      4.142351
      4.980000      4.236611
      5.000000      4.232027
      5.020000      4.160569
      5.040000      4.044119
      5.060000      3.914987
      5.080000      3.802389
      5.100000      3.709807
      5.120000      3.648770
      5.140000      3.652591
      5.160000      3.722848
      5.180000      3.810341
      5.200000      3.870598
      5.220000      3.901956
      5.240000      3.927529
      5.260000      3.962301
      5.280000      3.992853
      5.300000      3.983088
      5.320000      3.898933
      5.340000      3.731514
      5.360000      3.526293
      5.380000      3.384447
      5.400000      3.380432
      5.420000      3.484161
      5.440000      3.603957
      5.460000      3.668893
      5.480000      3.640146
      5.500000      3.506341
      5.520000      3.307561
      5.540000      3.130436
      5.560000      3.051749
      5.580000      3.067057
      5.600000      3.078022
      5.620000      2.995422
      5.640000      2.850013
      5.660000      2.755073
      5.680000      2.786076
      5.700000      2.937301
      5.720000      3.159181
      5.740000      3.394220
      5.760000      3.578263
      5.780000      3.640147
      5.800000      3.551768
      5.820000      3.382559
      5.840000      3.245541
      5.860000      3.184351
      5.880000      3.167207
      5.900000      3.172410
      5.920000      3.213711
      5.940000      3.286135
      5.960000      3.335682
      5.980000      3.303244
      6.000000      3.189010
      6.020000      3.055286
      6.040000      2.969648
      6.060000      2.958478
      6.080000      2.992927
      6.100000      3.011586
      6.120000      2.987114
      6.140000      2.963004
      6.160000      2.993771
      6.180000      3.067352
      6.200000      3.120179
      6.220000      3.115023
      6.240000      3.076726
      6.260000      3.056965
      6.280000      3.082147
      6.300000      3.138412
      6.320000      3.195009
      6.340000      3.229095
      6.360000      3.232574
      6.380000      3.219643
      6.400000      3.225876
      6.420000      3.263764
      6.440000      3.292132
      6.460000      3.275043
      6.480000      3.243846
      6.500000      3.247715
      6.520000      3.271776
      6.540000      3.254189
      6.560000      3.155324
      6.580000      2.984927
      6.600000      2.805497
      6.620000      2.714099
      6.640000      2.772969
      6.660000      2.958747
      6.680000      3.188422
      6.700000      3.355411
      6.720000      3.363863
      6.740000      3.205867
      6.760000      2.983940
      6.780000      2.808970
      6.800000      2.709437
      6.820000      2.649098
      6.840000      2.583283
      6.860000      2.493089
      6.880000      2.407241
      6.900000      2.390003
      6.920000      2.470761
      6.940000      2.595843
      6.960000      2.678884
      6.980000      2.685279
      7.000000      2.654297
      7.020000      2.656747
      7.040000      2.734632
      7.060000      2.857467
      7.080000      2.935790
      7.100000      2.905663
      7.120000      2.799043
      7.140000      2.702840
      7.160000      2.663974
      7.180000      2.676258
      7.200000      2.733590
      7.220000      2.833295
      7.240000      2.942443
      7.260000      3.015009
      7.280000      3.033940
      7.300000      3.005405
      7.320000      2.934783
      7.340000      2.844435
      7.360000      2.783097
      7.380000      2.767669
      7.400000      2.749270
      7.420000      2.686163
      7.440000      2.610551
      7.460000      2.568968
      7.480000      2.534385
      7.500000      2.451784
      7.520000      2.344156
      7.540000      2.284334
      7.560000      2.284977
      7.580000      2.303235
      7.600000      2.326398
      7.620000      2.372875
      7.640000      2.437285
      7.660000      2.503444
      7.680000      2.574903
      7.700000      2.639871
      7.720000      2.658589
      7.740000      2.626053
      7.760000      2.590831
      7.780000      2.586011
      7.800000      2.594985
      7.820000      2.593572
      7.840000      2.577312
      7.860000      2.552180
      7.880000      2.534962
      7.900000      2.545907
      7.920000      2.577482
      7.940000      2.597337
      7.960000      2.591310
      7.980000      2.578412
      8.000000      2.588361
      8.020000      2.627798
      8.040000      2.664104
      8.060000      2.672783
      8.080000      2.698343
      8.100000      2.825248
      8.120000      3.108738
      8.140000      3.578190
      8.160000      4.238855
      8.180000      4.970078
      8.200000      5.510867
      8.220000      5.696685
      8.240000      5.674052
      8.260000      5.805493
      8.280000      6.371851
      8.300000      7.345953
      8.320000      8.413207
      8.340000      9.195771
      8.360000      9.469965
      8.380000      9.243967
      8.400000      8.763239
      8.420000      8.477085
      8.440000      8.803899
      8.460000      9.802808
      8.480000     11.157954
      8.500000     12.425966
      8.520000     13.231262
      8.540000     13.429134
      8.560000     13.179919
      8.580000     12.740162
      8.600000     12.211202
      8.620000     11.603222
      8.640000     11.072948
      8.660000     10.913918
      8.680000     11.234749
      8.700000     11.791791
      8.720000     12.310147
      8.740000     12.860678
      8.760000     13.687723
      8.780000     14.737215
      8.800000     15.634296
      8.820000     16.151949
      8.840000     16.461518
      8.860000     16.837600
      8.880000     17.310257
      8.900000     17.731231
      8.920000     18.082468
      8.940000     18.588415
      8.960000     19.444292
      8.980000     20.457284
      9.000000     21.163557
      9.020000     21.387640
      9.040000     21.433069
      9.060000     21.631504
      9.080000     22.029091
      9.100000     22.614981
      9.120000     23.464780
      9.140000     24.443588
      9.160000     25.068636
      9.180000     24.916071
      9.200000     24.014671
      9.220000     22.723730
      9.240000     21.415429
      9.260000     20.349648
      9.280000     19.574593
      9.300000     18.850921
      9.320000     17.954672
      9.340000     17.028493
      9.360000     16.327956
      9.380000     15.804298
      9.400000     15.281824
      9.420000     14.832204
      9.440000     14.681596
      9.460000     14.915733
      9.480000     15.449238
      9.500000     16.117462
      9.520000     16.645255
      9.540000     16.686646
      9.560000     16.140668
      9.580000     15.408058
      9.600000     15.121843
      9.620000     15.545933
      9.640000     16.318754
      9.660000     16.799096
      9.680000     16.614913
      9.700000     15.930896
      9.720000     15.240469
      9.740000     14.839980
      9.760000     14.525058
      9.780000     13.905640
      9.800000     12.944293
      9.820000     12.023245
      9.840000     11.549519
      9.860000     11.678276
      9.880000     12.339668
      9.900000     13.276187
      9.920000     14.087294
      9.940000     14.498626
      9.960000     14.611302
      9.980000     14.735412
     10.000000     15.008561
