# EIG2DOS: Utility for SIESTA to obtain the electronic density of states
#
#                                                  Emilio Artacho, Apr. 1999
# --------------------------------------------------------------------------
# Nbands, Nspin, Nk   =    936     1   352
# E_F                 =    -5.2937 eV
# Broadening          =     0.0500 eV
# Number of electrons =   298.8636  299.3009 per cell
#
#        E            N
# --------------------------------------------------------------------------
    -10.000000      4.950917
     -9.980000      4.882788
     -9.960000      4.787844
     -9.940000      4.755191
     -9.920000      4.902342
     -9.900000      5.224934
     -9.880000      5.574309
     -9.860000      5.849820
     -9.840000      6.127293
     -9.820000      6.532476
     -9.800000      7.052749
     -9.780000      7.506047
     -9.760000      7.680125
     -9.740000      7.524186
     -9.720000      7.175109
     -9.700000      6.768776
     -9.680000      6.322052
     -9.660000      5.850292
     -9.640000      5.475408
     -9.620000      5.305357
     -9.600000      5.273198
     -9.580000      5.216548
     -9.560000      5.098095
     -9.540000      5.055809
     -9.520000      5.231881
     -9.500000      5.599263
     -9.480000      5.983050
     -9.460000      6.251683
     -9.440000      6.436046
     -9.420000      6.618065
     -9.400000      6.764711
     -9.380000      6.770046
     -9.360000      6.642112
     -9.340000      6.539239
     -9.320000      6.599577
     -9.300000      6.810328
     -9.280000      7.058487
     -9.260000      7.236715
     -9.240000      7.265419
     -9.220000      7.089007
     -9.200000      6.734678
     -9.180000      6.340632
     -9.160000      6.070251
     -9.140000      6.012249
     -9.120000      6.155857
     -9.100000      6.418381
     -9.080000      6.697837
     -9.060000      6.924566
     -9.040000      7.070070
     -9.020000      7.119560
     -9.000000      7.055546
     -8.980000      6.871589
     -8.960000      6.595849
     -8.940000      6.305010
     -8.920000      6.128896
     -8.900000      6.206915
     -8.880000      6.565067
     -8.860000      7.041017
     -8.840000      7.395305
     -8.820000      7.505299
     -8.800000      7.434142
     -8.780000      7.342542
     -8.760000      7.355434
     -8.740000      7.464534
     -8.720000      7.539969
     -8.700000      7.470508
     -8.680000      7.261580
     -8.660000      6.979778
     -8.640000      6.691878
     -8.620000      6.482064
     -8.600000      6.439404
     -8.580000      6.591532
     -8.560000      6.865966
     -8.540000      7.121860
     -8.520000      7.238518
     -8.500000      7.186683
     -8.480000      7.022738
     -8.460000      6.829869
     -8.440000      6.658008
     -8.420000      6.508641
     -8.400000      6.378890
     -8.380000      6.290540
     -8.360000      6.244944
     -8.340000      6.205017
     -8.320000      6.179567
     -8.300000      6.259898
     -8.280000      6.503100
     -8.260000      6.837794
     -8.240000      7.148511
     -8.220000      7.401300
     -8.200000      7.620701
     -8.180000      7.790230
     -8.160000      7.866235
     -8.140000      7.850378
     -8.120000      7.759226
     -8.100000      7.581113
     -8.080000      7.332795
     -8.060000      7.089143
     -8.040000      6.921125
     -8.020000      6.855626
     -8.000000      6.875318
     -7.980000      6.912444
     -7.960000      6.887457
     -7.940000      6.792535
     -7.920000      6.708663
     -7.900000      6.717942
     -7.880000      6.809067
     -7.860000      6.893811
     -7.840000      6.916114
     -7.820000      6.904626
     -7.800000      6.920814
     -7.780000      7.016909
     -7.760000      7.252205
     -7.740000      7.668429
     -7.720000      8.180894
     -7.700000      8.551525
     -7.680000      8.573732
     -7.660000      8.272613
     -7.640000      7.869406
     -7.620000      7.581618
     -7.600000      7.500192
     -7.580000      7.604207
     -7.560000      7.794319
     -7.540000      7.922448
     -7.520000      7.885276
     -7.500000      7.699166
     -7.480000      7.454244
     -7.460000      7.246253
     -7.440000      7.173164
     -7.420000      7.305326
     -7.400000      7.591746
     -7.380000      7.854218
     -7.360000      7.944839
     -7.340000      7.878963
     -7.320000      7.769385
     -7.300000      7.676330
     -7.280000      7.578611
     -7.260000      7.454756
     -7.240000      7.332697
     -7.220000      7.278735
     -7.200000      7.362698
     -7.180000      7.590774
     -7.160000      7.862157
     -7.140000      8.050880
     -7.120000      8.136049
     -7.100000      8.187216
     -7.080000      8.222545
     -7.060000      8.187379
     -7.040000      8.103422
     -7.020000      8.094111
     -7.000000      8.182884
     -6.980000      8.221589
     -6.960000      8.122274
     -6.940000      8.016656
     -6.920000      8.109896
     -6.900000      8.505642
     -6.880000      9.220672
     -6.860000     10.246797
     -6.840000     11.504755
     -6.820000     12.816268
     -6.800000     14.020782
     -6.780000     15.022042
     -6.760000     15.649609
     -6.740000     15.646633
     -6.720000     14.917985
     -6.700000     13.727103
     -6.680000     12.602022
     -6.660000     12.026790
     -6.640000     12.148793
     -6.620000     12.737933
     -6.600000     13.401714
     -6.580000     13.809477
     -6.560000     13.810564
     -6.540000     13.484279
     -6.520000     13.040878
     -6.500000     12.613822
     -6.480000     12.229809
     -6.460000     11.948226
     -6.440000     11.860275
     -6.420000     11.976244
     -6.400000     12.277686
     -6.380000     12.855380
     -6.360000     13.805762
     -6.340000     14.970779
     -6.320000     15.993105
     -6.300000     16.677090
     -6.280000     17.063814
     -6.260000     17.135360
     -6.240000     16.753845
     -6.220000     15.958931
     -6.200000     15.064816
     -6.180000     14.380596
     -6.160000     13.981905
     -6.140000     13.780787
     -6.120000     13.687690
     -6.100000     13.667623
     -6.080000     13.732332
     -6.060000     13.897691
     -6.040000     14.091595
     -6.020000     14.157877
     -6.000000     14.027399
     -5.980000     13.804051
     -5.960000     13.646270
     -5.940000     13.693127
     -5.920000     14.109068
     -5.900000     15.026151
     -5.880000     16.338847
     -5.860000     17.622717
     -5.840000     18.427520
     -5.820000     18.696433
     -5.800000     18.758178
     -5.780000     18.909954
     -5.760000     19.158864
     -5.740000     19.343769
     -5.720000     19.370081
     -5.700000     19.307001
     -5.680000     19.304428
     -5.660000     19.402266
     -5.640000     19.397982
     -5.620000     18.973265
     -5.600000     18.009830
     -5.580000     16.714905
     -5.560000     15.417051
     -5.540000     14.334390
     -5.520000     13.536098
     -5.500000     12.979753
     -5.480000     12.533408
     -5.460000     12.081101
     -5.440000     11.680757
     -5.420000     11.529890
     -5.400000     11.712686
     -5.380000     12.090657
     -5.360000     12.477090
     -5.340000     12.744663
     -5.320000     12.798039
     -5.300000     12.719382
     -5.280000     12.877855
     -5.260000     13.578160
     -5.240000     14.632262
     -5.220000     15.548807
     -5.200000     16.140161
     -5.180000     16.674135
     -5.160000     17.325968
     -5.140000     17.730123
     -5.120000     17.379143
     -5.100000     16.416936
     -5.080000     15.664213
     -5.060000     15.702715
     -5.040000     16.241044
     -5.020000     16.570185
     -5.000000     16.312843
     -4.980000     15.536674
     -4.960000     14.485156
     -4.940000     13.419444
     -4.920000     12.536133
     -4.900000     11.903695
     -4.880000     11.494596
     -4.860000     11.274382
     -4.840000     11.245453
     -4.820000     11.400933
     -4.800000     11.649221
     -4.780000     11.826158
     -4.760000     11.822473
     -4.740000     11.724007
     -4.720000     11.786640
     -4.700000     12.185085
     -4.680000     12.801807
     -4.660000     13.350913
     -4.640000     13.681879
     -4.620000     13.857892
     -4.600000     13.963923
     -4.580000     13.965714
     -4.560000     13.760807
     -4.540000     13.289971
     -4.520000     12.613676
     -4.500000     11.937280
     -4.480000     11.542165
     -4.460000     11.608557
     -4.440000     12.067348
     -4.420000     12.657655
     -4.400000     13.145236
     -4.380000     13.486291
     -4.360000     13.810155
     -4.340000     14.224904
     -4.320000     14.593039
     -4.300000     14.596445
     -4.280000     14.125036
     -4.260000     13.473373
     -4.240000     13.047468
     -4.220000     12.973981
     -4.200000     13.030644
     -4.180000     12.867547
     -4.160000     12.296327
     -4.140000     11.448096
     -4.120000     10.662008
     -4.100000     10.185285
     -4.080000     10.014042
     -4.060000     10.069955
     -4.040000     10.414747
     -4.020000     11.110964
     -4.000000     11.949753
     -3.980000     12.541627
     -3.960000     12.658780
     -3.940000     12.354911
     -3.920000     11.830136
     -3.900000     11.320827
     -3.880000     11.036033
     -3.860000     11.020920
     -3.840000     11.094161
     -3.820000     11.017688
     -3.800000     10.690025
     -3.780000     10.148915
     -3.760000      9.497490
     -3.740000      8.885218
     -3.720000      8.480150
     -3.700000      8.381542
     -3.680000      8.575141
     -3.660000      9.005880
     -3.640000      9.648620
     -3.620000     10.478881
     -3.600000     11.430825
     -3.580000     12.393138
     -3.560000     13.204361
     -3.540000     13.690206
     -3.520000     13.763275
     -3.500000     13.464940
     -3.480000     12.869420
     -3.460000     11.998189
     -3.440000     10.926754
     -3.420000      9.901045
     -3.400000      9.182419
     -3.380000      8.824197
     -3.360000      8.711080
     -3.340000      8.749899
     -3.320000      8.944525
     -3.300000      9.330640
     -3.280000      9.909076
     -3.260000     10.656570
     -3.240000     11.536293
     -3.220000     12.430876
     -3.200000     13.115631
     -3.180000     13.391140
     -3.160000     13.220798
     -3.140000     12.700542
     -3.120000     11.961411
     -3.100000     11.121795
     -3.080000     10.264808
     -3.060000      9.432220
     -3.040000      8.643436
     -3.020000      7.946969
     -3.000000      7.493706
     -2.980000      7.520938
     -2.960000      8.180410
     -2.940000      9.337452
     -2.920000     10.534375
     -2.900000     11.233864
     -2.880000     11.215850
     -2.860000     10.717242
     -2.840000     10.122070
     -2.820000      9.599943
     -2.800000      9.118967
     -2.780000      8.661800
     -2.760000      8.257055
     -2.740000      7.873288
     -2.720000      7.436550
     -2.700000      6.942144
     -2.680000      6.490232
     -2.660000      6.220802
     -2.640000      6.223482
     -2.620000      6.535985
     -2.600000      7.235342
     -2.580000      8.390511
     -2.560000      9.810868
     -2.540000     11.011004
     -2.520000     11.621364
     -2.500000     11.686173
     -2.480000     11.415727
     -2.460000     10.890127
     -2.440000     10.163477
     -2.420000      9.420670
     -2.400000      8.844624
     -2.380000      8.425795
     -2.360000      8.022508
     -2.340000      7.551156
     -2.320000      7.018137
     -2.300000      6.445619
     -2.280000      5.888247
     -2.260000      5.471893
     -2.240000      5.305296
     -2.220000      5.365522
     -2.200000      5.552529
     -2.180000      5.823936
     -2.160000      6.184397
     -2.140000      6.576416
     -2.120000      6.874710
     -2.100000      6.996907
     -2.080000      6.973447
     -2.060000      6.902394
     -2.040000      6.877175
     -2.020000      6.995402
     -2.000000      7.432328
     -1.980000      8.423337
     -1.960000     10.042655
     -1.940000     11.955291
     -1.920000     13.517214
     -1.900000     14.263092
     -1.880000     14.287467
     -1.860000     14.070168
     -1.840000     13.925989
     -1.820000     13.772279
     -1.800000     13.464915
     -1.780000     13.040542
     -1.760000     12.479338
     -1.740000     11.547913
     -1.720000     10.085056
     -1.700000      8.289895
     -1.680000      6.591759
     -1.660000      5.302561
     -1.640000      4.505309
     -1.620000      4.204237
     -1.600000      4.360642
     -1.580000      4.814744
     -1.560000      5.456444
     -1.540000      6.452553
     -1.520000      8.007996
     -1.500000      9.930087
     -1.480000     11.668960
     -1.460000     12.728046
     -1.440000     12.907180
     -1.420000     12.310548
     -1.400000     11.306281
     -1.380000     10.381895
     -1.360000      9.812311
     -1.340000      9.432224
     -1.320000      8.882632
     -1.300000      8.087792
     -1.280000      7.331551
     -1.260000      6.901509
     -1.240000      6.846130
     -1.220000      7.029022
     -1.200000      7.234121
     -1.180000      7.247311
     -1.160000      6.967394
     -1.140000      6.446728
     -1.120000      5.811190
     -1.100000      5.174551
     -1.080000      4.610078
     -1.060000      4.148492
     -1.040000      3.790289
     -1.020000      3.537355
     -1.000000      3.421373
     -0.980000      3.476183
     -0.960000      3.664480
     -0.940000      3.880821
     -0.920000      4.061213
     -0.900000      4.239819
     -0.880000      4.472444
     -0.860000      4.757307
     -0.840000      5.049456
     -0.820000      5.296779
     -0.800000      5.439354
     -0.780000      5.423464
     -0.760000      5.246829
     -0.740000      4.975370
     -0.720000      4.700135
     -0.700000      4.472355
     -0.680000      4.288873
     -0.660000      4.128169
     -0.640000      3.968390
     -0.620000      3.791882
     -0.600000      3.608334
     -0.580000      3.461134
     -0.560000      3.403343
     -0.540000      3.478551
     -0.520000      3.713011
     -0.500000      4.101916
     -0.480000      4.568690
     -0.460000      4.900219
     -0.440000      4.786347
     -0.420000      4.066196
     -0.400000      2.943740
     -0.380000      1.867546
     -0.360000      1.201368
     -0.340000      1.036613
     -0.320000      1.255512
     -0.300000      1.691264
     -0.280000      2.209229
     -0.260000      2.690957
     -0.240000      3.030726
     -0.220000      3.186618
     -0.200000      3.206991
     -0.180000      3.196170
     -0.160000      3.263054
     -0.140000      3.458781
     -0.120000      3.718747
     -0.100000      3.892636
     -0.080000      3.871984
     -0.060000      3.680026
     -0.040000      3.419331
     -0.020000      3.160842
      0.000000      2.913162
      0.020000      2.671717
      0.040000      2.455780
      0.060000      2.288067
      0.080000      2.161440
      0.100000      2.052376
      0.120000      1.954337
      0.140000      1.873488
      0.160000      1.805646
      0.180000      1.737370
      0.200000      1.663754
      0.220000      1.593733
      0.240000      1.535280
      0.260000      1.482233
      0.280000      1.423385
      0.300000      1.359724
      0.320000      1.302342
      0.340000      1.254994
      0.360000      1.208454
      0.380000      1.153341
      0.400000      1.093926
      0.420000      1.044471
      0.440000      1.006985
      0.460000      0.963172
      0.480000      0.903297
      0.500000      0.847253
      0.520000      0.812926
      0.540000      0.780762
      0.560000      0.724937
      0.580000      0.662264
      0.600000      0.624661
      0.620000      0.600351
      0.640000      0.553091
      0.660000      0.487941
      0.680000      0.442995
      0.700000      0.420543
      0.720000      0.384863
      0.740000      0.328757
      0.760000      0.285637
      0.780000      0.267307
      0.800000      0.240935
      0.820000      0.184404
      0.840000      0.121472
      0.860000      0.084467
      0.880000      0.075092
      0.900000      0.077207
      0.920000      0.087956
      0.940000      0.119505
      0.960000      0.172907
      0.980000      0.225255
      1.000000      0.256226
      1.020000      0.278883
      1.040000      0.319784
      1.060000      0.374377
      1.080000      0.416024
      1.100000      0.444540
      1.120000      0.485892
      1.140000      0.544096
      1.160000      0.594244
      1.180000      0.627965
      1.200000      0.666626
      1.220000      0.721406
      1.240000      0.775351
      1.260000      0.815999
      1.280000      0.855887
      1.300000      0.907438
      1.320000      0.962268
      1.340000      1.009163
      1.360000      1.053644
      1.380000      1.105522
      1.400000      1.160498
      1.420000      1.210150
      1.440000      1.260111
      1.460000      1.318722
      1.480000      1.376809
      1.500000      1.424971
      1.520000      1.478509
      1.540000      1.550003
      1.560000      1.617781
      1.580000      1.665369
      1.600000      1.720189
      1.620000      1.804748
      1.640000      1.891764
      1.660000      1.953473
      1.680000      2.013987
      1.700000      2.114630
      1.720000      2.255044
      1.740000      2.403849
      1.760000      2.563707
      1.780000      2.786652
      1.800000      3.100253
      1.820000      3.439602
      1.840000      3.671243
      1.860000      3.687345
      1.880000      3.481366
      1.900000      3.135454
      1.920000      2.766272
      1.940000      2.515602
      1.960000      2.539849
      1.980000      2.924487
      2.000000      3.591642
      2.020000      4.293463
      2.040000      4.715352
      2.060000      4.699548
      2.080000      4.432564
      2.100000      4.284936
      2.120000      4.414168
      2.140000      4.652297
      2.160000      4.770110
      2.180000      4.724248
      2.200000      4.646337
      2.220000      4.685128
      2.240000      4.906716
      2.260000      5.281742
      2.280000      5.715413
      2.300000      6.115271
      2.320000      6.408279
      2.340000      6.514695
      2.360000      6.459908
      2.380000      6.512776
      2.400000      7.060416
      2.420000      8.350844
      2.440000     10.316567
      2.460000     12.447980
      2.480000     13.945709
      2.500000     14.284670
      2.520000     13.576504
      2.540000     12.302072
      2.560000     10.876985
      2.580000      9.516894
      2.600000      8.330528
      2.620000      7.414789
      2.640000      6.835739
      2.660000      6.553010
      2.680000      6.428597
      2.700000      6.305400
      2.720000      6.064042
      2.740000      5.677376
      2.760000      5.241196
      2.780000      4.893270
      2.800000      4.693811
      2.820000      4.611443
      2.840000      4.599003
      2.860000      4.652192
      2.880000      4.817076
      2.900000      5.177671
      2.920000      5.792657
      2.940000      6.557271
      2.960000      7.180649
      2.980000      7.422935
      3.000000      7.323247
      3.020000      7.124428
      3.040000      7.011772
      3.060000      6.961333
      3.080000      6.854058
      3.100000      6.694304
      3.120000      6.595412
      3.140000      6.574359
      3.160000      6.521953
      3.180000      6.371066
      3.200000      6.172507
      3.220000      6.009105
      3.240000      5.912949
      3.260000      5.871341
      3.280000      5.862744
      3.300000      5.862404
      3.320000      5.832083
      3.340000      5.741172
      3.360000      5.614894
      3.380000      5.542004
      3.400000      5.611701
      3.420000      5.830540
      3.440000      6.088874
      3.460000      6.213100
      3.480000      6.077470
      3.500000      5.676125
      3.520000      5.092606
      3.540000      4.449769
      3.560000      3.895065
      3.580000      3.535746
      3.600000      3.350774
      3.620000      3.236218
      3.640000      3.149219
      3.660000      3.144957
      3.680000      3.273311
      3.700000      3.515713
      3.720000      3.832924
      3.740000      4.191532
      3.760000      4.532995
      3.780000      4.798355
      3.800000      4.982200
      3.820000      5.090774
      3.840000      5.076549
      3.860000      4.900241
      3.880000      4.634968
      3.900000      4.429805
      3.920000      4.370871
      3.940000      4.421883
      3.960000      4.501858
      3.980000      4.586913
      4.000000      4.720231
      4.020000      4.943729
      4.040000      5.222493
      4.060000      5.419937
      4.080000      5.386321
      4.100000      5.109988
      4.120000      4.750531
      4.140000      4.497067
      4.160000      4.403893
      4.180000      4.379273
      4.200000      4.330650
      4.220000      4.274379
      4.240000      4.282673
      4.260000      4.377202
      4.280000      4.495062
      4.300000      4.534938
      4.320000      4.468723
      4.340000      4.416358
      4.360000      4.533078
      4.380000      4.815767
      4.400000      5.091657
      4.420000      5.178505
      4.440000      5.013188
      4.460000      4.676999
      4.480000      4.333768
      4.500000      4.106491
      4.520000      3.983752
      4.540000      3.847650
      4.560000      3.602175
      4.580000      3.276135
      4.600000      2.999909
      4.620000      2.891049
      4.640000      2.960397
      4.660000      3.109140
      4.680000      3.219328
      4.700000      3.269816
      4.720000      3.358214
      4.740000      3.591923
      4.760000      3.961728
      4.780000      4.322169
      4.800000      4.502236
      4.820000      4.458613
      4.840000      4.311513
      4.860000      4.207428
      4.880000      4.167963
      4.900000      4.108776
      4.920000      3.992165
      4.940000      3.894249
      4.960000      3.886660
      4.980000      3.920259
      5.000000      3.898762
      5.020000      3.821762
      5.040000      3.779964
      5.060000      3.834618
      5.080000      3.966484
      5.100000      4.113059
      5.120000      4.181200
      5.140000      4.069716
      5.160000      3.794342
      5.180000      3.555660
      5.200000      3.547592
      5.220000      3.723785
      5.240000      3.879811
      5.260000      3.921015
      5.280000      3.909935
      5.300000      3.889604
      5.320000      3.816747
      5.340000      3.672001
      5.360000      3.502239
      5.380000      3.329687
      5.400000      3.138502
      5.420000      2.981661
      5.440000      2.977086
      5.460000      3.159621
      5.480000      3.428840
      5.500000      3.651268
      5.520000      3.757780
      5.540000      3.763060
      5.560000      3.729384
      5.580000      3.702721
      5.600000      3.670476
      5.620000      3.579560
      5.640000      3.404543
      5.660000      3.206563
      5.680000      3.103580
      5.700000      3.153447
      5.720000      3.278239
      5.740000      3.336354
      5.760000      3.268245
      5.780000      3.145522
      5.800000      3.081215
      5.820000      3.123736
      5.840000      3.241854
      5.860000      3.380921
      5.880000      3.504732
      5.900000      3.587522
      5.920000      3.604942
      5.940000      3.558500
      5.960000      3.482151
      5.980000      3.396995
      6.000000      3.288097
      6.020000      3.160650
      6.040000      3.075759
      6.060000      3.067479
      6.080000      3.069130
      6.100000      3.004086
      6.120000      2.900650
      6.140000      2.835074
      6.160000      2.826892
      6.180000      2.853595
      6.200000      2.885774
      6.220000      2.874591
      6.240000      2.792303
      6.260000      2.700200
      6.280000      2.708512
      6.300000      2.857080
      6.320000      3.064826
      6.340000      3.202769
      6.360000      3.212107
      6.380000      3.144451
      6.400000      3.084270
      6.420000      3.063032
      6.440000      3.067695
      6.460000      3.081385
      6.480000      3.086688
      6.500000      3.072639
      6.520000      3.049234
      6.540000      3.033025
      6.560000      3.032120
      6.580000      3.054247
      6.600000      3.109189
      6.620000      3.194338
      6.640000      3.291650
      6.660000      3.381118
      6.680000      3.439873
      6.700000      3.442529
      6.720000      3.391560
      6.740000      3.329694
      6.760000      3.298768
      6.780000      3.282633
      6.800000      3.196701
      6.820000      2.964552
      6.840000      2.604314
      6.860000      2.213632
      6.880000      1.899122
      6.900000      1.743015
      6.920000      1.785767
      6.940000      1.998104
      6.960000      2.300221
      6.980000      2.629814
      7.000000      2.956661
      7.020000      3.230872
      7.040000      3.370158
      7.060000      3.314497
      7.080000      3.081388
      7.100000      2.774136
      7.120000      2.532576
      7.140000      2.454925
      7.160000      2.547473
      7.180000      2.729834
      7.200000      2.890793
      7.220000      2.964966
      7.240000      2.966868
      7.260000      2.942179
      7.280000      2.887776
      7.300000      2.748763
      7.320000      2.512029
      7.340000      2.261857
      7.360000      2.105375
      7.380000      2.076318
      7.400000      2.137849
      7.420000      2.240404
      7.440000      2.353585
      7.460000      2.474792
      7.480000      2.623788
      7.500000      2.802963
      7.520000      2.963110
      7.540000      3.045821
      7.560000      3.048608
      7.580000      3.004627
      7.600000      2.934041
      7.620000      2.865750
      7.640000      2.842726
      7.660000      2.848915
      7.680000      2.803195
      7.700000      2.673101
      7.720000      2.538139
      7.740000      2.501322
      7.760000      2.555488
      7.780000      2.585161
      7.800000      2.518661
      7.820000      2.412974
      7.840000      2.355986
      7.860000      2.359548
      7.880000      2.383164
      7.900000      2.395464
      7.920000      2.383517
      7.940000      2.348272
      7.960000      2.309693
      7.980000      2.292922
      8.000000      2.298058
      8.020000      2.300734
      8.040000      2.298004
      8.060000      2.323031
      8.080000      2.391143
      8.100000      2.504915
      8.120000      2.768647
      8.140000      3.401881
      8.160000      4.547808
      8.180000      6.124051
      8.200000      7.884596
      8.220000      9.503265
      8.240000     10.596362
      8.260000     10.890226
      8.280000     10.457067
      8.300000      9.659318
      8.320000      8.839585
      8.340000      8.150765
      8.360000      7.629167
      8.380000      7.274032
      8.400000      7.073820
      8.420000      7.081667
      8.440000      7.448541
      8.460000      8.330133
      8.480000      9.723889
      8.500000     11.315431
      8.520000     12.573973
      8.540000     13.158866
      8.560000     13.140000
      8.580000     12.756165
      8.600000     12.173661
      8.620000     11.557151
      8.640000     11.120317
      8.660000     10.972900
      8.680000     11.084531
      8.700000     11.465090
      8.720000     12.234592
      8.740000     13.438830
      8.760000     14.862893
      8.780000     16.109236
      8.800000     16.885952
      8.820000     17.243906
      8.840000     17.565544
      8.860000     18.289472
      8.880000     19.589097
      8.900000     21.241068
      8.920000     22.674978
      8.940000     23.227243
      8.960000     22.636512
      8.980000     21.314063
      9.000000     19.948065
      9.020000     18.929841
      9.040000     18.319398
      9.060000     18.203334
      9.080000     18.813315
      9.100000     20.190582
      9.120000     21.853256
      9.140000     23.076907
      9.160000     23.551390
      9.180000     23.485475
      9.200000     23.082348
      9.220000     22.281292
      9.240000     21.074412
      9.260000     19.796771
      9.280000     18.930970
      9.300000     18.664422
      9.320000     18.769809
      9.340000     18.897289
      9.360000     18.778497
      9.380000     18.196260
      9.400000     17.090033
      9.420000     15.764220
      9.440000     14.773705
      9.460000     14.498046
      9.480000     14.879301
      9.500000     15.606347
      9.520000     16.438410
      9.540000     17.201887
      9.560000     17.583650
      9.580000     17.229964
      9.600000     16.161472
      9.620000     14.905359
      9.640000     14.062782
      9.660000     13.815281
      9.680000     13.880923
      9.700000     13.863069
      9.720000     13.628778
      9.740000     13.354016
      9.760000     13.238722
      9.780000     13.299680
      9.800000     13.426580
      9.820000     13.493673
      9.840000     13.438132
      9.860000     13.359346
      9.880000     13.462028
      9.900000     13.769067
      9.920000     14.008179
      9.940000     13.920467
      9.960000     13.585386
      9.980000     13.323683
     10.000000     13.333619
