# EIG2DOS: Utility for SIESTA to obtain the electronic density of states
#
#                                                  Emilio Artacho, Apr. 1999
# --------------------------------------------------------------------------
# Nbands, Nspin, Nk   =    936     1   352
# E_F                 =    -5.5250 eV
# Broadening          =     0.0500 eV
# Number of electrons =   295.3977  295.8717 per cell
#
#        E            N
# --------------------------------------------------------------------------
    -10.000000      4.966101
     -9.980000      4.850180
     -9.960000      4.761027
     -9.940000      4.649169
     -9.920000      4.507236
     -9.900000      4.397734
     -9.880000      4.376035
     -9.860000      4.434106
     -9.840000      4.528167
     -9.820000      4.606702
     -9.800000      4.636138
     -9.780000      4.667581
     -9.760000      4.828999
     -9.740000      5.184266
     -9.720000      5.660044
     -9.700000      6.150146
     -9.680000      6.590068
     -9.660000      6.897634
     -9.640000      6.975157
     -9.620000      6.825966
     -9.600000      6.587461
     -9.580000      6.422413
     -9.560000      6.405149
     -9.540000      6.491059
     -9.520000      6.585479
     -9.500000      6.650590
     -9.480000      6.707531
     -9.460000      6.738671
     -9.440000      6.657543
     -9.420000      6.401184
     -9.400000      6.017358
     -9.380000      5.631871
     -9.360000      5.356077
     -9.340000      5.252891
     -9.320000      5.322985
     -9.300000      5.467107
     -9.280000      5.551155
     -9.260000      5.542238
     -9.240000      5.493838
     -9.220000      5.441860
     -9.200000      5.415222
     -9.180000      5.476426
     -9.160000      5.668723
     -9.140000      5.962233
     -9.120000      6.264048
     -9.100000      6.469675
     -9.080000      6.548183
     -9.060000      6.573778
     -9.040000      6.615699
     -9.020000      6.622866
     -9.000000      6.513191
     -8.980000      6.359298
     -8.960000      6.341158
     -8.940000      6.507308
     -8.920000      6.739733
     -8.900000      6.951622
     -8.880000      7.162997
     -8.860000      7.390915
     -8.840000      7.590068
     -8.820000      7.698041
     -8.800000      7.674248
     -8.780000      7.509070
     -8.760000      7.231361
     -8.740000      6.906150
     -8.720000      6.616933
     -8.700000      6.428136
     -8.680000      6.348820
     -8.660000      6.351214
     -8.640000      6.410517
     -8.620000      6.506902
     -8.600000      6.631785
     -8.580000      6.798627
     -8.560000      7.001408
     -8.540000      7.188067
     -8.520000      7.320255
     -8.500000      7.429930
     -8.480000      7.585415
     -8.460000      7.803325
     -8.440000      8.008803
     -8.420000      8.109933
     -8.400000      8.106238
     -8.380000      8.087457
     -8.360000      8.114718
     -8.340000      8.117679
     -8.320000      7.930470
     -8.300000      7.470789
     -8.280000      6.887342
     -8.260000      6.441584
     -8.240000      6.228668
     -8.220000      6.134541
     -8.200000      6.069172
     -8.180000      6.099854
     -8.160000      6.318167
     -8.140000      6.655139
     -8.120000      6.887732
     -8.100000      6.844138
     -8.080000      6.567052
     -8.060000      6.236153
     -8.040000      5.977875
     -8.020000      5.807626
     -8.000000      5.709739
     -7.980000      5.682591
     -7.960000      5.695067
     -7.940000      5.685600
     -7.920000      5.651878
     -7.900000      5.678018
     -7.880000      5.836824
     -7.860000      6.110388
     -7.840000      6.417544
     -7.820000      6.680722
     -7.800000      6.869521
     -7.780000      7.011532
     -7.760000      7.151135
     -7.740000      7.299021
     -7.720000      7.447461
     -7.700000      7.588388
     -7.680000      7.671733
     -7.660000      7.615671
     -7.640000      7.420706
     -7.620000      7.220103
     -7.600000      7.157538
     -7.580000      7.264491
     -7.560000      7.521576
     -7.540000      7.962392
     -7.520000      8.586681
     -7.500000      9.215632
     -7.480000      9.564530
     -7.460000      9.435067
     -7.440000      8.823498
     -7.420000      7.961620
     -7.400000      7.212523
     -7.380000      6.775850
     -7.360000      6.560542
     -7.340000      6.431726
     -7.320000      6.439439
     -7.300000      6.698748
     -7.280000      7.150319
     -7.260000      7.563068
     -7.240000      7.773346
     -7.220000      7.846695
     -7.200000      7.990234
     -7.180000      8.356349
     -7.160000      8.908387
     -7.140000      9.415624
     -7.120000      9.605540
     -7.100000      9.391777
     -7.080000      8.933721
     -7.060000      8.417993
     -7.040000      7.874198
     -7.020000      7.301920
     -7.000000      6.846933
     -6.980000      6.686583
     -6.960000      6.788259
     -6.940000      6.935232
     -6.920000      7.010954
     -6.900000      7.123129
     -6.880000      7.392620
     -6.860000      7.731382
     -6.840000      7.923765
     -6.820000      7.893680
     -6.800000      7.790964
     -6.780000      7.808335
     -6.760000      8.054806
     -6.740000      8.658023
     -6.720000      9.828604
     -6.700000     11.673193
     -6.680000     13.915948
     -6.660000     15.836975
     -6.640000     16.659481
     -6.620000     16.203578
     -6.600000     15.052504
     -6.580000     13.925958
     -6.560000     13.096009
     -6.540000     12.505461
     -6.520000     12.108560
     -6.500000     11.893279
     -6.480000     11.782506
     -6.460000     11.671234
     -6.440000     11.517678
     -6.420000     11.375042
     -6.400000     11.309672
     -6.380000     11.279841
     -6.360000     11.210182
     -6.340000     11.180140
     -6.320000     11.315320
     -6.300000     11.498240
     -6.280000     11.470313
     -6.260000     11.228299
     -6.240000     11.030858
     -6.220000     11.015011
     -6.200000     11.100273
     -6.180000     11.253645
     -6.160000     11.581714
     -6.140000     12.195897
     -6.120000     13.156978
     -6.100000     14.446464
     -6.080000     15.838628
     -6.060000     16.930767
     -6.040000     17.486465
     -6.020000     17.621014
     -6.000000     17.516076
     -5.980000     17.186842
     -5.960000     16.648490
     -5.940000     16.085563
     -5.920000     15.752515
     -5.900000     15.734565
     -5.880000     15.823564
     -5.860000     15.735039
     -5.840000     15.435832
     -5.820000     15.094761
     -5.800000     14.758939
     -5.780000     14.302686
     -5.760000     13.728030
     -5.740000     13.308762
     -5.720000     13.301689
     -5.700000     13.648325
     -5.680000     14.084090
     -5.660000     14.384259
     -5.640000     14.378792
     -5.620000     13.923785
     -5.600000     13.057907
     -5.580000     12.084176
     -5.560000     11.342556
     -5.540000     10.942794
     -5.520000     10.778048
     -5.500000     10.743906
     -5.480000     10.830976
     -5.460000     10.966641
     -5.440000     10.984900
     -5.420000     10.910688
     -5.400000     11.021515
     -5.380000     11.485283
     -5.360000     12.162151
     -5.340000     12.770061
     -5.320000     13.061566
     -5.300000     12.931122
     -5.280000     12.479840
     -5.260000     11.925862
     -5.240000     11.473855
     -5.220000     11.288080
     -5.200000     11.455549
     -5.180000     11.971410
     -5.160000     12.848782
     -5.140000     14.082789
     -5.120000     15.405680
     -5.100000     16.380940
     -5.080000     16.903211
     -5.060000     17.291405
     -5.040000     17.772473
     -5.020000     18.216037
     -5.000000     18.441649
     -4.980000     18.439419
     -4.960000     18.242840
     -4.940000     17.855705
     -4.920000     17.288148
     -4.900000     16.492235
     -4.880000     15.407468
     -4.860000     14.232802
     -4.840000     13.444374
     -4.820000     13.334846
     -4.800000     13.659572
     -4.780000     13.927313
     -4.760000     13.985729
     -4.740000     14.112915
     -4.720000     14.545669
     -4.700000     15.162830
     -4.680000     15.683557
     -4.660000     16.018862
     -4.640000     16.393969
     -4.620000     17.189969
     -4.600000     18.569304
     -4.580000     20.095110
     -4.560000     20.846964
     -4.540000     20.180975
     -4.520000     18.351935
     -4.500000     16.236768
     -4.480000     14.574167
     -4.460000     13.606674
     -4.440000     13.192464
     -4.420000     13.006992
     -4.400000     12.787386
     -4.380000     12.531340
     -4.360000     12.383646
     -4.340000     12.375971
     -4.320000     12.428335
     -4.300000     12.530625
     -4.280000     12.789168
     -4.260000     13.315867
     -4.240000     14.057121
     -4.220000     14.721639
     -4.200000     15.011441
     -4.180000     14.924821
     -4.160000     14.645933
     -4.140000     14.206523
     -4.120000     13.521678
     -4.100000     12.662784
     -4.080000     11.823631
     -4.060000     11.138325
     -4.040000     10.701273
     -4.020000     10.554476
     -4.000000     10.569418
     -3.980000     10.549108
     -3.960000     10.440969
     -3.940000     10.335926
     -3.920000     10.308390
     -3.900000     10.296289
     -3.880000     10.170771
     -3.860000      9.939459
     -3.840000      9.763550
     -3.820000      9.741737
     -3.800000      9.810309
     -3.780000      9.894982
     -3.760000     10.049586
     -3.740000     10.357358
     -3.720000     10.780841
     -3.700000     11.253249
     -3.680000     11.811007
     -3.660000     12.438815
     -3.640000     12.896421
     -3.620000     12.905682
     -3.600000     12.461570
     -3.580000     11.854516
     -3.560000     11.416580
     -3.540000     11.252700
     -3.520000     11.176527
     -3.500000     10.956548
     -3.480000     10.670904
     -3.460000     10.693100
     -3.440000     11.224837
     -3.420000     11.990310
     -3.400000     12.515532
     -3.380000     12.581100
     -3.360000     12.323662
     -3.340000     12.002536
     -3.320000     11.737127
     -3.300000     11.497998
     -3.280000     11.316936
     -3.260000     11.289590
     -3.240000     11.298844
     -3.220000     11.023366
     -3.200000     10.375830
     -3.180000      9.699613
     -3.160000      9.385055
     -3.140000      9.444128
     -3.120000      9.573615
     -3.100000      9.534145
     -3.080000      9.330060
     -3.060000      9.060385
     -3.040000      8.778508
     -3.020000      8.564966
     -3.000000      8.610614
     -2.980000      9.086784
     -2.960000      9.904701
     -2.940000     10.693837
     -2.920000     11.138409
     -2.900000     11.307117
     -2.880000     11.529622
     -2.860000     12.005418
     -2.840000     12.688331
     -2.820000     13.478970
     -2.800000     14.301226
     -2.780000     14.963489
     -2.760000     15.128896
     -2.740000     14.553094
     -2.720000     13.375840
     -2.700000     12.114956
     -2.680000     11.254939
     -2.660000     10.888171
     -2.640000     10.867873
     -2.620000     11.140495
     -2.600000     11.668288
     -2.580000     12.083217
     -2.560000     11.756356
     -2.540000     10.407574
     -2.520000      8.479527
     -2.500000      6.771354
     -2.480000      5.824820
     -2.460000      5.653922
     -2.440000      5.884620
     -2.420000      6.127424
     -2.400000      6.259138
     -2.380000      6.359924
     -2.360000      6.469663
     -2.340000      6.499542
     -2.320000      6.388855
     -2.300000      6.259843
     -2.280000      6.286321
     -2.260000      6.429111
     -2.240000      6.453771
     -2.220000      6.236090
     -2.200000      5.914588
     -2.180000      5.687869
     -2.160000      5.580755
     -2.140000      5.475725
     -2.120000      5.296935
     -2.100000      5.108902
     -2.080000      5.047159
     -2.060000      5.154705
     -2.040000      5.308433
     -2.020000      5.373686
     -2.000000      5.409290
     -1.980000      5.628356
     -1.960000      6.221658
     -1.940000      7.321360
     -1.920000      8.943440
     -1.900000     10.753506
     -1.880000     12.105881
     -1.860000     12.533412
     -1.840000     12.067510
     -1.820000     11.073229
     -1.800000      9.980015
     -1.780000      9.141248
     -1.760000      8.746347
     -1.740000      8.813968
     -1.720000      9.300769
     -1.700000     10.154029
     -1.680000     11.238139
     -1.660000     12.367382
     -1.640000     13.483077
     -1.620000     14.662322
     -1.600000     15.860962
     -1.580000     16.685091
     -1.560000     16.581759
     -1.540000     15.421715
     -1.520000     13.742897
     -1.500000     12.216322
     -1.480000     11.072739
     -1.460000     10.215177
     -1.440000      9.557961
     -1.420000      9.016261
     -1.400000      8.461468
     -1.380000      7.902469
     -1.360000      7.513268
     -1.340000      7.408968
     -1.320000      7.541230
     -1.300000      7.768258
     -1.280000      7.933191
     -1.260000      7.967899
     -1.240000      7.931992
     -1.220000      7.882042
     -1.200000      7.810460
     -1.180000      7.741106
     -1.160000      7.712170
     -1.140000      7.673406
     -1.120000      7.533285
     -1.100000      7.281930
     -1.080000      7.022595
     -1.060000      6.870503
     -1.040000      6.809855
     -1.020000      6.734576
     -1.000000      6.628502
     -0.980000      6.577749
     -0.960000      6.626869
     -0.940000      6.720757
     -0.920000      6.795958
     -0.900000      6.884573
     -0.880000      7.084790
     -0.860000      7.465701
     -0.840000      8.068776
     -0.820000      8.970537
     -0.800000     10.203050
     -0.780000     11.479991
     -0.760000     12.089602
     -0.740000     11.358507
     -0.720000      9.345756
     -0.700000      6.893489
     -0.680000      4.896131
     -0.660000      3.667152
     -0.640000      3.018840
     -0.620000      2.678548
     -0.600000      2.484948
     -0.580000      2.353331
     -0.560000      2.237871
     -0.540000      2.150229
     -0.520000      2.168615
     -0.500000      2.399486
     -0.480000      2.907713
     -0.460000      3.635181
     -0.440000      4.380067
     -0.420000      4.924658
     -0.400000      5.205152
     -0.380000      5.327417
     -0.360000      5.447296
     -0.340000      5.665940
     -0.320000      5.981933
     -0.300000      6.277996
     -0.280000      6.380113
     -0.260000      6.188959
     -0.240000      5.754291
     -0.220000      5.220658
     -0.200000      4.735857
     -0.180000      4.396968
     -0.160000      4.225324
     -0.140000      4.175981
     -0.120000      4.192356
     -0.100000      4.256600
     -0.080000      4.382367
     -0.060000      4.562735
     -0.040000      4.730322
     -0.020000      4.779864
      0.000000      4.643191
      0.020000      4.358055
      0.040000      4.061593
      0.060000      3.874627
      0.080000      3.791680
      0.100000      3.721861
      0.120000      3.599217
      0.140000      3.424701
      0.160000      3.259278
      0.180000      3.171866
      0.200000      3.151274
      0.220000      3.120660
      0.240000      3.038534
      0.260000      2.905687
      0.280000      2.720659
      0.300000      2.508605
      0.320000      2.330085
      0.340000      2.210107
      0.360000      2.116476
      0.380000      2.024919
      0.400000      1.947164
      0.420000      1.887598
      0.440000      1.826517
      0.460000      1.756139
      0.480000      1.691159
      0.500000      1.637643
      0.520000      1.584422
      0.540000      1.525838
      0.560000      1.467518
      0.580000      1.414318
      0.600000      1.365952
      0.620000      1.316952
      0.640000      1.262793
      0.660000      1.209068
      0.680000      1.163245
      0.700000      1.120042
      0.720000      1.070325
      0.740000      1.017836
      0.760000      0.971378
      0.780000      0.930101
      0.800000      0.886371
      0.820000      0.836567
      0.840000      0.786855
      0.860000      0.745740
      0.880000      0.708021
      0.900000      0.660799
      0.920000      0.608980
      0.940000      0.568574
      0.960000      0.535658
      0.980000      0.494048
      1.000000      0.446595
      1.020000      0.408722
      1.040000      0.379221
      1.060000      0.340697
      1.080000      0.285919
      1.100000      0.227087
      1.120000      0.176314
      1.140000      0.132463
      1.160000      0.094371
      1.180000      0.073188
      1.200000      0.082411
      1.220000      0.121748
      1.240000      0.174898
      1.260000      0.221174
      1.280000      0.251256
      1.300000      0.272152
      1.320000      0.291108
      1.340000      0.303161
      1.360000      0.309248
      1.380000      0.327524
      1.400000      0.364230
      1.420000      0.401922
      1.440000      0.438669
      1.460000      0.498754
      1.480000      0.583319
      1.500000      0.657214
      1.520000      0.705757
      1.540000      0.754426
      1.560000      0.815510
      1.580000      0.869979
      1.600000      0.912708
      1.620000      0.961864
      1.640000      1.020541
      1.660000      1.075795
      1.680000      1.127885
      1.700000      1.184235
      1.720000      1.242742
      1.740000      1.301671
      1.760000      1.364352
      1.780000      1.429044
      1.800000      1.492597
      1.820000      1.559471
      1.840000      1.634028
      1.860000      1.712239
      1.880000      1.789177
      1.900000      1.870395
      1.920000      1.966387
      1.940000      2.073624
      1.960000      2.185177
      1.980000      2.322653
      2.000000      2.516934
      2.020000      2.765958
      2.040000      3.057737
      2.060000      3.402319
      2.080000      3.776488
      2.100000      4.074012
      2.120000      4.187941
      2.140000      4.120015
      2.160000      3.953396
      2.180000      3.758529
      2.200000      3.582718
      2.220000      3.469953
      2.240000      3.417519
      2.260000      3.366216
      2.280000      3.297655
      2.300000      3.282939
      2.320000      3.377523
      2.340000      3.564859
      2.360000      3.846258
      2.380000      4.235107
      2.400000      4.613269
      2.420000      4.745455
      2.440000      4.539906
      2.460000      4.196119
      2.480000      3.970550
      2.500000      3.924975
      2.520000      4.039290
      2.540000      4.386210
      2.560000      5.052904
      2.580000      6.069683
      2.600000      7.513975
      2.620000      9.466499
      2.640000     11.729519
      2.660000     13.758239
      2.680000     14.970298
      2.700000     15.044450
      2.720000     13.995460
      2.740000     12.137188
      2.760000      9.980428
      2.780000      8.059049
      2.800000      6.731788
      2.820000      6.048834
      2.840000      5.783310
      2.860000      5.620970
      2.880000      5.364794
      2.900000      5.005355
      2.920000      4.639497
      2.940000      4.350042
      2.960000      4.159593
      2.980000      4.063742
      3.000000      4.076627
      3.020000      4.242761
      3.040000      4.577602
      3.060000      4.982645
      3.080000      5.308772
      3.100000      5.542297
      3.120000      5.828320
      3.140000      6.269577
      3.160000      6.785851
      3.180000      7.212308
      3.200000      7.461502
      3.220000      7.549493
      3.240000      7.553710
      3.260000      7.603811
      3.280000      7.821022
      3.300000      8.161776
      3.320000      8.352756
      3.340000      8.097934
      3.360000      7.387758
      3.380000      6.518376
      3.400000      5.784024
      3.420000      5.261238
      3.440000      4.910399
      3.460000      4.734266
      3.480000      4.752932
      3.500000      4.910812
      3.520000      5.095747
      3.540000      5.238239
      3.560000      5.352322
      3.580000      5.479600
      3.600000      5.621781
      3.620000      5.737294
      3.640000      5.781550
      3.660000      5.728400
      3.680000      5.561422
      3.700000      5.265932
      3.720000      4.849494
      3.740000      4.383009
      3.760000      3.987186
      3.780000      3.746223
      3.800000      3.662619
      3.820000      3.695886
      3.840000      3.783159
      3.860000      3.824573
      3.880000      3.748532
      3.900000      3.616128
      3.920000      3.573385
      3.940000      3.693004
      3.960000      3.935661
      3.980000      4.244307
      4.000000      4.592511
      4.020000      4.928892
      4.040000      5.135160
      4.060000      5.105863
      4.080000      4.868585
      4.100000      4.575100
      4.120000      4.377095
      4.140000      4.319256
      4.160000      4.314332
      4.180000      4.239119
      4.200000      4.093060
      4.220000      4.000897
      4.240000      4.028960
      4.260000      4.108373
      4.280000      4.184098
      4.300000      4.308897
      4.320000      4.520640
      4.340000      4.743184
      4.360000      4.878916
      4.380000      4.924057
      4.400000      4.948508
      4.420000      4.992780
      4.440000      5.021923
      4.460000      4.998932
      4.480000      4.960698
      4.500000      4.964228
      4.520000      4.990620
      4.540000      4.982788
      4.560000      4.957090
      4.580000      4.974825
      4.600000      5.024173
      4.620000      5.040893
      4.640000      5.000936
      4.660000      4.904530
      4.680000      4.757247
      4.700000      4.604760
      4.720000      4.482175
      4.740000      4.359560
      4.760000      4.220314
      4.780000      4.113564
      4.800000      4.071700
      4.820000      4.057856
      4.840000      4.027601
      4.860000      3.978504
      4.880000      3.919157
      4.900000      3.841809
      4.920000      3.761545
      4.940000      3.746402
      4.960000      3.850968
      4.980000      4.021355
      5.000000      4.121107
      5.020000      4.090503
      5.040000      4.034798
      5.060000      4.080416
      5.080000      4.191820
      5.100000      4.246920
      5.120000      4.257514
      5.140000      4.360688
      5.160000      4.586342
      5.180000      4.785215
      5.200000      4.819211
      5.220000      4.695647
      5.240000      4.490258
      5.260000      4.258389
      5.280000      4.048396
      5.300000      3.903065
      5.320000      3.823297
      5.340000      3.795997
      5.360000      3.842178
      5.380000      3.969125
      5.400000      4.105294
      5.420000      4.157494
      5.440000      4.119433
      5.460000      4.064898
      5.480000      4.049311
      5.500000      4.065464
      5.520000      4.073465
      5.540000      4.037147
      5.560000      3.943235
      5.580000      3.802455
      5.600000      3.631349
      5.620000      3.434858
      5.640000      3.219051
      5.660000      3.018770
      5.680000      2.883536
      5.700000      2.821394
      5.720000      2.785329
      5.740000      2.739310
      5.760000      2.700891
      5.780000      2.685230
      5.800000      2.658823
      5.820000      2.591736
      5.840000      2.513032
      5.860000      2.495751
      5.880000      2.614704
      5.900000      2.893792
      5.920000      3.259715
      5.940000      3.576354
      5.960000      3.736571
      5.980000      3.696363
      6.000000      3.475107
      6.020000      3.177333
      6.040000      2.940710
      6.060000      2.817962
      6.080000      2.766915
      6.100000      2.763169
      6.120000      2.856471
      6.140000      3.090858
      6.160000      3.414474
      6.180000      3.701459
      6.200000      3.847174
      6.220000      3.835789
      6.240000      3.739158
      6.260000      3.649606
      6.280000      3.592009
      6.300000      3.523493
      6.320000      3.425891
      6.340000      3.345536
      6.360000      3.336438
      6.380000      3.396911
      6.400000      3.456062
      6.420000      3.432183
      6.440000      3.327081
      6.460000      3.228084
      6.480000      3.190561
      6.500000      3.172125
      6.520000      3.110964
      6.540000      3.000653
      6.560000      2.865119
      6.580000      2.734248
      6.600000      2.657530
      6.620000      2.673824
      6.640000      2.746212
      6.660000      2.774017
      6.680000      2.699109
      6.700000      2.572232
      6.720000      2.504854
      6.740000      2.584702
      6.760000      2.812363
      6.780000      3.071721
      6.800000      3.208568
      6.820000      3.192310
      6.840000      3.150231
      6.860000      3.221792
      6.880000      3.432444
      6.900000      3.690576
      6.920000      3.857546
      6.940000      3.843806
      6.960000      3.660214
      6.980000      3.404175
      7.000000      3.231692
      7.020000      3.252735
      7.040000      3.379679
      7.060000      3.391939
      7.080000      3.202102
      7.100000      2.943938
      7.120000      2.777466
      7.140000      2.725916
      7.160000      2.719176
      7.180000      2.679312
      7.200000      2.544221
      7.220000      2.309354
      7.240000      2.070397
      7.260000      1.958700
      7.280000      2.022151
      7.300000      2.202463
      7.320000      2.418234
      7.340000      2.633274
      7.360000      2.834752
      7.380000      2.995995
      7.400000      3.122235
      7.420000      3.288042
      7.440000      3.550027
      7.460000      3.848686
      7.480000      4.055709
      7.500000      4.094537
      7.520000      3.971409
      7.540000      3.734649
      7.560000      3.446746
      7.580000      3.148978
      7.600000      2.843531
      7.620000      2.543773
      7.640000      2.302216
      7.660000      2.154140
      7.680000      2.083853
      7.700000      2.073438
      7.720000      2.136263
      7.740000      2.273521
      7.760000      2.427251
      7.780000      2.511722
      7.800000      2.490277
      7.820000      2.401678
      7.840000      2.319382
      7.860000      2.295845
      7.880000      2.330146
      7.900000      2.375000
      7.920000      2.375471
      7.940000      2.312918
      7.960000      2.221432
      7.980000      2.161332
      8.000000      2.167271
      8.020000      2.217074
      8.040000      2.261286
      8.060000      2.269316
      8.080000      2.235366
      8.100000      2.177506
      8.120000      2.143449
      8.140000      2.178868
      8.160000      2.285300
      8.180000      2.455175
      8.200000      2.753062
      8.220000      3.290308
      8.240000      4.054276
      8.260000      4.783857
      8.280000      5.122363
      8.300000      4.937487
      8.320000      4.413042
      8.340000      3.842515
      8.360000      3.425902
      8.380000      3.222306
      8.400000      3.176168
      8.420000      3.160213
      8.440000      3.073297
      8.460000      2.925401
      8.480000      2.798864
      8.500000      2.767723
      8.520000      2.838985
      8.540000      2.957454
      8.560000      3.199337
      8.580000      3.927990
      8.600000      5.520552
      8.620000      7.888733
      8.640000     10.402396
      8.660000     12.337452
      8.680000     13.354096
      8.700000     13.609825
      8.720000     13.576304
      8.740000     13.690006
      8.760000     14.010539
      8.780000     14.255603
      8.800000     14.235918
      8.820000     14.142982
      8.840000     14.314049
      8.860000     14.837708
      8.880000     15.481752
      8.900000     15.913400
      8.920000     16.003928
      8.940000     15.935465
      8.960000     15.904457
      8.980000     15.882813
      9.000000     15.836513
      9.020000     15.874564
      9.040000     16.007001
      9.060000     16.044135
      9.080000     15.849737
      9.100000     15.535925
      9.120000     15.389038
      9.140000     15.675585
      9.160000     16.506063
      9.180000     17.830240
      9.200000     19.561127
      9.220000     21.682122
      9.240000     24.077868
      9.260000     26.229030
      9.280000     27.321666
      9.300000     26.839245
      9.320000     25.048440
      9.340000     22.889887
      9.360000     21.408273
      9.380000     21.247772
      9.400000     22.393065
      9.420000     24.085592
      9.440000     25.181764
      9.460000     24.908657
      9.480000     23.294809
      9.500000     20.973281
      9.520000     18.726597
      9.540000     17.060796
      9.560000     15.964197
      9.580000     15.056428
      9.600000     14.082035
      9.620000     13.215101
      9.640000     12.755279
      9.660000     12.687817
      9.680000     12.767759
      9.700000     12.864036
      9.720000     13.007503
      9.740000     13.254981
      9.760000     13.649708
      9.780000     14.158683
      9.800000     14.553181
      9.820000     14.532348
      9.840000     14.064866
      9.860000     13.462099
      9.880000     13.046712
      9.900000     12.863502
      9.920000     12.748528
      9.940000     12.591012
      9.960000     12.490087
      9.980000     12.682094
     10.000000     13.300824
