# EIG2DOS: Utility for SIESTA to obtain the electronic density of states
#
#                                                  Emilio Artacho, Apr. 1999
# --------------------------------------------------------------------------
# Nbands, Nspin, Nk   =    936     1   352
# E_F                 =    -5.1578 eV
# Broadening          =     0.0500 eV
# Number of electrons =   304.8864  305.1804 per cell
#
#        E            N
# --------------------------------------------------------------------------
    -10.000000      4.786455
     -9.980000      5.070603
     -9.960000      5.538311
     -9.940000      6.078665
     -9.920000      6.622953
     -9.900000      7.146580
     -9.880000      7.535407
     -9.860000      7.600392
     -9.840000      7.260974
     -9.820000      6.665632
     -9.800000      6.083764
     -9.780000      5.667745
     -9.760000      5.391940
     -9.740000      5.215385
     -9.720000      5.175823
     -9.700000      5.323100
     -9.680000      5.633390
     -9.660000      5.978582
     -9.640000      6.226862
     -9.620000      6.427161
     -9.600000      6.774663
     -9.580000      7.328041
     -9.560000      7.910113
     -9.540000      8.316060
     -9.520000      8.452938
     -9.500000      8.308320
     -9.480000      7.949780
     -9.460000      7.506733
     -9.440000      7.061329
     -9.420000      6.595858
     -9.400000      6.052163
     -9.380000      5.428344
     -9.360000      4.841971
     -9.340000      4.472617
     -9.320000      4.400756
     -9.300000      4.577185
     -9.280000      5.028906
     -9.260000      5.919787
     -9.240000      7.193029
     -9.220000      8.322508
     -9.200000      8.711031
     -9.180000      8.263512
     -9.160000      7.395232
     -9.140000      6.622585
     -9.120000      6.278983
     -9.100000      6.436298
     -9.080000      6.943614
     -9.060000      7.580017
     -9.040000      8.168984
     -9.020000      8.573296
     -9.000000      8.717987
     -8.980000      8.647839
     -8.960000      8.450555
     -8.940000      8.122480
     -8.920000      7.656454
     -8.900000      7.233191
     -8.880000      7.093979
     -8.860000      7.191905
     -8.840000      7.164882
     -8.820000      6.732905
     -8.800000      6.001861
     -8.780000      5.288927
     -8.760000      4.800176
     -8.740000      4.628382
     -8.720000      4.870029
     -8.700000      5.480041
     -8.680000      6.109135
     -8.660000      6.360644
     -8.640000      6.216262
     -8.620000      6.025357
     -8.600000      6.109350
     -8.580000      6.490953
     -8.560000      6.906148
     -8.540000      7.017976
     -8.520000      6.743935
     -8.500000      6.412675
     -8.480000      6.492679
     -8.460000      7.125486
     -8.440000      7.987056
     -8.420000      8.599624
     -8.400000      8.722139
     -8.380000      8.479096
     -8.360000      8.168248
     -8.340000      7.948812
     -8.320000      7.730906
     -8.300000      7.374244
     -8.280000      6.943476
     -8.260000      6.674295
     -8.240000      6.699842
     -8.220000      6.930410
     -8.200000      7.185839
     -8.180000      7.348567
     -8.160000      7.388165
     -8.140000      7.262922
     -8.120000      6.877967
     -8.100000      6.232410
     -8.080000      5.526634
     -8.060000      5.018053
     -8.040000      4.825191
     -8.020000      4.912408
     -8.000000      5.174586
     -7.980000      5.508246
     -7.960000      5.890514
     -7.940000      6.409910
     -7.920000      7.161450
     -7.900000      8.095206
     -7.880000      8.984391
     -7.860000      9.572103
     -7.840000      9.756462
     -7.820000      9.580455
     -7.800000      9.104912
     -7.780000      8.453149
     -7.760000      7.891431
     -7.740000      7.658377
     -7.720000      7.759088
     -7.700000      7.998492
     -7.680000      8.134690
     -7.660000      8.021659
     -7.640000      7.687535
     -7.620000      7.261623
     -7.600000      6.880439
     -7.580000      6.686316
     -7.560000      6.743264
     -7.540000      6.922971
     -7.520000      7.044881
     -7.500000      7.110666
     -7.480000      7.240164
     -7.460000      7.444479
     -7.440000      7.632633
     -7.420000      7.747600
     -7.400000      7.764736
     -7.380000      7.702718
     -7.360000      7.698979
     -7.340000      7.878799
     -7.320000      8.165093
     -7.300000      8.397956
     -7.280000      8.540268
     -7.260000      8.660988
     -7.240000      8.830681
     -7.220000      9.008774
     -7.200000      8.977030
     -7.180000      8.544373
     -7.160000      7.870074
     -7.140000      7.393423
     -7.120000      7.368039
     -7.100000      7.636954
     -7.080000      7.967034
     -7.060000      8.424540
     -7.040000      9.263190
     -7.020000     10.565797
     -7.000000     12.128241
     -6.980000     13.657715
     -6.960000     14.994779
     -6.940000     16.011141
     -6.920000     16.331123
     -6.900000     15.536453
     -6.880000     13.807129
     -6.860000     12.026251
     -6.840000     11.097054
     -6.820000     11.324708
     -6.800000     12.364364
     -6.780000     13.496212
     -6.760000     14.028090
     -6.740000     13.754034
     -6.720000     13.130427
     -6.700000     12.817669
     -6.680000     12.997945
     -6.660000     13.353276
     -6.640000     13.623345
     -6.620000     13.806630
     -6.600000     13.844573
     -6.580000     13.482572
     -6.560000     12.623560
     -6.540000     11.696864
     -6.520000     11.430488
     -6.500000     12.187295
     -6.480000     13.653548
     -6.460000     15.171644
     -6.440000     16.174597
     -6.420000     16.330907
     -6.400000     15.636185
     -6.380000     14.429675
     -6.360000     13.109850
     -6.340000     11.977478
     -6.320000     11.433401
     -6.300000     11.933233
     -6.280000     13.567220
     -6.260000     15.855413
     -6.240000     17.921482
     -6.220000     18.846387
     -6.200000     18.199149
     -6.180000     16.424873
     -6.160000     14.528809
     -6.140000     13.319663
     -6.120000     13.030804
     -6.100000     13.471423
     -6.080000     14.269035
     -6.060000     15.030121
     -6.040000     15.506177
     -6.020000     15.696079
     -6.000000     15.810386
     -5.980000     16.165221
     -5.960000     16.989075
     -5.940000     18.163989
     -5.920000     19.229706
     -5.900000     19.816916
     -5.880000     20.038688
     -5.860000     20.325660
     -5.840000     20.821275
     -5.820000     20.981635
     -5.800000     20.005075
     -5.780000     17.802452
     -5.760000     15.289532
     -5.740000     13.520732
     -5.720000     12.765905
     -5.700000     12.609868
     -5.680000     12.647882
     -5.660000     12.776730
     -5.640000     13.038054
     -5.620000     13.464430
     -5.600000     13.958096
     -5.580000     14.288125
     -5.560000     14.363155
     -5.540000     14.396523
     -5.520000     14.640169
     -5.500000     15.091020
     -5.480000     15.558426
     -5.460000     15.849845
     -5.440000     15.805284
     -5.420000     15.279343
     -5.400000     14.199092
     -5.380000     12.670707
     -5.360000     10.992830
     -5.340000      9.538423
     -5.320000      8.647979
     -5.300000      8.537210
     -5.280000      9.141554
     -5.260000     10.065947
     -5.240000     10.813932
     -5.220000     11.154931
     -5.200000     11.335407
     -5.180000     11.895924
     -5.160000     13.157324
     -5.140000     14.873453
     -5.120000     16.381705
     -5.100000     17.032487
     -5.080000     16.653698
     -5.060000     15.767397
     -5.040000     15.121797
     -5.020000     14.935379
     -5.000000     14.845055
     -4.980000     14.512274
     -4.960000     13.984168
     -4.940000     13.518757
     -4.920000     13.410198
     -4.900000     13.999794
     -4.880000     15.320332
     -4.860000     16.661432
     -4.840000     17.166379
     -4.820000     16.857947
     -4.800000     16.475829
     -4.780000     16.494059
     -4.760000     16.647297
     -4.740000     16.155832
     -4.720000     14.425393
     -4.700000     11.735367
     -4.680000      9.010467
     -4.660000      6.919899
     -4.640000      5.529802
     -4.620000      4.681190
     -4.600000      4.327225
     -4.580000      4.535302
     -4.560000      5.365871
     -4.540000      6.754170
     -4.520000      8.445514
     -4.500000     10.103267
     -4.480000     11.540681
     -4.460000     12.806621
     -4.440000     14.024786
     -4.420000     15.170403
     -4.400000     16.011386
     -4.380000     16.304292
     -4.360000     16.069008
     -4.340000     15.601661
     -4.320000     15.179666
     -4.300000     14.857749
     -4.280000     14.552501
     -4.260000     14.174651
     -4.240000     13.685469
     -4.220000     13.074554
     -4.200000     12.295227
     -4.180000     11.384956
     -4.160000     10.624594
     -4.140000     10.290098
     -4.120000     10.299343
     -4.100000     10.363547
     -4.080000     10.361920
     -4.060000     10.345818
     -4.040000     10.328886
     -4.020000     10.311822
     -4.000000     10.432606
     -3.980000     10.847782
     -3.960000     11.438222
     -3.940000     11.844346
     -3.920000     11.903115
     -3.900000     11.870453
     -3.880000     12.056433
     -3.860000     12.407207
     -3.840000     12.590443
     -3.820000     12.365521
     -3.800000     11.780385
     -3.780000     11.064544
     -3.760000     10.396523
     -3.740000      9.808355
     -3.720000      9.271611
     -3.700000      8.791984
     -3.680000      8.418248
     -3.660000      8.184231
     -3.640000      8.054143
     -3.620000      7.991595
     -3.600000      8.076328
     -3.580000      8.444310
     -3.560000      9.153792
     -3.540000     10.256660
     -3.520000     11.906649
     -3.500000     14.087945
     -3.480000     16.147232
     -3.460000     16.949645
     -3.440000     15.916061
     -3.420000     13.737088
     -3.400000     11.611439
     -3.380000      9.996799
     -3.360000      8.577592
     -3.340000      7.196798
     -3.320000      6.245963
     -3.300000      6.109319
     -3.280000      6.632988
     -3.260000      7.392712
     -3.240000      8.242104
     -3.220000      9.190696
     -3.200000      9.924729
     -3.180000      9.987691
     -3.160000      9.383827
     -3.140000      8.606439
     -3.120000      8.115220
     -3.100000      8.032852
     -3.080000      8.276720
     -3.060000      8.757734
     -3.040000      9.440412
     -3.020000     10.337225
     -3.000000     11.480373
     -2.980000     12.826926
     -2.960000     14.065014
     -2.940000     14.559724
     -2.920000     13.805740
     -2.900000     12.006124
     -2.880000      9.908470
     -2.860000      8.133485
     -2.840000      6.972372
     -2.820000      6.545376
     -2.800000      6.731669
     -2.780000      7.115292
     -2.760000      7.239237
     -2.740000      6.931220
     -2.720000      6.415969
     -2.700000      6.049771
     -2.680000      5.899096
     -2.660000      5.762206
     -2.640000      5.624279
     -2.620000      5.748190
     -2.600000      6.190829
     -2.580000      6.536453
     -2.560000      6.307347
     -2.540000      5.514652
     -2.520000      4.652393
     -2.500000      4.134729
     -2.480000      3.871921
     -2.460000      3.576686
     -2.440000      3.343061
     -2.420000      3.534791
     -2.400000      4.149353
     -2.380000      4.736611
     -2.360000      5.043514
     -2.340000      5.384302
     -2.320000      6.162957
     -2.300000      7.240272
     -2.280000      8.021190
     -2.260000      8.111560
     -2.240000      7.713427
     -2.220000      7.353349
     -2.200000      7.321885
     -2.180000      7.497741
     -2.160000      7.726284
     -2.140000      8.122963
     -2.120000      8.814600
     -2.100000      9.598538
     -2.080000     10.163100
     -2.060000     10.583633
     -2.040000     11.203672
     -2.020000     11.855866
     -2.000000     11.710996
     -1.980000     10.373768
     -1.960000      8.688388
     -1.940000      8.041566
     -1.920000      9.423003
     -1.900000     13.201100
     -1.880000     18.607722
     -1.860000     23.240419
     -1.840000     24.381442
     -1.820000     21.273060
     -1.800000     15.618263
     -1.780000      9.947358
     -1.760000      5.831537
     -1.740000      3.494074
     -1.720000      2.513016
     -1.700000      2.423494
     -1.680000      2.833799
     -1.660000      3.425368
     -1.640000      4.015640
     -1.620000      4.592465
     -1.600000      5.271520
     -1.580000      6.146299
     -1.560000      7.088353
     -1.540000      7.734427
     -1.520000      7.803807
     -1.500000      7.490577
     -1.480000      7.386010
     -1.460000      7.867194
     -1.440000      8.718918
     -1.420000      9.484933
     -1.400000      9.972601
     -1.380000     10.231907
     -1.360000     10.274984
     -1.340000     10.175872
     -1.320000     10.407242
     -1.300000     11.693991
     -1.280000     14.193456
     -1.260000     16.728610
     -1.240000     17.351941
     -1.220000     15.301703
     -1.200000     11.896543
     -1.180000      8.976805
     -1.160000      7.209389
     -1.140000      6.154329
     -1.120000      5.170531
     -1.100000      4.019885
     -1.080000      2.917010
     -1.060000      2.154265
     -1.040000      1.807848
     -1.020000      1.794807
     -1.000000      1.993007
     -0.980000      2.265618
     -0.960000      2.469154
     -0.940000      2.474008
     -0.920000      2.245795
     -0.900000      1.899705
     -0.880000      1.582178
     -0.860000      1.343445
     -0.840000      1.161403
     -0.820000      1.001313
     -0.800000      0.832947
     -0.780000      0.640723
     -0.760000      0.434998
     -0.740000      0.251979
     -0.720000      0.139202
     -0.700000      0.152218
     -0.680000      0.384214
     -0.660000      0.970155
     -0.640000      1.984458
     -0.620000      3.299422
     -0.600000      4.607063
     -0.580000      5.665759
     -0.560000      6.547131
     -0.540000      7.601199
     -0.520000      9.107471
     -0.500000     10.882590
     -0.480000     12.202728
     -0.460000     12.180467
     -0.440000     10.391931
     -0.420000      7.318088
     -0.400000      4.123392
     -0.380000      1.811356
     -0.360000      0.608184
     -0.340000      0.153872
     -0.320000      0.029044
     -0.300000      0.004062
     -0.280000      0.000419
     -0.260000      0.000032
     -0.240000      0.000002
     -0.220000      0.000001
     -0.200000      0.000018
     -0.180000      0.000277
     -0.160000      0.003107
     -0.140000      0.025700
     -0.120000      0.157259
     -0.100000      0.715700
     -0.080000      2.438053
     -0.060000      6.261048
     -0.040000     12.206579
     -0.020000     18.169414
      0.000000     20.710523
      0.020000     18.071199
      0.040000     12.028854
      0.060000      6.074716
      0.080000      2.314915
      0.100000      0.673799
      0.120000      0.205438
      0.140000      0.250772
      0.160000      0.616092
      0.180000      1.284896
      0.200000      2.165478
      0.220000      3.069407
      0.240000      3.860253
      0.260000      4.537641
      0.280000      5.165112
      0.300000      5.787344
      0.320000      6.431078
      0.340000      7.107348
      0.360000      7.731102
      0.380000      8.028027
      0.400000      7.648273
      0.420000      6.528682
      0.440000      5.064154
      0.460000      3.776210
      0.480000      2.903348
      0.500000      2.380036
      0.520000      2.055176
      0.540000      1.826033
      0.560000      1.644172
      0.580000      1.490603
      0.600000      1.357212
      0.620000      1.237605
      0.640000      1.128559
      0.660000      1.028368
      0.680000      0.932287
      0.700000      0.832378
      0.720000      0.715610
      0.740000      0.568792
      0.760000      0.397128
      0.780000      0.231872
      0.800000      0.108740
      0.820000      0.039756
      0.840000      0.011103
      0.860000      0.002337
      0.880000      0.000368
      0.900000      0.000043
      0.920000      0.000004
      0.940000      0.000000
      0.960000      0.000000
      0.980000      0.000003
      1.000000      0.000033
      1.020000      0.000288
      1.040000      0.001882
      1.060000      0.009168
      1.080000      0.033563
      1.100000      0.093500
      1.120000      0.202066
      1.140000      0.348770
      1.160000      0.500148
      1.180000      0.625087
      1.200000      0.716879
      1.220000      0.788628
      1.240000      0.851687
      1.260000      0.910119
      1.280000      0.970563
      1.300000      1.034516
      1.320000      1.094679
      1.340000      1.154260
      1.360000      1.221956
      1.380000      1.290326
      1.400000      1.351501
      1.420000      1.417869
      1.440000      1.496669
      1.460000      1.570853
      1.480000      1.636842
      1.500000      1.718506
      1.520000      1.814775
      1.540000      1.899692
      1.560000      1.985485
      1.580000      2.104241
      1.600000      2.251955
      1.620000      2.443419
      1.640000      2.782511
      1.660000      3.373640
      1.680000      4.151952
      1.700000      4.849848
      1.720000      5.162431
      1.740000      4.970311
      1.760000      4.426563
      1.780000      3.824228
      1.800000      3.358429
      1.820000      3.035036
      1.840000      2.811334
      1.860000      2.715662
      1.880000      2.803532
      1.900000      3.137519
      1.920000      3.795048
      1.940000      4.754159
      1.960000      5.778763
      1.980000      6.491959
      2.000000      6.644255
      2.020000      6.325993
      2.040000      5.820202
      2.060000      5.298522
      2.080000      4.796401
      2.100000      4.390548
      2.120000      4.200609
      2.140000      4.231563
      2.160000      4.375806
      2.180000      4.538797
      2.200000      4.669938
      2.220000      4.822465
      2.240000      5.249574
      2.260000      6.268080
      2.280000      7.981601
      2.300000     10.122048
      2.320000     12.091629
      2.340000     13.310286
      2.360000     13.628116
      2.380000     13.270927
      2.400000     12.493441
      2.420000     11.530746
      2.440000     10.657717
      2.460000      9.896971
      2.480000      8.871203
      2.500000      7.343119
      2.520000      5.668980
      2.540000      4.422037
      2.560000      3.840025
      2.580000      3.791645
      2.600000      4.015725
      2.620000      4.284593
      2.640000      4.483426
      2.660000      4.606871
      2.680000      4.654627
      2.700000      4.581487
      2.720000      4.414890
      2.740000      4.345602
      2.760000      4.592563
      2.780000      5.174453
      2.800000      5.852991
      2.820000      6.339562
      2.840000      6.560877
      2.860000      6.646127
      2.880000      6.680063
      2.900000      6.615147
      2.920000      6.410611
      2.940000      6.136392
      2.960000      5.922650
      2.980000      5.854664
      3.000000      5.968789
      3.020000      6.308085
      3.040000      6.858105
      3.060000      7.457647
      3.080000      7.901871
      3.100000      8.086004
      3.120000      7.964951
      3.140000      7.508676
      3.160000      6.801997
      3.180000      6.071492
      3.200000      5.554874
      3.220000      5.376590
      3.240000      5.487845
      3.260000      5.685458
      3.280000      5.750147
      3.300000      5.629668
      3.320000      5.487147
      3.340000      5.503843
      3.360000      5.619205
      3.380000      5.551102
      3.400000      5.123993
      3.420000      4.486114
      3.440000      3.901623
      3.460000      3.439707
      3.480000      3.011749
      3.500000      2.607835
      3.520000      2.332348
      3.540000      2.229999
      3.560000      2.197237
      3.580000      2.109439
      3.600000      1.976868
      3.620000      1.930987
      3.640000      2.091873
      3.660000      2.490202
      3.680000      3.095821
      3.700000      3.851089
      3.720000      4.664422
      3.740000      5.440534
      3.760000      6.118844
      3.780000      6.638447
      3.800000      6.940085
      3.820000      7.047681
      3.840000      7.018915
      3.860000      6.810753
      3.880000      6.358870
      3.900000      5.742285
      3.920000      5.122348
      3.940000      4.617995
      3.960000      4.328100
      3.980000      4.311019
      4.000000      4.482941
      4.020000      4.682384
      4.040000      4.809534
      4.060000      4.795458
      4.080000      4.578804
      4.100000      4.250146
      4.120000      4.057755
      4.140000      4.134068
      4.160000      4.312364
      4.180000      4.297632
      4.200000      3.992095
      4.220000      3.597740
      4.240000      3.371063
      4.260000      3.342297
      4.280000      3.372237
      4.300000      3.427923
      4.320000      3.639002
      4.340000      4.080961
      4.360000      4.633560
      4.380000      5.059714
      4.400000      5.157803
      4.420000      4.886393
      4.440000      4.415934
      4.460000      4.013092
      4.480000      3.824367
      4.500000      3.808685
      4.520000      3.867221
      4.540000      3.955766
      4.560000      4.069218
      4.580000      4.201919
      4.600000      4.327104
      4.620000      4.360541
      4.640000      4.206700
      4.660000      3.885400
      4.680000      3.532705
      4.700000      3.285725
      4.720000      3.210378
      4.740000      3.282754
      4.760000      3.430962
      4.780000      3.614559
      4.800000      3.817383
      4.820000      3.971328
      4.840000      3.973658
      4.860000      3.803040
      4.880000      3.543066
      4.900000      3.275078
      4.920000      3.016668
      4.940000      2.762397
      4.960000      2.529144
      4.980000      2.356702
      5.000000      2.307119
      5.020000      2.464221
      5.040000      2.848904
      5.060000      3.320528
      5.080000      3.670166
      5.100000      3.824723
      5.120000      3.862367
      5.140000      3.854348
      5.160000      3.829665
      5.180000      3.885950
      5.200000      4.141237
      5.220000      4.512263
      5.240000      4.728820
      5.260000      4.668823
      5.280000      4.501310
      5.300000      4.395235
      5.320000      4.321768
      5.340000      4.263255
      5.360000      4.325135
      5.380000      4.517903
      5.400000      4.678687
      5.420000      4.655769
      5.440000      4.421122
      5.460000      4.046818
      5.480000      3.650107
      5.500000      3.336247
      5.520000      3.178835
      5.540000      3.225399
      5.560000      3.469801
      5.580000      3.799119
      5.600000      4.012972
      5.620000      3.981544
      5.640000      3.787711
      5.660000      3.627846
      5.680000      3.563058
      5.700000      3.450475
      5.720000      3.145231
      5.740000      2.707427
      5.760000      2.365731
      5.780000      2.295865
      5.800000      2.450884
      5.820000      2.610195
      5.840000      2.606172
      5.860000      2.484753
      5.880000      2.414587
      5.900000      2.474793
      5.920000      2.575539
      5.940000      2.565931
      5.960000      2.423043
      5.980000      2.331501
      6.000000      2.497534
      6.020000      2.887566
      6.040000      3.232399
      6.060000      3.288590
      6.080000      3.061082
      6.100000      2.765979
      6.120000      2.592413
      6.140000      2.531703
      6.160000      2.451203
      6.180000      2.315715
      6.200000      2.267044
      6.220000      2.441590
      6.240000      2.796510
      6.260000      3.168301
      6.280000      3.405543
      6.300000      3.439337
      6.320000      3.336258
      6.340000      3.242634
      6.360000      3.215652
      6.380000      3.205871
      6.400000      3.209147
      6.420000      3.309496
      6.440000      3.537058
      6.460000      3.748560
      6.480000      3.729737
      6.500000      3.433986
      6.520000      3.058795
      6.540000      2.855066
      6.560000      2.898210
      6.580000      3.071955
      6.600000      3.236906
      6.620000      3.353199
      6.640000      3.454637
      6.660000      3.593070
      6.680000      3.803270
      6.700000      4.023048
      6.720000      4.075274
      6.740000      3.841226
      6.760000      3.426754
      6.780000      3.052900
      6.800000      2.796086
      6.820000      2.548701
      6.840000      2.231303
      6.860000      1.901487
      6.880000      1.638573
      6.900000      1.458110
      6.920000      1.386483
      6.940000      1.543369
      6.960000      2.057434
      6.980000      2.843081
      7.000000      3.525483
      7.020000      3.744001
      7.040000      3.533075
      7.060000      3.263303
      7.080000      3.228134
      7.100000      3.407120
      7.120000      3.591631
      7.140000      3.618717
      7.160000      3.464492
      7.180000      3.202314
      7.200000      2.936295
      7.220000      2.743543
      7.240000      2.634543
      7.260000      2.562095
      7.280000      2.483555
      7.300000      2.410311
      7.320000      2.365356
      7.340000      2.325672
      7.360000      2.258946
      7.380000      2.161474
      7.400000      2.017409
      7.420000      1.796380
      7.440000      1.534631
      7.460000      1.357621
      7.480000      1.386516
      7.500000      1.643767
      7.520000      2.052686
      7.540000      2.520665
      7.560000      3.005267
      7.580000      3.464531
      7.600000      3.770963
      7.620000      3.779223
      7.640000      3.524449
      7.660000      3.248152
      7.680000      3.123501
      7.700000      3.049714
      7.720000      2.844635
      7.740000      2.534539
      7.760000      2.312508
      7.780000      2.297403
      7.800000      2.423211
      7.820000      2.498528
      7.840000      2.373457
      7.860000      2.105169
      7.880000      1.910962
      7.900000      1.927785
      7.920000      2.081227
      7.940000      2.235341
      7.960000      2.492504
      7.980000      3.326432
      8.000000      5.226890
      8.020000      7.974132
      8.040000     10.421591
      8.060000     11.428601
      8.080000     10.948117
      8.100000      9.845408
      8.120000      8.872017
      8.140000      8.194402
      8.160000      7.701939
      8.180000      7.336316
      8.200000      7.092562
      8.220000      6.939869
      8.240000      6.820679
      8.260000      6.782928
      8.280000      7.130832
      8.300000      8.346308
      8.320000     11.000392
      8.340000     15.469051
      8.360000     20.857670
      8.380000     24.558874
      8.400000     24.336455
      8.420000     20.746492
      8.440000     16.322809
      8.460000     12.889752
      8.480000     10.753978
      8.500000      9.689959
      8.520000      9.414372
      8.540000      9.418751
      8.560000      9.278006
      8.580000      9.190884
      8.600000      9.727325
      8.620000     11.010418
      8.640000     12.689399
      8.660000     14.770681
      8.680000     17.706067
      8.700000     21.384143
      8.720000     24.704971
      8.740000     26.577462
      8.760000     26.897318
      8.780000     26.125581
      8.800000     24.398005
      8.820000     21.620191
      8.840000     18.106618
      8.860000     14.658770
      8.880000     12.110074
      8.900000     10.973712
      8.920000     11.378301
      8.940000     13.002742
      8.960000     14.998072
      8.980000     16.310485
      9.000000     16.378597
      9.020000     15.571354
      9.040000     14.972804
      9.060000     15.702901
      9.080000     18.194272
      9.100000     21.725572
      9.120000     24.694667
      9.140000     25.823407
      9.160000     24.958803
      9.180000     22.599539
      9.200000     19.434830
      9.220000     16.435409
      9.240000     14.625132
      9.260000     14.581652
      9.280000     16.117199
      9.300000     18.175614
      9.320000     19.368206
      9.340000     19.125239
      9.360000     18.178873
      9.380000     17.700237
      9.400000     18.120961
      9.420000     18.866149
      9.440000     19.102628
      9.460000     18.563553
      9.480000     17.575765
      9.500000     16.608106
      9.520000     16.048289
      9.540000     16.094313
      9.560000     16.609281
      9.580000     17.262853
      9.600000     17.877358
      9.620000     18.444474
      9.640000     18.728004
      9.660000     18.105310
      9.680000     16.185918
      9.700000     13.575270
      9.720000     11.609668
      9.740000     11.179145
      9.760000     11.971578
      9.780000     12.840305
      9.800000     12.811314
      9.820000     11.829954
      9.840000     10.574120
      9.860000      9.657243
      9.880000      9.326314
      9.900000      9.738072
      9.920000     10.861855
      9.940000     12.139325
      9.960000     12.813877
      9.980000     12.564188
     10.000000     11.599980
