# EIG2DOS: Utility for SIESTA to obtain the electronic density of states
#
#                                                  Emilio Artacho, Apr. 1999
# --------------------------------------------------------------------------
# Nbands, Nspin, Nk   =    936     1   352
# E_F                 =    -5.9709 eV
# Broadening          =     0.0500 eV
# Number of electrons =   284.8807  285.2754 per cell
#
#        E            N
# --------------------------------------------------------------------------
    -10.000000      5.964226
     -9.980000      6.156908
     -9.960000      6.206369
     -9.940000      6.129926
     -9.920000      6.011920
     -9.900000      5.923791
     -9.880000      5.861004
     -9.860000      5.772397
     -9.840000      5.646461
     -9.820000      5.530051
     -9.800000      5.462160
     -9.780000      5.424069
     -9.760000      5.357169
     -9.740000      5.213213
     -9.720000      4.984468
     -9.700000      4.710824
     -9.680000      4.476204
     -9.660000      4.370396
     -9.640000      4.453023
     -9.620000      4.784148
     -9.600000      5.430155
     -9.580000      6.330373
     -9.560000      7.180699
     -9.540000      7.592187
     -9.520000      7.416188
     -9.500000      6.840802
     -9.480000      6.173858
     -9.460000      5.648812
     -9.440000      5.433010
     -9.420000      5.626382
     -9.400000      6.148750
     -9.380000      6.731123
     -9.360000      7.077875
     -9.340000      6.988655
     -9.320000      6.383612
     -9.300000      5.380467
     -9.280000      4.361568
     -9.260000      3.785976
     -9.240000      3.828571
     -9.220000      4.248239
     -9.200000      4.630248
     -9.180000      4.742997
     -9.160000      4.681987
     -9.140000      4.706534
     -9.120000      4.996790
     -9.100000      5.567626
     -9.080000      6.293245
     -9.060000      6.952415
     -9.040000      7.335311
     -9.020000      7.363859
     -9.000000      7.095392
     -8.980000      6.652040
     -8.960000      6.190103
     -8.940000      5.859806
     -8.920000      5.702454
     -8.900000      5.601464
     -8.880000      5.388643
     -8.860000      5.021318
     -8.840000      4.639095
     -8.820000      4.428901
     -8.800000      4.468340
     -8.780000      4.725655
     -8.760000      5.135921
     -8.740000      5.601135
     -8.720000      5.969391
     -8.700000      6.104215
     -8.680000      5.970837
     -8.660000      5.613585
     -8.640000      5.090874
     -8.620000      4.499580
     -8.600000      4.010803
     -8.580000      3.773948
     -8.560000      3.783627
     -8.540000      3.909271
     -8.520000      4.056800
     -8.500000      4.248667
     -8.480000      4.553442
     -8.460000      4.981800
     -8.440000      5.454549
     -8.420000      5.858347
     -8.400000      6.112611
     -8.380000      6.176886
     -8.360000      6.051489
     -8.340000      5.808559
     -8.320000      5.563084
     -8.300000      5.375567
     -8.280000      5.234229
     -8.260000      5.144341
     -8.240000      5.155520
     -8.220000      5.271819
     -8.200000      5.419631
     -8.180000      5.571777
     -8.160000      5.836620
     -8.140000      6.317420
     -8.120000      6.912857
     -8.100000      7.368726
     -8.080000      7.532315
     -8.060000      7.458540
     -8.040000      7.255581
     -8.020000      6.956120
     -8.000000      6.606596
     -7.980000      6.385068
     -7.960000      6.515243
     -7.940000      7.042011
     -7.920000      7.743631
     -7.900000      8.298765
     -7.880000      8.491616
     -7.860000      8.265469
     -7.840000      7.735162
     -7.820000      7.202509
     -7.800000      6.996334
     -7.780000      7.171545
     -7.760000      7.415765
     -7.740000      7.344444
     -7.720000      6.879654
     -7.700000      6.294923
     -7.680000      5.942431
     -7.660000      5.973984
     -7.640000      6.255680
     -7.620000      6.516200
     -7.600000      6.597035
     -7.580000      6.553526
     -7.560000      6.526159
     -7.540000      6.564767
     -7.520000      6.597484
     -7.500000      6.543857
     -7.480000      6.434546
     -7.460000      6.413783
     -7.440000      6.602683
     -7.420000      6.951421
     -7.400000      7.266539
     -7.380000      7.397272
     -7.360000      7.356785
     -7.340000      7.264739
     -7.320000      7.227972
     -7.300000      7.291737
     -7.280000      7.446746
     -7.260000      7.640473
     -7.240000      7.818133
     -7.220000      7.966795
     -7.200000      8.076818
     -7.180000      8.090111
     -7.160000      7.941380
     -7.140000      7.631505
     -7.120000      7.261184
     -7.100000      6.982492
     -7.080000      6.857692
     -7.060000      6.808596
     -7.040000      6.770350
     -7.020000      6.796910
     -7.000000      6.928622
     -6.980000      7.067254
     -6.960000      7.086707
     -6.940000      6.980040
     -6.920000      6.830249
     -6.900000      6.729557
     -6.880000      6.750951
     -6.860000      6.905383
     -6.840000      7.125619
     -6.820000      7.339738
     -6.800000      7.527868
     -6.780000      7.688581
     -6.760000      7.804765
     -6.740000      7.867852
     -6.720000      7.883894
     -6.700000      7.831311
     -6.680000      7.684971
     -6.660000      7.510998
     -6.640000      7.454170
     -6.620000      7.597897
     -6.600000      7.875169
     -6.580000      8.132755
     -6.560000      8.288166
     -6.540000      8.396280
     -6.520000      8.526937
     -6.500000      8.626497
     -6.480000      8.555199
     -6.460000      8.236987
     -6.440000      7.746593
     -6.420000      7.262617
     -6.400000      6.935648
     -6.380000      6.795201
     -6.360000      6.799188
     -6.340000      6.949585
     -6.320000      7.283871
     -6.300000      7.744484
     -6.280000      8.151172
     -6.260000      8.353712
     -6.240000      8.347656
     -6.220000      8.201244
     -6.200000      7.944525
     -6.180000      7.585445
     -6.160000      7.175347
     -6.140000      6.813277
     -6.120000      6.626337
     -6.100000      6.732179
     -6.080000      7.150392
     -6.060000      7.764826
     -6.040000      8.388150
     -6.020000      8.811492
     -6.000000      8.860276
     -5.980000      8.576860
     -5.960000      8.337066
     -5.940000      8.607712
     -5.920000      9.526747
     -5.900000     10.780637
     -5.880000     11.908161
     -5.860000     12.687119
     -5.840000     13.198724
     -5.820000     13.542836
     -5.800000     13.603952
     -5.780000     13.202996
     -5.760000     12.406132
     -5.740000     11.532674
     -5.720000     10.909850
     -5.700000     10.739633
     -5.680000     11.078624
     -5.660000     11.757565
     -5.640000     12.400234
     -5.620000     12.721045
     -5.600000     12.820807
     -5.580000     13.069838
     -5.560000     13.650732
     -5.540000     14.326646
     -5.520000     14.767281
     -5.500000     14.954908
     -5.480000     15.096433
     -5.460000     15.294138
     -5.440000     15.498292
     -5.420000     15.651070
     -5.400000     15.682349
     -5.380000     15.435819
     -5.360000     14.764822
     -5.340000     13.751807
     -5.320000     12.791099
     -5.300000     12.346946
     -5.280000     12.587907
     -5.260000     13.330534
     -5.240000     14.296545
     -5.220000     15.255161
     -5.200000     15.947657
     -5.180000     16.125295
     -5.160000     15.761146
     -5.140000     15.118341
     -5.120000     14.556292
     -5.100000     14.272799
     -5.080000     14.205619
     -5.060000     14.164423
     -5.040000     14.038388
     -5.020000     13.865257
     -5.000000     13.744425
     -4.980000     13.731222
     -4.960000     13.817402
     -4.940000     14.006097
     -4.920000     14.381819
     -4.900000     15.030858
     -4.880000     15.833713
     -4.860000     16.389449
     -4.840000     16.296635
     -4.820000     15.611873
     -4.800000     14.928314
     -4.780000     14.828741
     -4.760000     15.275461
     -4.740000     15.670289
     -4.720000     15.551295
     -4.700000     15.119569
     -4.680000     14.932776
     -4.660000     15.135578
     -4.640000     15.259741
     -4.620000     14.891275
     -4.600000     14.315139
     -4.580000     14.245831
     -4.560000     14.977301
     -4.540000     16.090675
     -4.520000     17.020655
     -4.500000     17.594105
     -4.480000     17.985249
     -4.460000     18.453167
     -4.440000     19.133780
     -4.420000     19.875522
     -4.400000     20.342806
     -4.380000     20.382721
     -4.360000     20.206541
     -4.340000     20.230648
     -4.320000     20.720329
     -4.300000     21.440846
     -4.280000     21.727842
     -4.260000     21.047561
     -4.240000     19.480283
     -4.220000     17.654757
     -4.200000     16.242754
     -4.180000     15.490141
     -4.160000     15.162889
     -4.140000     14.882618
     -4.120000     14.505608
     -4.100000     14.186711
     -4.080000     14.142772
     -4.060000     14.474141
     -4.040000     15.156949
     -4.020000     16.014211
     -4.000000     16.659902
     -3.980000     16.609964
     -3.960000     15.607440
     -3.940000     13.896704
     -3.920000     12.117549
     -3.900000     10.880460
     -3.880000     10.424779
     -3.860000     10.603277
     -3.840000     11.091068
     -3.820000     11.592655
     -3.800000     11.944162
     -3.780000     12.148293
     -3.760000     12.363014
     -3.740000     12.799507
     -3.720000     13.513331
     -3.700000     14.249651
     -3.680000     14.607552
     -3.660000     14.410281
     -3.640000     13.800501
     -3.620000     12.996353
     -3.600000     12.139226
     -3.580000     11.370850
     -3.560000     10.882661
     -3.540000     10.812320
     -3.520000     11.082348
     -3.500000     11.348418
     -3.480000     11.198661
     -3.460000     10.492606
     -3.440000      9.482510
     -3.420000      8.573558
     -3.400000      8.010360
     -3.380000      7.779672
     -3.360000      7.717128
     -3.340000      7.690988
     -3.320000      7.715080
     -3.300000      7.856805
     -3.280000      8.058796
     -3.260000      8.153885
     -3.240000      8.084088
     -3.220000      8.030445
     -3.200000      8.252915
     -3.180000      8.799014
     -3.160000      9.417436
     -3.140000      9.806993
     -3.120000      9.924080
     -3.100000      9.927090
     -3.080000      9.853698
     -3.060000      9.582928
     -3.040000      9.143357
     -3.020000      8.853578
     -3.000000      9.065587
     -2.980000      9.810639
     -2.960000     10.734482
     -2.940000     11.404139
     -2.920000     11.648831
     -2.900000     11.560816
     -2.880000     11.271635
     -2.860000     10.871156
     -2.840000     10.485610
     -2.820000     10.278560
     -2.800000     10.328768
     -2.780000     10.558281
     -2.760000     10.819117
     -2.740000     10.995277
     -2.720000     10.999690
     -2.700000     10.812053
     -2.680000     10.573313
     -2.660000     10.516404
     -2.640000     10.770727
     -2.620000     11.280070
     -2.600000     11.869507
     -2.580000     12.344369
     -2.560000     12.540150
     -2.540000     12.352292
     -2.520000     11.816408
     -2.500000     11.143507
     -2.480000     10.591252
     -2.460000     10.293521
     -2.440000     10.201442
     -2.420000     10.162426
     -2.400000     10.081349
     -2.380000      9.978265
     -2.360000      9.883082
     -2.340000      9.803460
     -2.320000      9.842832
     -2.300000     10.218467
     -2.280000     11.086957
     -2.260000     12.353236
     -2.240000     13.614028
     -2.220000     14.350031
     -2.200000     14.328301
     -2.180000     13.785070
     -2.160000     13.115676
     -2.140000     12.514739
     -2.120000     12.015600
     -2.100000     11.723947
     -2.080000     11.853000
     -2.060000     12.482965
     -2.040000     13.318948
     -2.020000     13.806147
     -2.000000     13.562046
     -1.980000     12.683707
     -1.960000     11.645156
     -1.940000     10.926468
     -1.920000     10.725071
     -1.900000     10.940940
     -1.880000     11.327406
     -1.860000     11.650732
     -1.840000     11.799733
     -1.820000     11.804580
     -1.800000     11.784117
     -1.780000     11.879321
     -1.760000     12.164449
     -1.740000     12.581284
     -1.720000     12.995253
     -1.700000     13.268562
     -1.680000     13.265807
     -1.660000     12.971467
     -1.640000     12.593533
     -1.620000     12.311271
     -1.600000     12.018589
     -1.580000     11.559102
     -1.560000     11.059366
     -1.540000     10.815798
     -1.520000     10.935989
     -1.500000     11.202374
     -1.480000     11.289178
     -1.460000     11.067338
     -1.440000     10.653669
     -1.420000     10.245146
     -1.400000     10.015519
     -1.380000     10.113799
     -1.360000     10.639015
     -1.340000     11.580605
     -1.320000     12.767533
     -1.300000     13.838739
     -1.280000     14.351529
     -1.260000     14.068186
     -1.240000     13.127815
     -1.220000     11.922979
     -1.200000     10.902346
     -1.180000     10.432464
     -1.160000     10.653223
     -1.140000     11.398182
     -1.120000     12.261382
     -1.100000     12.770860
     -1.080000     12.660808
     -1.060000     12.106435
     -1.040000     11.577947
     -1.020000     11.346098
     -1.000000     11.256023
     -0.980000     11.031816
     -0.960000     10.579897
     -0.940000      9.960136
     -0.920000      9.320546
     -0.900000      8.915940
     -0.880000      9.005036
     -0.860000      9.643491
     -0.840000     10.589201
     -0.820000     11.421803
     -0.800000     11.781084
     -0.780000     11.544001
     -0.760000     10.868423
     -0.740000     10.085207
     -0.720000      9.432540
     -0.700000      8.877549
     -0.680000      8.286458
     -0.660000      7.690347
     -0.640000      7.248623
     -0.620000      7.013519
     -0.600000      6.819740
     -0.580000      6.397444
     -0.560000      5.635701
     -0.540000      4.766097
     -0.520000      4.211124
     -0.500000      4.238852
     -0.480000      4.813014
     -0.460000      5.701996
     -0.440000      6.620483
     -0.420000      7.310216
     -0.400000      7.623550
     -0.380000      7.586153
     -0.360000      7.356359
     -0.340000      7.125923
     -0.320000      7.046721
     -0.300000      7.159896
     -0.280000      7.350947
     -0.260000      7.451849
     -0.240000      7.418244
     -0.220000      7.360916
     -0.200000      7.417037
     -0.180000      7.621354
     -0.160000      7.885531
     -0.140000      8.083129
     -0.120000      8.157833
     -0.100000      8.155189
     -0.080000      8.157920
     -0.060000      8.209214
     -0.040000      8.281273
     -0.020000      8.281109
      0.000000      8.095120
      0.020000      7.664260
      0.040000      7.043153
      0.060000      6.379200
      0.080000      5.822327
      0.100000      5.460299
      0.120000      5.296924
      0.140000      5.242779
      0.160000      5.163813
      0.180000      4.979001
      0.200000      4.707127
      0.220000      4.441513
      0.240000      4.294859
      0.260000      4.332521
      0.280000      4.513327
      0.300000      4.681294
      0.320000      4.667136
      0.340000      4.432821
      0.360000      4.084377
      0.380000      3.783948
      0.400000      3.688292
      0.420000      3.853157
      0.440000      4.110644
      0.460000      4.121574
      0.480000      3.642483
      0.500000      2.750709
      0.520000      1.790020
      0.540000      1.120577
      0.560000      0.949219
      0.580000      1.317705
      0.600000      2.091345
      0.620000      2.926929
      0.640000      3.419581
      0.660000      3.401132
      0.680000      3.025214
      0.700000      2.556969
      0.720000      2.200732
      0.740000      2.083235
      0.760000      2.249464
      0.780000      2.652656
      0.800000      3.160835
      0.820000      3.575495
      0.840000      3.720981
      0.860000      3.570426
      0.880000      3.255269
      0.900000      2.937971
      0.920000      2.692358
      0.940000      2.500002
      0.960000      2.334012
      0.980000      2.206854
      1.000000      2.127121
      1.020000      2.063890
      1.040000      1.984434
      1.060000      1.895572
      1.080000      1.827861
      1.100000      1.785877
      1.120000      1.734825
      1.140000      1.657118
      1.160000      1.588004
      1.180000      1.551653
      1.200000      1.513634
      1.220000      1.447327
      1.240000      1.382673
      1.260000      1.343665
      1.280000      1.306026
      1.300000      1.251213
      1.320000      1.196770
      1.340000      1.153673
      1.360000      1.110217
      1.380000      1.063231
      1.400000      1.019672
      1.420000      0.975042
      1.440000      0.925704
      1.460000      0.882402
      1.480000      0.845979
      1.500000      0.800250
      1.520000      0.743739
      1.540000      0.688321
      1.560000      0.624768
      1.580000      0.537732
      1.600000      0.444822
      1.620000      0.375113
      1.640000      0.328993
      1.660000      0.291825
      1.680000      0.259378
      1.700000      0.229545
      1.720000      0.193254
      1.740000      0.145339
      1.760000      0.092790
      1.780000      0.048427
      1.800000      0.020060
      1.820000      0.006543
      1.840000      0.002290
      1.860000      0.003582
      1.880000      0.011388
      1.900000      0.030080
      1.920000      0.062587
      1.940000      0.104885
      1.960000      0.146804
      1.980000      0.180951
      2.000000      0.208410
      2.020000      0.233071
      2.040000      0.256018
      2.060000      0.278026
      2.080000      0.300398
      2.100000      0.323079
      2.120000      0.346402
      2.140000      0.370980
      2.160000      0.396671
      2.180000      0.428875
      2.200000      0.480601
      2.220000      0.559276
      2.240000      0.656820
      2.260000      0.758336
      2.280000      0.851743
      2.300000      0.927868
      2.320000      0.985598
      2.340000      1.035989
      2.360000      1.089760
      2.380000      1.145835
      2.400000      1.198793
      2.420000      1.250671
      2.440000      1.307988
      2.460000      1.369366
      2.480000      1.427875
      2.500000      1.485730
      2.520000      1.550456
      2.540000      1.619492
      2.560000      1.685931
      2.580000      1.753835
      2.600000      1.831023
      2.620000      1.913385
      2.640000      1.994064
      2.660000      2.081265
      2.680000      2.187235
      2.700000      2.310712
      2.720000      2.455550
      2.740000      2.647159
      2.760000      2.900042
      2.780000      3.195355
      2.800000      3.506424
      2.820000      3.785464
      2.840000      3.915740
      2.860000      3.787162
      2.880000      3.461497
      2.900000      3.170406
      2.920000      3.113050
      2.940000      3.292787
      2.960000      3.533764
      2.980000      3.635458
      3.000000      3.532988
      3.020000      3.310001
      3.040000      3.075920
      3.060000      2.881809
      3.080000      2.759786
      3.100000      2.797053
      3.120000      3.102487
      3.140000      3.659730
      3.160000      4.281841
      3.180000      4.815872
      3.200000      5.354537
      3.220000      6.122136
      3.240000      7.161816
      3.260000      8.252474
      3.280000      9.140805
      3.300000      9.768940
      3.320000     10.273054
      3.340000     10.785654
      3.360000     11.237559
      3.380000     11.426323
      3.400000     11.267824
      3.420000     10.829379
      3.440000     10.187855
      3.460000      9.462108
      3.480000      8.888655
      3.500000      8.660363
      3.520000      8.728980
      3.540000      8.839897
      3.560000      8.698353
      3.580000      8.139266
      3.600000      7.279521
      3.620000      6.499869
      3.640000      6.184881
      3.660000      6.450886
      3.680000      7.080130
      3.700000      7.668226
      3.720000      7.872029
      3.740000      7.586136
      3.760000      6.956953
      3.780000      6.275966
      3.800000      5.810769
      3.820000      5.683564
      3.840000      5.893075
      3.860000      6.355384
      3.880000      6.856403
      3.900000      7.108243
      3.920000      6.992145
      3.940000      6.659982
      3.960000      6.321529
      3.980000      6.041006
      4.000000      5.782142
      4.020000      5.519150
      4.040000      5.243267
      4.060000      4.951793
      4.080000      4.686218
      4.100000      4.532900
      4.120000      4.549858
      4.140000      4.709390
      4.160000      4.896994
      4.180000      4.923909
      4.200000      4.599185
      4.220000      3.919125
      4.240000      3.190852
      4.260000      2.844833
      4.280000      3.067530
      4.300000      3.660614
      4.320000      4.262853
      4.340000      4.640742
      4.360000      4.756766
      4.380000      4.678186
      4.400000      4.505040
      4.420000      4.331405
      4.440000      4.218827
      4.460000      4.201828
      4.480000      4.312040
      4.500000      4.601187
      4.520000      5.112557
      4.540000      5.759253
      4.560000      6.262341
      4.580000      6.334742
      4.600000      5.968199
      4.620000      5.478671
      4.640000      5.216073
      4.660000      5.244718
      4.680000      5.346547
      4.700000      5.302829
      4.720000      5.080009
      4.740000      4.742035
      4.760000      4.327560
      4.780000      3.882688
      4.800000      3.500335
      4.820000      3.262266
      4.840000      3.193637
      4.860000      3.262301
      4.880000      3.389529
      4.900000      3.510406
      4.920000      3.642207
      4.940000      3.842751
      4.960000      4.079392
      4.980000      4.193782
      5.000000      4.067369
      5.020000      3.791384
      5.040000      3.589508
      5.060000      3.591473
      5.080000      3.751864
      5.100000      3.966797
      5.120000      4.192516
      5.140000      4.437132
      5.160000      4.687571
      5.180000      4.891029
      5.200000      5.014513
      5.220000      5.083844
      5.240000      5.125824
      5.260000      5.107683
      5.280000      4.995898
      5.300000      4.839144
      5.320000      4.718758
      5.340000      4.648464
      5.360000      4.587469
      5.380000      4.528292
      5.400000      4.516662
      5.420000      4.588169
      5.440000      4.707988
      5.460000      4.764571
      5.480000      4.654793
      5.500000      4.418030
      5.520000      4.216415
      5.540000      4.138027
      5.560000      4.117901
      5.580000      4.085341
      5.600000      4.071386
      5.620000      4.108545
      5.640000      4.107828
      5.660000      3.937626
      5.680000      3.605793
      5.700000      3.271592
      5.720000      3.093588
      5.740000      3.139188
      5.760000      3.395446
      5.780000      3.789325
      5.800000      4.213414
      5.820000      4.559979
      5.840000      4.742851
      5.860000      4.726648
      5.880000      4.551376
      5.900000      4.311314
      5.920000      4.101312
      5.940000      3.967375
      5.960000      3.906057
      5.980000      3.912315
      6.000000      3.972090
      6.020000      4.009740
      6.040000      3.954136
      6.060000      3.856942
      6.080000      3.829179
      6.100000      3.885547
      6.120000      3.959513
      6.140000      4.029929
      6.160000      4.124603
      6.180000      4.212293
      6.200000      4.179351
      6.220000      3.950371
      6.240000      3.602445
      6.260000      3.322871
      6.280000      3.240792
      6.300000      3.308621
      6.320000      3.378073
      6.340000      3.373107
      6.360000      3.323739
      6.380000      3.274812
      6.400000      3.252181
      6.420000      3.273571
      6.440000      3.323286
      6.460000      3.353095
      6.480000      3.343065
      6.500000      3.325534
      6.520000      3.335815
      6.540000      3.371632
      6.560000      3.396287
      6.580000      3.370252
      6.600000      3.300457
      6.620000      3.251772
      6.640000      3.289501
      6.660000      3.416454
      6.680000      3.567332
      6.700000      3.657653
      6.720000      3.654334
      6.740000      3.611162
      6.760000      3.607420
      6.780000      3.647763
      6.800000      3.672901
      6.820000      3.656928
      6.840000      3.622858
      6.860000      3.580369
      6.880000      3.518552
      6.900000      3.451450
      6.920000      3.420775
      6.940000      3.436845
      6.960000      3.436661
      6.980000      3.335836
      7.000000      3.121302
      7.020000      2.862743
      7.040000      2.644060
      7.060000      2.512707
      7.080000      2.478200
      7.100000      2.525365
      7.120000      2.624831
      7.140000      2.743498
      7.160000      2.849285
      7.180000      2.913760
      7.200000      2.924367
      7.220000      2.893195
      7.240000      2.848581
      7.260000      2.812629
      7.280000      2.788405
      7.300000      2.781794
      7.320000      2.815379
      7.340000      2.892188
      7.360000      2.975440
      7.380000      3.044147
      7.400000      3.136937
      7.420000      3.287766
      7.440000      3.449240
      7.460000      3.537508
      7.480000      3.531198
      7.500000      3.478715
      7.520000      3.415467
      7.540000      3.315932
      7.560000      3.142582
      7.580000      2.907815
      7.600000      2.672586
      7.620000      2.514104
      7.640000      2.484408
      7.660000      2.571552
      7.680000      2.715741
      7.700000      2.865923
      7.720000      3.013972
      7.740000      3.183226
      7.760000      3.380560
      7.780000      3.567558
      7.800000      3.688065
      7.820000      3.708164
      7.840000      3.638838
      7.860000      3.539261
      7.880000      3.476408
      7.900000      3.459785
      7.920000      3.417101
      7.940000      3.248148
      7.960000      2.922890
      7.980000      2.516035
      8.000000      2.130995
      8.020000      1.829802
      8.040000      1.659500
      8.060000      1.684239
      8.080000      1.934041
      8.100000      2.333634
      8.120000      2.717449
      8.140000      2.945317
      8.160000      3.006846
      8.180000      2.988048
      8.200000      2.950856
      8.220000      2.893048
      8.240000      2.805084
      8.260000      2.701812
      8.280000      2.608378
      8.300000      2.555443
      8.320000      2.566005
      8.340000      2.630037
      8.360000      2.724245
      8.380000      2.848612
      8.400000      3.012709
      8.420000      3.217959
      8.440000      3.463653
      8.460000      3.720985
      8.480000      3.916528
      8.500000      3.996159
      8.520000      3.974138
      8.540000      3.886588
      8.560000      3.761153
      8.580000      3.642454
      8.600000      3.561405
      8.620000      3.488514
      8.640000      3.384765
      8.660000      3.263188
      8.680000      3.153990
      8.700000      3.051833
      8.720000      2.933263
      8.740000      2.799698
      8.760000      2.683115
      8.780000      2.620686
      8.800000      2.628842
      8.820000      2.687015
      8.840000      2.734999
      8.860000      2.703644
      8.880000      2.573871
      8.900000      2.400140
      8.920000      2.251715
      8.940000      2.129883
      8.960000      1.961383
      8.980000      1.671244
      9.000000      1.258055
      9.020000      0.822152
      9.040000      0.539728
      9.060000      0.621145
      9.080000      1.300719
      9.100000      2.803839
      9.120000      5.176830
      9.140000      8.006304
      9.160000     10.345970
      9.180000     11.263187
      9.200000     10.765403
      9.220000      9.993654
      9.240000     10.166151
      9.260000     11.462914
      9.280000     13.137308
      9.300000     14.444752
      9.320000     15.191481
      9.340000     15.513145
      9.360000     15.454376
      9.380000     14.997696
      9.400000     14.329992
      9.420000     13.745984
      9.440000     13.373498
      9.460000     13.231965
      9.480000     13.437755
      9.500000     14.107584
      9.520000     15.091993
      9.540000     15.998810
      9.560000     16.532788
      9.580000     16.694990
      9.600000     16.622274
      9.620000     16.444790
      9.640000     16.385346
      9.660000     16.720949
      9.680000     17.497337
      9.700000     18.440223
      9.720000     19.195340
      9.740000     19.575665
      9.760000     19.589040
      9.780000     19.309521
      9.800000     18.807643
      9.820000     18.177807
      9.840000     17.491494
      9.860000     16.721591
      9.880000     15.828669
      9.900000     14.893420
      9.920000     14.068383
      9.940000     13.429632
      9.960000     12.985762
      9.980000     12.865990
     10.000000     13.360063
