# EIG2DOS: Utility for SIESTA to obtain the electronic density of states
#
#                                                  Emilio Artacho, Apr. 1999
# --------------------------------------------------------------------------
# Nbands, Nspin, Nk   =    936     1   352
# E_F                 =    -5.0786 eV
# Broadening          =     0.0500 eV
# Number of electrons =   304.1307  304.4691 per cell
#
#        E            N
# --------------------------------------------------------------------------
    -10.000000      4.336217
     -9.980000      4.893769
     -9.960000      5.456937
     -9.940000      5.784371
     -9.920000      5.761989
     -9.900000      5.575956
     -9.880000      5.561379
     -9.860000      5.874818
     -9.840000      6.367535
     -9.820000      6.735306
     -9.800000      6.760514
     -9.780000      6.464958
     -9.760000      6.069054
     -9.740000      5.823225
     -9.720000      5.903048
     -9.700000      6.382606
     -9.680000      7.148124
     -9.660000      7.868578
     -9.640000      8.218539
     -9.620000      8.140133
     -9.600000      7.840413
     -9.580000      7.578257
     -9.560000      7.450196
     -9.540000      7.317087
     -9.520000      6.959370
     -9.500000      6.356725
     -9.480000      5.752155
     -9.460000      5.393605
     -9.440000      5.309845
     -9.420000      5.395700
     -9.400000      5.611995
     -9.380000      5.983363
     -9.360000      6.451891
     -9.340000      6.890190
     -9.320000      7.221293
     -9.300000      7.369429
     -9.280000      7.210916
     -9.260000      6.783091
     -9.240000      6.444089
     -9.220000      6.597221
     -9.200000      7.216133
     -9.180000      7.800989
     -9.160000      7.926210
     -9.140000      7.699089
     -9.120000      7.504138
     -9.100000      7.424294
     -9.080000      7.146554
     -9.060000      6.430568
     -9.040000      5.520381
     -9.020000      4.984798
     -9.000000      5.132061
     -8.980000      5.711363
     -8.960000      6.284487
     -8.940000      6.693708
     -8.920000      6.998400
     -8.900000      7.169066
     -8.880000      7.091462
     -8.860000      6.806872
     -8.840000      6.558597
     -8.820000      6.546384
     -8.800000      6.715324
     -8.780000      6.859929
     -8.760000      6.892762
     -8.740000      6.889460
     -8.720000      6.882281
     -8.700000      6.779062
     -8.680000      6.545531
     -8.660000      6.328434
     -8.640000      6.281662
     -8.620000      6.365396
     -8.600000      6.460000
     -8.580000      6.598184
     -8.560000      6.924277
     -8.540000      7.461030
     -8.520000      8.029597
     -8.500000      8.380707
     -8.480000      8.351083
     -8.460000      7.947359
     -8.440000      7.356801
     -8.420000      6.837584
     -8.400000      6.514841
     -8.380000      6.310618
     -8.360000      6.138859
     -8.340000      6.109493
     -8.320000      6.419644
     -8.300000      7.067353
     -8.280000      7.792668
     -8.260000      8.274807
     -8.240000      8.303850
     -8.220000      7.852440
     -8.200000      7.115989
     -8.180000      6.446482
     -8.160000      6.142338
     -8.140000      6.288000
     -8.120000      6.775060
     -8.100000      7.394807
     -8.080000      7.905872
     -8.060000      8.105249
     -8.040000      7.934547
     -8.020000      7.540926
     -8.000000      7.181005
     -7.980000      7.051765
     -7.960000      7.201667
     -7.940000      7.527247
     -7.920000      7.844742
     -7.900000      8.026399
     -7.880000      8.052156
     -7.860000      7.921518
     -7.840000      7.642744
     -7.820000      7.330491
     -7.800000      7.137386
     -7.780000      7.082944
     -7.760000      7.106948
     -7.740000      7.232442
     -7.720000      7.502522
     -7.700000      7.801391
     -7.680000      7.908949
     -7.660000      7.752750
     -7.640000      7.491392
     -7.620000      7.298308
     -7.600000      7.175359
     -7.580000      7.079933
     -7.560000      7.083862
     -7.540000      7.235064
     -7.520000      7.399191
     -7.500000      7.429114
     -7.480000      7.404526
     -7.460000      7.523045
     -7.440000      7.795306
     -7.420000      8.042381
     -7.400000      8.212689
     -7.380000      8.481962
     -7.360000      8.941019
     -7.340000      9.369793
     -7.320000      9.455041
     -7.300000      9.119185
     -7.280000      8.546166
     -7.260000      7.996599
     -7.240000      7.667277
     -7.220000      7.619399
     -7.200000      7.753250
     -7.180000      7.903052
     -7.160000      8.011351
     -7.140000      8.178031
     -7.120000      8.561652
     -7.100000      9.314862
     -7.080000     10.549580
     -7.060000     12.223297
     -7.040000     14.047522
     -7.020000     15.564566
     -7.000000     16.355089
     -6.980000     16.219669
     -6.960000     15.235882
     -6.940000     13.737014
     -6.920000     12.264798
     -6.900000     11.441502
     -6.880000     11.685713
     -6.860000     12.850806
     -6.840000     14.160842
     -6.820000     14.759345
     -6.800000     14.418934
     -6.780000     13.577356
     -6.760000     12.776534
     -6.740000     12.293158
     -6.720000     12.157698
     -6.700000     12.218884
     -6.680000     12.182340
     -6.660000     11.803950
     -6.640000     11.194532
     -6.620000     10.867473
     -6.600000     11.334518
     -6.580000     12.648356
     -6.560000     14.407658
     -6.540000     16.144568
     -6.520000     17.560369
     -6.500000     18.382527
     -6.480000     18.287674
     -6.460000     17.237080
     -6.440000     15.690775
     -6.420000     14.238028
     -6.400000     13.202906
     -6.380000     12.734997
     -6.360000     12.978056
     -6.340000     13.920815
     -6.320000     15.214599
     -6.300000     16.278235
     -6.280000     16.607835
     -6.260000     16.080930
     -6.240000     15.017714
     -6.220000     13.861494
     -6.200000     12.841174
     -6.180000     12.062529
     -6.160000     11.734273
     -6.140000     12.052744
     -6.120000     12.968047
     -6.100000     14.224948
     -6.080000     15.584831
     -6.060000     16.944220
     -6.040000     18.246998
     -6.020000     19.322799
     -6.000000     19.922458
     -5.980000     20.005813
     -5.960000     19.876905
     -5.940000     19.816803
     -5.920000     19.675395
     -5.900000     19.135017
     -5.880000     18.282549
     -5.860000     17.537146
     -5.840000     17.091184
     -5.820000     16.780979
     -5.800000     16.387441
     -5.780000     15.808799
     -5.760000     15.119763
     -5.740000     14.533424
     -5.720000     14.144479
     -5.700000     13.843577
     -5.680000     13.558445
     -5.660000     13.329055
     -5.640000     13.121932
     -5.620000     12.837719
     -5.600000     12.535029
     -5.580000     12.447841
     -5.560000     12.724913
     -5.540000     13.183100
     -5.520000     13.363013
     -5.500000     12.936197
     -5.480000     12.031565
     -5.460000     11.119971
     -5.440000     10.696659
     -5.420000     11.008361
     -5.400000     11.856287
     -5.380000     12.681649
     -5.360000     13.013609
     -5.340000     12.845852
     -5.320000     12.556725
     -5.300000     12.598894
     -5.280000     13.284951
     -5.260000     14.603892
     -5.240000     16.133979
     -5.220000     17.364991
     -5.200000     18.095917
     -5.180000     18.267222
     -5.160000     17.697579
     -5.140000     16.480128
     -5.120000     15.299398
     -5.100000     14.775493
     -5.080000     14.730803
     -5.060000     14.514319
     -5.040000     13.842870
     -5.020000     13.083483
     -5.000000     12.901800
     -4.980000     13.701979
     -4.960000     15.136120
     -4.940000     16.172848
     -4.920000     15.982321
     -4.900000     14.713914
     -4.880000     13.146477
     -4.860000     11.793578
     -4.840000     10.662474
     -4.820000      9.656939
     -4.800000      8.862887
     -4.780000      8.480773
     -4.760000      8.651433
     -4.740000      9.308105
     -4.720000     10.120268
     -4.700000     10.665716
     -4.680000     10.722213
     -4.660000     10.365892
     -4.640000      9.842114
     -4.620000      9.447047
     -4.600000      9.483271
     -4.580000     10.133594
     -4.560000     11.281764
     -4.540000     12.518126
     -4.520000     13.373435
     -4.500000     13.593537
     -4.480000     13.311628
     -4.460000     13.050814
     -4.440000     13.443819
     -4.420000     14.652674
     -4.400000     15.978478
     -4.380000     16.366648
     -4.360000     15.501008
     -4.340000     14.148646
     -4.320000     13.260057
     -4.300000     12.934678
     -4.280000     12.428144
     -4.260000     11.109879
     -4.240000      9.253604
     -4.220000      7.767083
     -4.200000      7.286898
     -4.180000      7.784366
     -4.160000      8.917887
     -4.140000     10.346643
     -4.120000     11.644388
     -4.100000     12.316430
     -4.080000     12.157426
     -4.060000     11.437676
     -4.040000     10.609508
     -4.020000      9.959920
     -4.000000      9.595386
     -3.980000      9.581874
     -3.960000      9.968829
     -3.940000     10.691519
     -3.920000     11.497854
     -3.900000     12.050932
     -3.880000     12.194499
     -3.860000     12.107773
     -3.840000     12.095980
     -3.820000     12.192220
     -3.800000     12.067440
     -3.780000     11.415265
     -3.760000     10.339592
     -3.740000      9.233840
     -3.720000      8.362420
     -3.700000      7.757525
     -3.680000      7.448210
     -3.660000      7.537902
     -3.640000      8.050199
     -3.620000      8.858147
     -3.600000      9.782680
     -3.580000     10.708961
     -3.560000     11.620170
     -3.540000     12.454376
     -3.520000     12.887679
     -3.500000     12.470184
     -3.480000     11.121314
     -3.460000      9.343451
     -3.440000      7.868049
     -3.420000      7.207191
     -3.400000      7.551517
     -3.380000      8.884701
     -3.360000     10.957127
     -3.340000     13.071292
     -3.320000     14.139526
     -3.300000     13.438179
     -3.280000     11.426620
     -3.260000      9.418331
     -3.240000      8.329971
     -3.220000      8.124307
     -3.200000      8.424284
     -3.180000      9.093146
     -3.160000     10.048807
     -3.140000     10.964838
     -3.120000     11.501923
     -3.100000     11.644927
     -3.080000     11.515231
     -3.060000     11.005791
     -3.040000      9.967437
     -3.020000      8.728175
     -3.000000      8.074265
     -2.980000      8.581618
     -2.960000     10.097341
     -2.940000     11.888460
     -2.920000     13.174112
     -2.900000     13.559921
     -2.880000     13.127643
     -2.860000     12.131089
     -2.840000     10.659007
     -2.820000      8.812254
     -2.800000      7.085863
     -2.780000      6.108829
     -2.760000      5.961921
     -2.740000      6.095288
     -2.720000      5.991023
     -2.700000      5.695215
     -2.680000      5.608000
     -2.660000      5.892430
     -2.640000      6.295738
     -2.620000      6.669052
     -2.600000      7.557414
     -2.580000      9.893035
     -2.560000     13.668294
     -2.540000     17.036722
     -2.520000     17.639920
     -2.500000     15.154452
     -2.480000     11.588454
     -2.460000      8.894132
     -2.440000      7.347699
     -2.420000      6.311830
     -2.400000      5.512959
     -2.380000      5.171709
     -2.360000      5.383637
     -2.340000      5.915680
     -2.320000      6.721452
     -2.300000      8.270121
     -2.280000     10.889146
     -2.260000     13.873772
     -2.240000     15.768464
     -2.220000     15.683807
     -2.200000     14.098846
     -2.180000     12.279422
     -2.160000     11.035387
     -2.140000     10.251165
     -2.120000      9.595746
     -2.100000      9.224326
     -2.080000      9.461456
     -2.060000     10.034368
     -2.040000     10.153202
     -2.020000      9.522844
     -2.000000      8.742348
     -1.980000      8.441896
     -1.960000      8.583138
     -1.940000      8.786824
     -1.920000      8.832811
     -1.900000      8.647480
     -1.880000      8.100932
     -1.860000      7.091422
     -1.840000      5.785086
     -1.820000      4.574576
     -1.800000      3.799597
     -1.780000      3.562585
     -1.760000      3.754663
     -1.740000      4.209784
     -1.720000      4.767067
     -1.700000      5.198709
     -1.680000      5.307436
     -1.660000      5.168635
     -1.640000      5.072592
     -1.620000      5.215086
     -1.600000      5.615902
     -1.580000      6.255899
     -1.560000      7.071052
     -1.540000      7.821792
     -1.520000      8.124088
     -1.500000      7.735428
     -1.480000      6.850836
     -1.460000      6.006128
     -1.440000      5.607707
     -1.420000      5.627238
     -1.400000      5.761101
     -1.380000      5.784357
     -1.360000      5.733559
     -1.340000      5.844972
     -1.320000      6.366345
     -1.300000      7.302074
     -1.280000      8.188365
     -1.260000      8.257666
     -1.240000      7.117804
     -1.220000      5.226858
     -1.200000      3.476191
     -1.180000      2.406182
     -1.160000      1.986132
     -1.140000      1.947204
     -1.120000      2.078683
     -1.100000      2.271608
     -1.080000      2.473460
     -1.060000      2.661099
     -1.040000      2.801697
     -1.020000      2.820529
     -1.000000      2.651606
     -0.980000      2.329030
     -0.960000      1.971487
     -0.940000      1.660898
     -0.920000      1.382106
     -0.900000      1.080501
     -0.880000      0.746101
     -0.860000      0.441398
     -0.840000      0.269088
     -0.820000      0.350000
     -0.800000      0.834281
     -0.780000      1.833020
     -0.760000      3.236170
     -0.740000      4.658380
     -0.720000      5.685173
     -0.700000      6.155252
     -0.680000      6.172387
     -0.660000      5.940515
     -0.640000      5.642393
     -0.620000      5.406865
     -0.600000      5.326046
     -0.580000      5.464369
     -0.560000      5.791977
     -0.540000      6.107700
     -0.520000      6.135348
     -0.500000      5.763330
     -0.480000      5.123604
     -0.460000      4.400667
     -0.440000      3.639538
     -0.420000      2.785586
     -0.400000      1.862231
     -0.380000      1.031235
     -0.360000      0.457134
     -0.340000      0.178349
     -0.320000      0.177815
     -0.300000      0.604313
     -0.280000      1.910547
     -0.260000      4.527600
     -0.240000      7.976464
     -0.220000     10.472760
     -0.200000     10.274341
     -0.180000      7.550018
     -0.160000      4.190332
     -0.140000      1.921790
     -0.120000      1.372786
     -0.100000      2.655873
     -0.080000      5.736980
     -0.060000      9.787222
     -0.040000     12.917406
     -0.020000     13.534393
      0.000000     11.796377
      0.020000      9.127008
      0.040000      6.770340
      0.060000      5.304096
      0.080000      4.875313
      0.100000      5.230965
      0.120000      5.729226
      0.140000      5.776589
      0.160000      5.303843
      0.180000      4.666181
      0.200000      4.169996
      0.220000      3.836109
      0.240000      3.522586
      0.260000      3.136280
      0.280000      2.713113
      0.300000      2.339010
      0.320000      2.049463
      0.340000      1.829540
      0.360000      1.661061
      0.380000      1.527700
      0.400000      1.408693
      0.420000      1.297362
      0.440000      1.201291
      0.460000      1.116958
      0.480000      1.032036
      0.500000      0.948725
      0.520000      0.876030
      0.540000      0.808934
      0.560000      0.738510
      0.580000      0.668445
      0.600000      0.604030
      0.620000      0.539092
      0.640000      0.468088
      0.660000      0.397723
      0.680000      0.332047
      0.700000      0.261005
      0.720000      0.179354
      0.740000      0.101519
      0.760000      0.045973
      0.780000      0.017387
      0.800000      0.009835
      0.820000      0.019036
      0.840000      0.046352
      0.860000      0.091997
      0.880000      0.147309
      0.900000      0.197312
      0.920000      0.233130
      0.940000      0.261966
      0.960000      0.301318
      0.980000      0.360321
      1.000000      0.432191
      1.020000      0.506881
      1.040000      0.580380
      1.060000      0.648199
      1.080000      0.704524
      1.100000      0.754655
      1.120000      0.810655
      1.140000      0.870185
      1.160000      0.923310
      1.180000      0.975507
      1.200000      1.035258
      1.220000      1.095105
      1.240000      1.150260
      1.260000      1.209835
      1.280000      1.274037
      1.300000      1.333535
      1.320000      1.394445
      1.340000      1.465820
      1.360000      1.535190
      1.380000      1.596557
      1.400000      1.670344
      1.420000      1.758633
      1.440000      1.836503
      1.460000      1.910995
      1.480000      2.012600
      1.500000      2.132388
      1.520000      2.255388
      1.540000      2.433237
      1.560000      2.753135
      1.580000      3.255165
      1.600000      3.876049
      1.620000      4.415457
      1.640000      4.613262
      1.660000      4.371790
      1.680000      3.866996
      1.700000      3.366464
      1.720000      2.997706
      1.740000      2.750627
      1.760000      2.615818
      1.780000      2.632809
      1.800000      2.857908
      1.820000      3.338614
      1.840000      4.074343
      1.860000      4.950443
      1.880000      5.709649
      1.900000      6.072740
      1.920000      5.971874
      1.940000      5.611033
      1.960000      5.245694
      1.980000      4.972403
      2.000000      4.762740
      2.020000      4.618271
      2.040000      4.599032
      2.060000      4.711336
      2.080000      4.879220
      2.100000      5.058886
      2.120000      5.274378
      2.140000      5.554382
      2.160000      6.000734
      2.180000      6.863916
      2.200000      8.341239
      2.220000     10.289676
      2.240000     12.188273
      2.260000     13.401753
      2.280000     13.602667
      2.300000     12.991313
      2.320000     12.054215
      2.340000     11.157302
      2.360000     10.381291
      2.380000      9.614999
      2.400000      8.733509
      2.420000      7.721832
      2.440000      6.682531
      2.460000      5.757017
      2.480000      5.042621
      2.500000      4.572979
      2.520000      4.342507
      2.540000      4.313184
      2.560000      4.403370
      2.580000      4.515731
      2.600000      4.618477
      2.620000      4.786715
      2.640000      5.104390
      2.660000      5.492353
      2.680000      5.693883
      2.700000      5.531089
      2.720000      5.164868
      2.740000      4.989546
      2.760000      5.238287
      2.780000      5.781326
      2.800000      6.315810
      2.820000      6.617466
      2.840000      6.623028
      2.860000      6.440026
      2.880000      6.287683
      2.900000      6.327437
      2.920000      6.544831
      2.940000      6.809119
      2.960000      6.996538
      2.980000      7.035360
      3.000000      6.909560
      3.020000      6.681539
      3.040000      6.455775
      3.060000      6.286343
      3.080000      6.182206
      3.100000      6.178205
      3.120000      6.277720
      3.140000      6.346410
      3.160000      6.205289
      3.180000      5.843029
      3.200000      5.468964
      3.220000      5.347378
      3.240000      5.564415
      3.260000      5.940903
      3.280000      6.179041
      3.300000      6.069838
      3.320000      5.573399
      3.340000      4.792881
      3.360000      3.928205
      3.380000      3.202341
      3.400000      2.740026
      3.420000      2.498185
      3.440000      2.348387
      3.460000      2.225323
      3.480000      2.171893
      3.500000      2.262356
      3.520000      2.525787
      3.540000      2.931282
      3.560000      3.403701
      3.580000      3.859876
      3.600000      4.256997
      3.620000      4.607584
      3.640000      4.952815
      3.660000      5.319669
      3.680000      5.671055
      3.700000      5.905553
      3.720000      5.953308
      3.740000      5.850060
      3.760000      5.679735
      3.780000      5.486656
      3.800000      5.275912
      3.820000      5.062531
      3.840000      4.878799
      3.860000      4.734913
      3.880000      4.605276
      3.900000      4.467673
      3.920000      4.327134
      3.940000      4.197612
      3.960000      4.098826
      3.980000      4.046690
      4.000000      4.018192
      4.020000      4.001128
      4.040000      4.084169
      4.060000      4.364183
      4.080000      4.726552
      4.100000      4.855332
      4.120000      4.571076
      4.140000      4.074684
      4.160000      3.731033
      4.180000      3.678864
      4.200000      3.785527
      4.220000      3.929230
      4.240000      4.164543
      4.260000      4.583521
      4.280000      5.104058
      4.300000      5.449811
      4.320000      5.375115
      4.340000      4.918234
      4.360000      4.353195
      4.380000      3.882803
      4.400000      3.510805
      4.420000      3.224000
      4.440000      3.114723
      4.460000      3.261122
      4.480000      3.616534
      4.500000      4.044267
      4.520000      4.367254
      4.540000      4.423939
      4.560000      4.193778
      4.580000      3.831605
      4.600000      3.502420
      4.620000      3.256417
      4.640000      3.110060
      4.660000      3.130913
      4.680000      3.369580
      4.700000      3.752636
      4.720000      4.090019
      4.740000      4.233543
      4.760000      4.219523
      4.780000      4.182863
      4.800000      4.153492
      4.820000      4.014370
      4.840000      3.650393
      4.860000      3.118722
      4.880000      2.659374
      4.900000      2.492724
      4.920000      2.642330
      4.940000      3.001897
      4.960000      3.456283
      4.980000      3.860440
      5.000000      4.061970
      5.020000      4.061401
      5.040000      4.025584
      5.060000      4.055408
      5.080000      4.061532
      5.100000      3.941835
      5.120000      3.749576
      5.140000      3.608833
      5.160000      3.590090
      5.180000      3.716509
      5.200000      3.956079
      5.220000      4.197858
      5.240000      4.358637
      5.260000      4.455287
      5.280000      4.475748
      5.300000      4.310215
      5.320000      3.912974
      5.340000      3.427906
      5.360000      3.080729
      5.380000      2.992407
      5.400000      3.122827
      5.420000      3.361243
      5.440000      3.620955
      5.460000      3.845466
      5.480000      3.990951
      5.500000      4.027779
      5.520000      3.929310
      5.540000      3.688454
      5.560000      3.375682
      5.580000      3.127219
      5.600000      3.024924
      5.620000      2.999985
      5.640000      2.898017
      5.660000      2.671352
      5.680000      2.472416
      5.700000      2.486214
      5.720000      2.694770
      5.740000      2.901971
      5.760000      2.984645
      5.780000      3.010761
      5.800000      3.085500
      5.820000      3.178599
      5.840000      3.157887
      5.860000      2.968165
      5.880000      2.741072
      5.900000      2.672533
      5.920000      2.794573
      5.940000      2.953046
      5.960000      3.010033
      5.980000      2.990175
      6.000000      3.017771
      6.020000      3.147992
      6.040000      3.288865
      6.060000      3.303922
      6.080000      3.167665
      6.100000      2.993326
      6.120000      2.924076
      6.140000      3.009648
      6.160000      3.178319
      6.180000      3.311569
      6.200000      3.327168
      6.220000      3.213340
      6.240000      3.036591
      6.260000      2.914818
      6.280000      2.931306
      6.300000      3.060836
      6.320000      3.207429
      6.340000      3.302564
      6.360000      3.329510
      6.380000      3.282916
      6.400000      3.169311
      6.420000      3.043910
      6.440000      2.984381
      6.460000      3.000615
      6.480000      3.020682
      6.500000      3.005302
      6.520000      3.025677
      6.540000      3.167589
      6.560000      3.378203
      6.580000      3.477328
      6.600000      3.351055
      6.620000      3.085736
      6.640000      2.865157
      6.660000      2.771338
      6.680000      2.748836
      6.700000      2.744492
      6.720000      2.772308
      6.740000      2.812373
      6.760000      2.763451
      6.780000      2.561504
      6.800000      2.291264
      6.820000      2.132730
      6.840000      2.201325
      6.860000      2.466914
      6.880000      2.811293
      6.900000      3.100493
      6.920000      3.225332
      6.940000      3.173680
      6.960000      3.069309
      6.980000      3.061830
      7.000000      3.167397
      7.020000      3.257714
      7.040000      3.196999
      7.060000      2.973266
      7.080000      2.710290
      7.100000      2.551142
      7.120000      2.528294
      7.140000      2.564086
      7.160000      2.585872
      7.180000      2.598496
      7.200000      2.636484
      7.220000      2.680416
      7.240000      2.644106
      7.260000      2.453530
      7.280000      2.141949
      7.300000      1.840583
      7.320000      1.671550
      7.340000      1.686711
      7.360000      1.882521
      7.380000      2.204541
      7.400000      2.559367
      7.420000      2.878104
      7.440000      3.139844
      7.460000      3.309753
      7.480000      3.323327
      7.500000      3.170626
      7.520000      2.939078
      7.540000      2.743996
      7.560000      2.647917
      7.580000      2.634148
      7.600000      2.620482
      7.620000      2.531005
      7.640000      2.390679
      7.660000      2.313923
      7.680000      2.376641
      7.700000      2.523022
      7.720000      2.616106
      7.740000      2.582909
      7.760000      2.491342
      7.780000      2.457241
      7.800000      2.497757
      7.820000      2.535807
      7.840000      2.535811
      7.860000      2.556946
      7.880000      2.705066
      7.900000      3.160013
      7.920000      4.235641
      7.940000      6.174170
      7.960000      8.663686
      7.980000     10.730792
      8.000000     11.484129
      8.020000     10.928382
      8.040000      9.805911
      8.060000      8.791706
      8.080000      8.085094
      8.100000      7.613455
      8.120000      7.301358
      8.140000      7.106766
      8.160000      6.954645
      8.180000      6.743863
      8.200000      6.525836
      8.220000      6.617464
      8.240000      7.371475
      8.260000      8.927792
      8.280000     11.110642
      8.300000     13.238083
      8.320000     14.339985
      8.340000     14.067940
      8.360000     13.054652
      8.380000     12.044890
      8.400000     11.175965
      8.420000     10.391797
      8.440000      9.925056
      8.460000      9.915782
      8.480000     10.065460
      8.500000     10.195936
      8.520000     10.793064
      8.540000     12.489158
      8.560000     15.288386
      8.580000     18.729620
      8.600000     22.419970
      8.620000     25.810277
      8.640000     27.843712
      8.660000     27.756115
      8.680000     26.139179
      8.700000     24.427995
      8.720000     23.399876
      8.740000     22.660667
      8.760000     21.393282
      8.780000     19.258969
      8.800000     16.675392
      8.820000     14.461934
      8.840000     13.364969
      8.860000     13.779442
      8.880000     15.520373
      8.900000     17.769725
      8.920000     19.540721
      8.940000     20.371971
      8.960000     20.571548
      8.980000     20.786666
      9.000000     21.284393
      9.020000     21.670615
      9.040000     21.414371
      9.060000     20.477848
      9.080000     19.170617
      9.100000     17.641704
      9.120000     15.997503
      9.140000     14.737343
      9.160000     14.489300
      9.180000     15.325377
      9.200000     16.695165
      9.220000     17.959978
      9.240000     18.801312
      9.260000     19.247449
      9.280000     19.437437
      9.300000     19.305404
      9.320000     18.552772
      9.340000     17.078671
      9.360000     15.362625
      9.380000     14.232328
      9.400000     14.184480
      9.420000     14.926829
      9.440000     15.606066
      9.460000     15.539591
      9.480000     14.778717
      9.500000     14.003342
      9.520000     13.886805
      9.540000     14.564782
      9.560000     15.635270
      9.580000     16.494095
      9.600000     16.663964
      9.620000     16.026977
      9.640000     14.922469
      9.660000     13.991826
      9.680000     13.770446
      9.700000     14.278499
      9.720000     14.953276
      9.740000     15.068468
      9.760000     14.327728
      9.780000     13.056046
      9.800000     11.850520
      9.820000     11.134439
      9.840000     10.985352
      9.860000     11.184037
      9.880000     11.378446
      9.900000     11.384895
      9.920000     11.363573
      9.940000     11.553206
      9.960000     11.936850
      9.980000     12.321277
     10.000000     12.548414
