# EIG2DOS: Utility for SIESTA to obtain the electronic density of states
#
#                                                  Emilio Artacho, Apr. 1999
# --------------------------------------------------------------------------
# Nbands, Nspin, Nk   =    936     1    56
# E_F                 =    -5.1176 eV
# Broadening          =     0.0500 eV
# Number of electrons =   301.1429  301.5600 per cell
#
#        E            N
# --------------------------------------------------------------------------
    -10.000000      6.246124
     -9.980000      7.397889
     -9.960000      8.210283
     -9.940000      8.185238
     -9.920000      7.419481
     -9.900000      6.323145
     -9.880000      5.322045
     -9.860000      4.781509
     -9.840000      4.897043
     -9.820000      5.507978
     -9.800000      6.049686
     -9.780000      5.970438
     -9.760000      5.373789
     -9.740000      4.973407
     -9.720000      5.277458
     -9.700000      6.076962
     -9.680000      6.745585
     -9.660000      6.856624
     -9.640000      6.518933
     -9.620000      6.146517
     -9.600000      5.969233
     -9.580000      5.889836
     -9.560000      5.772302
     -9.540000      5.681537
     -9.520000      5.760636
     -9.500000      6.016452
     -9.480000      6.313584
     -9.460000      6.519895
     -9.440000      6.694470
     -9.420000      7.089564
     -9.400000      7.795033
     -9.380000      8.438741
     -9.360000      8.411332
     -9.340000      7.466566
     -9.320000      6.090197
     -9.300000      5.110578
     -9.280000      4.908425
     -9.260000      5.257898
     -9.240000      5.849003
     -9.220000      6.486941
     -9.200000      6.931437
     -9.180000      7.088987
     -9.160000      7.188941
     -9.140000      7.413967
     -9.120000      7.609243
     -9.100000      7.578605
     -9.080000      7.396948
     -9.060000      7.278783
     -9.040000      7.377376
     -9.020000      7.714711
     -9.000000      8.080363
     -8.980000      8.130226
     -8.960000      7.766827
     -8.940000      7.255543
     -8.920000      6.893009
     -8.900000      6.732413
     -8.880000      6.651871
     -8.860000      6.540520
     -8.840000      6.439897
     -8.820000      6.570240
     -8.800000      7.075807
     -8.780000      7.790683
     -8.760000      8.410413
     -8.740000      8.690264
     -8.720000      8.455372
     -8.700000      7.698219
     -8.680000      6.610566
     -8.660000      5.469093
     -8.640000      4.685717
     -8.620000      4.787391
     -8.600000      5.908358
     -8.580000      7.392951
     -8.560000      8.313664
     -8.540000      8.324276
     -8.520000      7.768558
     -8.500000      7.151664
     -8.480000      6.754870
     -8.460000      6.706199
     -8.440000      7.141879
     -8.420000      7.983264
     -8.400000      8.656321
     -8.380000      8.425012
     -8.360000      7.119209
     -8.340000      5.417706
     -8.320000      4.348941
     -8.300000      4.505316
     -8.280000      5.660311
     -8.260000      7.020934
     -8.240000      7.863568
     -8.220000      8.006411
     -8.200000      7.728931
     -8.180000      7.370810
     -8.160000      7.088852
     -8.140000      6.932501
     -8.120000      6.950425
     -8.100000      7.025166
     -8.080000      6.803977
     -8.060000      6.124429
     -8.040000      5.417111
     -8.020000      5.404643
     -8.000000      6.335715
     -7.980000      7.684676
     -7.960000      8.700811
     -7.940000      9.061126
     -7.920000      8.941904
     -7.900000      8.769672
     -7.880000      8.897009
     -7.860000      9.162232
     -7.840000      8.882698
     -7.820000      7.659721
     -7.800000      6.033991
     -7.780000      4.981173
     -7.760000      4.923576
     -7.740000      5.586196
     -7.720000      6.564111
     -7.700000      7.545771
     -7.680000      8.175523
     -7.660000      8.283099
     -7.640000      8.225214
     -7.620000      8.492108
     -7.600000      8.964065
     -7.580000      8.972244
     -7.560000      8.170459
     -7.540000      7.013201
     -7.520000      6.205354
     -7.500000      6.046361
     -7.480000      6.505705
     -7.460000      7.385109
     -7.440000      8.151795
     -7.420000      8.233006
     -7.400000      7.744753
     -7.380000      7.458593
     -7.360000      7.948727
     -7.340000      9.082783
     -7.320000     10.182803
     -7.300000     10.428294
     -7.280000      9.451646
     -7.260000      7.817090
     -7.240000      6.614577
     -7.220000      6.371667
     -7.200000      6.588563
     -7.180000      6.513263
     -7.160000      6.129111
     -7.140000      6.068132
     -7.120000      6.758172
     -7.100000      8.040229
     -7.080000      9.468301
     -7.060000     10.672517
     -7.040000     11.486031
     -7.020000     11.854919
     -7.000000     11.783527
     -6.980000     11.504952
     -6.960000     11.415884
     -6.940000     11.605757
     -6.920000     11.850105
     -6.900000     12.226505
     -6.880000     13.149021
     -6.860000     14.557330
     -6.840000     15.626636
     -6.820000     15.649690
     -6.800000     14.895092
     -6.780000     14.257099
     -6.760000     14.240527
     -6.740000     14.512179
     -6.720000     14.286438
     -6.700000     13.122767
     -6.680000     11.447752
     -6.660000     10.135942
     -6.640000      9.738121
     -6.620000     10.377555
     -6.600000     11.880772
     -6.580000     13.668880
     -6.560000     15.004206
     -6.540000     15.547983
     -6.520000     15.505682
     -6.500000     15.302382
     -6.480000     15.191319
     -6.460000     15.212625
     -6.440000     15.462772
     -6.420000     15.986825
     -6.400000     16.446752
     -6.380000     16.484364
     -6.360000     16.291279
     -6.340000     16.239763
     -6.320000     16.154369
     -6.300000     15.572017
     -6.280000     14.599728
     -6.260000     13.889206
     -6.240000     13.757623
     -6.220000     13.802899
     -6.200000     13.482781
     -6.180000     12.927977
     -6.160000     13.054112
     -6.140000     14.562896
     -6.120000     16.818499
     -6.100000     18.377724
     -6.080000     18.749031
     -6.060000     18.650271
     -6.040000     18.509816
     -6.020000     17.991331
     -6.000000     17.099967
     -5.980000     16.720359
     -5.960000     17.677148
     -5.940000     19.603432
     -5.920000     21.263944
     -5.900000     21.928476
     -5.880000     21.821443
     -5.860000     21.411891
     -5.840000     20.884943
     -5.820000     20.164337
     -5.800000     19.066046
     -5.780000     17.511013
     -5.760000     15.725088
     -5.740000     14.128812
     -5.720000     13.070160
     -5.700000     12.790994
     -5.680000     13.327753
     -5.660000     14.128717
     -5.640000     14.382095
     -5.620000     14.232331
     -5.600000     14.761287
     -5.580000     16.164473
     -5.560000     17.023369
     -5.540000     16.064648
     -5.520000     13.862499
     -5.500000     12.359015
     -5.480000     13.011879
     -5.460000     15.356004
     -5.440000     17.410400
     -5.420000     17.837570
     -5.400000     17.336952
     -5.380000     17.450503
     -5.360000     18.529762
     -5.340000     19.440024
     -5.320000     18.988873
     -5.300000     17.154385
     -5.280000     14.870887
     -5.260000     13.055503
     -5.240000     12.116025
     -5.220000     12.018657
     -5.200000     12.389354
     -5.180000     12.620201
     -5.160000     12.182753
     -5.140000     11.095067
     -5.120000     10.147578
     -5.100000     10.422446
     -5.080000     12.264564
     -5.060000     14.716562
     -5.040000     16.239911
     -5.020000     16.064668
     -5.000000     14.691247
     -4.980000     13.145124
     -4.960000     11.992109
     -4.940000     11.162949
     -4.920000     10.520417
     -4.900000     10.221801
     -4.880000     10.392576
     -4.860000     10.814588
     -4.840000     11.202965
     -4.820000     11.414617
     -4.800000     11.314899
     -4.780000     11.037192
     -4.760000     11.145461
     -4.740000     11.856086
     -4.720000     12.622722
     -4.700000     12.989974
     -4.680000     13.184771
     -4.660000     13.594776
     -4.640000     14.263684
     -4.620000     14.968928
     -4.600000     15.410536
     -4.580000     15.417379
     -4.560000     15.062145
     -4.540000     14.482137
     -4.520000     13.768496
     -4.500000     13.116049
     -4.480000     12.865438
     -4.460000     13.207558
     -4.440000     13.897863
     -4.420000     14.366704
     -4.400000     14.024008
     -4.380000     12.562653
     -4.360000     10.333997
     -4.340000      8.372309
     -4.320000      7.601309
     -4.300000      7.974117
     -4.280000      8.732495
     -4.260000      9.428625
     -4.240000     10.196012
     -4.220000     11.024695
     -4.200000     11.428581
     -4.180000     11.104266
     -4.160000     10.435165
     -4.140000     10.054724
     -4.120000     10.159825
     -4.100000     10.357241
     -4.080000     10.220982
     -4.060000     10.030045
     -4.040000     10.468858
     -4.020000     11.538654
     -4.000000     12.551637
     -3.980000     13.124412
     -3.960000     13.349339
     -3.940000     13.166417
     -3.920000     12.291975
     -3.900000     10.761356
     -3.880000      9.176998
     -3.860000      8.212168
     -3.840000      7.876566
     -3.820000      7.666751
     -3.800000      7.605666
     -3.780000      8.506646
     -3.760000     10.771989
     -3.740000     13.479532
     -3.720000     15.223191
     -3.700000     15.473605
     -3.680000     14.579051
     -3.660000     12.903411
     -3.640000     10.727312
     -3.620000      8.682081
     -3.600000      7.527535
     -3.580000      7.561420
     -3.560000      8.580880
     -3.540000     10.255351
     -3.520000     12.210349
     -3.500000     13.804337
     -3.480000     14.391745
     -3.460000     14.065716
     -3.440000     13.523092
     -3.420000     12.950191
     -3.400000     11.788370
     -3.380000      9.775163
     -3.360000      7.447573
     -3.340000      5.494798
     -3.320000      4.225764
     -3.300000      3.775648
     -3.280000      4.426227
     -3.260000      6.471200
     -3.240000      9.758603
     -3.220000     13.484441
     -3.200000     16.580575
     -3.180000     18.228452
     -3.160000     17.991911
     -3.140000     15.951444
     -3.120000     12.973490
     -3.100000     10.362987
     -3.080000      8.926494
     -3.060000      8.583863
     -3.040000      8.883035
     -3.020000      9.559645
     -3.000000     10.505085
     -2.980000     11.423120
     -2.960000     11.791632
     -2.940000     11.221816
     -2.920000      9.749236
     -2.900000      7.785066
     -2.880000      5.854612
     -2.860000      4.356500
     -2.840000      3.511956
     -2.820000      3.380755
     -2.800000      3.783146
     -2.780000      4.340982
     -2.760000      4.789302
     -2.740000      5.263563
     -2.720000      6.142776
     -2.700000      7.506992
     -2.680000      8.841457
     -2.660000      9.415546
     -2.640000      8.961099
     -2.620000      7.832416
     -2.600000      6.525397
     -2.580000      5.323717
     -2.560000      4.336724
     -2.540000      3.542813
     -2.520000      2.897965
     -2.500000      2.563921
     -2.480000      2.897032
     -2.460000      4.224088
     -2.440000      6.532806
     -2.420000      9.089138
     -2.400000     10.669336
     -2.380000     10.696853
     -2.360000      9.907969
     -2.340000      9.536258
     -2.320000     10.087237
     -2.300000     11.142021
     -2.280000     12.167570
     -2.260000     13.150351
     -2.240000     14.263430
     -2.220000     15.320603
     -2.200000     16.077939
     -2.180000     16.734125
     -2.160000     17.415074
     -2.140000     17.429755
     -2.120000     15.946801
     -2.100000     13.307972
     -2.080000     10.696001
     -2.060000      8.605640
     -2.040000      6.703526
     -2.020000      5.098455
     -2.000000      4.693018
     -1.980000      6.104341
     -1.960000      8.833337
     -1.940000     11.699965
     -1.920000     13.737499
     -1.900000     14.388284
     -1.880000     13.295999
     -1.860000     10.600731
     -1.840000      7.231376
     -1.820000      4.368999
     -1.800000      2.717616
     -1.780000      2.384004
     -1.760000      3.127720
     -1.740000      4.543845
     -1.720000      6.202655
     -1.700000      7.781566
     -1.680000      8.954465
     -1.660000      9.302262
     -1.640000      8.751815
     -1.620000      7.911525
     -1.600000      7.505465
     -1.580000      7.637140
     -1.560000      7.916737
     -1.540000      8.078713
     -1.520000      8.129317
     -1.500000      8.078612
     -1.480000      7.851669
     -1.460000      7.382657
     -1.440000      6.722305
     -1.420000      6.122474
     -1.400000      5.892721
     -1.380000      6.030851
     -1.360000      6.143315
     -1.340000      5.906769
     -1.320000      5.443812
     -1.300000      5.063055
     -1.280000      4.810953
     -1.260000      4.493932
     -1.240000      4.050418
     -1.220000      3.667678
     -1.200000      3.492052
     -1.180000      3.442403
     -1.160000      3.434792
     -1.140000      3.613583
     -1.120000      4.137425
     -1.100000      4.813188
     -1.080000      5.224147
     -1.060000      5.184373
     -1.040000      4.813448
     -1.020000      4.343058
     -1.000000      4.072039
     -0.980000      4.219401
     -0.960000      4.683307
     -0.940000      5.170970
     -0.920000      5.473490
     -0.900000      5.398622
     -0.880000      4.745696
     -0.860000      3.694921
     -0.840000      2.934432
     -0.820000      3.039833
     -0.800000      3.860554
     -0.780000      4.765400
     -0.760000      5.345439
     -0.740000      5.535036
     -0.720000      5.234966
     -0.700000      4.340299
     -0.680000      3.091847
     -0.660000      2.051044
     -0.640000      1.722035
     -0.620000      2.206199
     -0.600000      3.075318
     -0.580000      3.651067
     -0.560000      3.542358
     -0.540000      2.848390
     -0.520000      1.934772
     -0.500000      1.183802
     -0.480000      0.803232
     -0.460000      0.720229
     -0.440000      0.753002
     -0.420000      0.930137
     -0.400000      1.533580
     -0.380000      2.719705
     -0.360000      4.114732
     -0.340000      4.967949
     -0.320000      4.868742
     -0.300000      4.166350
     -0.280000      3.457901
     -0.260000      2.890125
     -0.240000      2.310811
     -0.220000      1.814670
     -0.200000      1.670547
     -0.180000      1.884583
     -0.160000      2.197365
     -0.140000      2.415671
     -0.120000      2.488430
     -0.100000      2.349538
     -0.080000      1.967772
     -0.060000      1.477866
     -0.040000      1.051659
     -0.020000      0.771837
      0.000000      0.719212
      0.020000      0.967961
      0.040000      1.402769
      0.060000      1.704636
      0.080000      1.645238
      0.100000      1.329323
      0.120000      1.050394
      0.140000      0.964785
      0.160000      0.998275
      0.180000      1.009885
      0.200000      0.939431
      0.220000      0.830456
      0.240000      0.763625
      0.260000      0.744429
      0.280000      0.704319
      0.300000      0.639897
      0.320000      0.626680
      0.340000      0.662770
      0.360000      0.647990
      0.380000      0.559049
      0.400000      0.506195
      0.420000      0.559285
      0.440000      0.624271
      0.460000      0.565464
      0.480000      0.382806
      0.500000      0.191663
      0.520000      0.080942
      0.540000      0.065516
      0.560000      0.135887
      0.580000      0.280171
      0.600000      0.451453
      0.620000      0.556992
      0.640000      0.522848
      0.660000      0.370487
      0.680000      0.197442
      0.700000      0.083874
      0.720000      0.047733
      0.740000      0.073381
      0.760000      0.135926
      0.780000      0.197828
      0.800000      0.230110
      0.820000      0.259073
      0.840000      0.349928
      0.860000      0.505136
      0.880000      0.619260
      0.900000      0.602084
      0.920000      0.516607
      0.940000      0.504378
      0.960000      0.587828
      0.980000      0.645729
      1.000000      0.602886
      1.020000      0.544259
      1.040000      0.576671
      1.060000      0.666946
      1.080000      0.724604
      1.100000      0.782768
      1.120000      0.946638
      1.140000      1.176402
      1.160000      1.291491
      1.180000      1.220711
      1.200000      1.092507
      1.220000      1.054020
      1.240000      1.143789
      1.260000      1.303369
      1.280000      1.376430
      1.300000      1.212035
      1.320000      0.889023
      1.340000      0.718745
      1.360000      0.962314
      1.380000      1.570737
      1.400000      2.186290
      1.420000      2.460027
      1.440000      2.383310
      1.460000      2.201117
      1.480000      2.051511
      1.500000      1.843040
      1.520000      1.491142
      1.540000      1.161821
      1.560000      1.166547
      1.580000      1.622877
      1.600000      2.337868
      1.620000      3.046907
      1.640000      3.622787
      1.660000      4.033956
      1.680000      4.260735
      1.700000      4.215510
      1.720000      3.725241
      1.740000      2.806542
      1.760000      1.864180
      1.780000      1.353773
      1.800000      1.379269
      1.820000      1.840396
      1.840000      2.848076
      1.860000      4.630330
      1.880000      6.856194
      1.900000      8.410435
      1.920000      8.275600
      1.940000      6.535054
      1.960000      4.250939
      1.980000      2.511029
      2.000000      1.880662
      2.020000      2.574393
      2.040000      4.498168
      2.060000      6.891496
      2.080000      8.470155
      2.100000      8.358220
      2.120000      6.752179
      2.140000      4.675817
      2.160000      3.304567
      2.180000      3.369185
      2.200000      4.876010
      2.220000      7.261376
      2.240000      9.772869
      2.260000     11.749295
      2.280000     12.788443
      2.300000     12.906401
      2.320000     12.481609
      2.340000     11.893640
      2.360000     11.299466
      2.380000     10.755460
      2.400000     10.277596
      2.420000      9.731899
      2.440000      9.023869
      2.460000      8.483756
      2.480000      8.610059
      2.500000      9.317499
      2.520000      9.833895
      2.540000      9.360396
      2.560000      7.690545
      2.580000      5.385455
      2.600000      3.410657
      2.620000      2.504232
      2.640000      2.855489
      2.660000      4.131672
      2.680000      5.625288
      2.700000      6.609239
      2.720000      6.800560
      2.740000      6.554656
      2.760000      6.564328
      2.780000      7.188204
      2.800000      8.053229
      2.820000      8.425453
      2.840000      7.866659
      2.860000      6.571849
      2.880000      5.330981
      2.900000      5.002940
      2.920000      5.727911
      2.940000      6.782777
      2.960000      7.285253
      2.980000      6.925202
      3.000000      6.100213
      3.020000      5.409320
      3.040000      5.076527
      3.060000      5.049027
      3.080000      5.354270
      3.100000      5.880187
      3.120000      6.160422
      3.140000      5.942189
      3.160000      5.657878
      3.180000      5.835976
      3.200000      6.324782
      3.220000      6.538900
      3.240000      6.261150
      3.260000      5.798272
      3.280000      5.423302
      3.300000      5.077527
      3.320000      4.738523
      3.340000      4.624372
      3.360000      4.747169
      3.380000      4.724328
      3.400000      4.349287
      3.420000      3.931659
      3.440000      3.836931
      3.460000      4.056175
      3.480000      4.388650
      3.500000      4.724594
      3.520000      4.953328
      3.540000      4.848067
      3.560000      4.381883
      3.580000      4.016077
      3.600000      4.217875
      3.620000      4.777865
      3.640000      5.083452
      3.660000      4.938994
      3.680000      4.674734
      3.700000      4.598952
      3.720000      4.674062
      3.740000      4.653629
      3.760000      4.413016
      3.780000      4.181359
      3.800000      4.379244
      3.820000      5.088101
      3.840000      5.796813
      3.860000      5.870275
      3.880000      5.152087
      3.900000      4.011651
      3.920000      2.982984
      3.940000      2.429405
      3.960000      2.504285
      3.980000      3.303678
      4.000000      4.715806
      4.020000      6.100237
      4.040000      6.583820
      4.060000      5.863147
      4.080000      4.498568
      4.100000      3.354916
      4.120000      2.911167
      4.140000      3.146757
      4.160000      3.813526
      4.180000      4.552130
      4.200000      4.986565
      4.220000      5.023641
      4.240000      4.859257
      4.260000      4.612839
      4.280000      4.290147
      4.300000      4.027272
      4.320000      3.993534
      4.340000      4.115657
      4.360000      4.145598
      4.380000      3.931829
      4.400000      3.500009
      4.420000      3.042612
      4.440000      2.927803
      4.460000      3.445481
      4.480000      4.400938
      4.500000      5.181082
      4.520000      5.333025
      4.540000      4.920346
      4.560000      4.259013
      4.580000      3.528395
      4.600000      2.819853
      4.620000      2.351220
      4.640000      2.348392
      4.660000      2.786055
      4.680000      3.394062
      4.700000      3.924266
      4.720000      4.369049
      4.740000      4.823178
      4.760000      5.134046
      4.780000      4.957901
      4.800000      4.304078
      4.820000      3.711442
      4.840000      3.646206
      4.860000      3.928403
      4.880000      3.964628
      4.900000      3.464106
      4.920000      2.749681
      4.940000      2.378028
      4.960000      2.635592
      4.980000      3.376881
      5.000000      4.152044
      5.020000      4.565190
      5.040000      4.630006
      5.060000      4.635417
      5.080000      4.702931
      5.100000      4.693729
      5.120000      4.436389
      5.140000      3.914595
      5.160000      3.408658
      5.180000      3.367407
      5.200000      3.814657
      5.220000      4.088303
      5.240000      3.625515
      5.260000      2.787887
      5.280000      2.428474
      5.300000      2.839983
      5.320000      3.531479
      5.340000      3.908908
      5.360000      3.823161
      5.380000      3.485641
      5.400000      3.181079
      5.420000      3.056693
      5.440000      2.978562
      5.460000      2.723163
      5.480000      2.399244
      5.500000      2.438901
      5.520000      3.116718
      5.540000      4.210672
      5.560000      5.081405
      5.580000      5.134257
      5.600000      4.398957
      5.620000      3.528895
      5.640000      3.111603
      5.660000      3.176677
      5.680000      3.334564
      5.700000      3.162626
      5.720000      2.548864
      5.740000      1.840756
      5.760000      1.609745
      5.780000      2.170654
      5.800000      3.272249
      5.820000      4.239124
      5.840000      4.530579
      5.860000      4.192797
      5.880000      3.634236
      5.900000      3.108121
      5.920000      2.680325
      5.940000      2.433351
      5.960000      2.365786
      5.980000      2.361389
      6.000000      2.428429
      6.020000      2.629683
      6.040000      2.781422
      6.060000      2.652136
      6.080000      2.419144
      6.100000      2.544428
      6.120000      3.176625
      6.140000      3.880239
      6.160000      4.087054
      6.180000      3.740055
      6.200000      3.246070
      6.220000      2.933584
      6.240000      2.871679
      6.260000      3.011601
      6.280000      3.237336
      6.300000      3.370459
      6.320000      3.247629
      6.340000      2.843325
      6.360000      2.332846
      6.380000      1.992164
      6.400000      1.973834
      6.420000      2.200002
      6.440000      2.527984
      6.460000      2.914325
      6.480000      3.340488
      6.500000      3.754016
      6.520000      4.096541
      6.540000      4.198569
      6.560000      3.844572
      6.580000      3.162045
      6.600000      2.644362
      6.620000      2.600937
      6.640000      2.796850
      6.660000      2.755408
      6.680000      2.330560
      6.700000      1.847649
      6.720000      1.685736
      6.740000      1.897860
      6.760000      2.249769
      6.780000      2.471670
      6.800000      2.481892
      6.820000      2.458525
      6.840000      2.663162
      6.860000      3.125598
      6.880000      3.535839
      6.900000      3.561812
      6.920000      3.274495
      6.940000      3.083177
      6.960000      3.196959
      6.980000      3.361565
      7.000000      3.222487
      7.020000      2.752583
      7.040000      2.214059
      7.060000      1.832745
      7.080000      1.618589
      7.100000      1.476846
      7.120000      1.452818
      7.140000      1.815489
      7.160000      2.771334
      7.180000      4.068850
      7.200000      5.056806
      7.220000      5.196520
      7.240000      4.442123
      7.260000      3.206715
      7.280000      2.028711
      7.300000      1.210811
      7.320000      0.806218
      7.340000      0.870219
      7.360000      1.495091
      7.380000      2.541887
      7.400000      3.504170
      7.420000      3.864821
      7.440000      3.580236
      7.460000      2.997215
      7.480000      2.420160
      7.500000      2.032137
      7.520000      1.955434
      7.540000      2.075691
      7.560000      2.108879
      7.580000      2.041839
      7.600000      2.196176
      7.620000      2.719105
      7.640000      3.242426
      7.660000      3.218012
      7.680000      2.570800
      7.700000      1.866321
      7.720000      1.746774
      7.740000      2.286136
      7.760000      2.961497
      7.780000      3.259848
      7.800000      3.183425
      7.820000      2.991375
      7.840000      2.713469
      7.860000      2.262940
      7.880000      1.768600
      7.900000      1.478009
      7.920000      1.496731
      7.940000      1.770822
      7.960000      2.201241
      7.980000      2.741342
      8.000000      3.506604
      8.020000      4.792544
      8.040000      6.803484
      8.060000      9.222091
      8.080000     11.140658
      8.100000     11.647165
      8.120000     10.674686
      8.140000      9.276318
      8.160000      8.711686
      8.180000      9.014713
      8.200000      8.907355
      8.220000      7.556992
      8.240000      5.870124
      8.260000      5.523472
      8.280000      7.287117
      8.300000     10.616539
      8.320000     14.170518
      8.340000     16.446732
      8.360000     16.563195
      8.380000     14.820917
      8.400000     12.380943
      8.420000     10.400025
      8.440000      9.428025
      8.460000      9.355075
      8.480000      9.925579
      8.500000     11.202875
      8.520000     13.088938
      8.540000     14.666139
      8.560000     14.888395
      8.580000     13.799900
      8.600000     12.401823
      8.620000     11.621539
      8.640000     11.786703
      8.660000     12.692582
      8.680000     14.010510
      8.700000     15.832573
      8.720000     18.609347
      8.740000     22.237875
      8.760000     25.587091
      8.780000     27.396736
      8.800000     27.362048
      8.820000     26.174683
      8.840000     24.757090
      8.860000     23.396223
      8.880000     21.804353
      8.900000     20.204690
      8.920000     19.540743
      8.940000     20.126730
      8.960000     21.050291
      8.980000     21.600367
      9.000000     22.326574
      9.020000     23.816797
      9.040000     25.343835
      9.060000     25.745477
      9.080000     24.845878
      9.100000     23.167198
      9.120000     21.229353
      9.140000     19.660379
      9.160000     18.874407
      9.180000     18.442945
      9.200000     17.604246
      9.220000     16.240173
      9.240000     14.840631
      9.260000     13.772706
      9.280000     13.047528
      9.300000     12.760124
      9.320000     13.359108
      9.340000     15.175558
      9.360000     17.676845
      9.380000     19.540184
      9.400000     19.800572
      9.420000     18.615176
      9.440000     16.634818
      9.460000     14.324893
      9.480000     12.236559
      9.500000     11.032980
      9.520000     10.754694
      9.540000     10.753572
      9.560000     10.810468
      9.580000     11.691162
      9.600000     14.014158
      9.620000     16.990011
      9.640000     18.808666
      9.660000     18.158915
      9.680000     15.184308
      9.700000     11.198710
      9.720000      7.894641
      9.740000      6.772876
      9.760000      8.554820
      9.780000     12.425978
      9.800000     16.158266
      9.820000     17.766883
      9.840000     17.027320
      9.860000     15.046198
      9.880000     12.962055
      9.900000     11.542067
      9.920000     11.204657
      9.940000     11.776589
      9.960000     12.634790
      9.980000     13.324468
     10.000000     13.835362
