# EIG2DOS: Utility for SIESTA to obtain the electronic density of states
#
#                                                  Emilio Artacho, Apr. 1999
# --------------------------------------------------------------------------
# Nbands, Nspin, Nk   =    936     1   352
# E_F                 =    -5.4434 eV
# Broadening          =     0.0500 eV
# Number of electrons =   296.2273  296.5906 per cell
#
#        E            N
# --------------------------------------------------------------------------
    -10.000000      5.425224
     -9.980000      5.050303
     -9.960000      4.552470
     -9.940000      4.073045
     -9.920000      3.726460
     -9.900000      3.559220
     -9.880000      3.574272
     -9.860000      3.722635
     -9.840000      3.913928
     -9.820000      4.091943
     -9.800000      4.259745
     -9.780000      4.430392
     -9.760000      4.596195
     -9.740000      4.756276
     -9.720000      4.971097
     -9.700000      5.336279
     -9.680000      5.844035
     -9.660000      6.327973
     -9.640000      6.615949
     -9.620000      6.674211
     -9.600000      6.548659
     -9.580000      6.258480
     -9.560000      5.840229
     -9.540000      5.440602
     -9.520000      5.254158
     -9.500000      5.375985
     -9.480000      5.752236
     -9.460000      6.220905
     -9.440000      6.588673
     -9.420000      6.738230
     -9.400000      6.685910
     -9.380000      6.513893
     -9.360000      6.282772
     -9.340000      6.041882
     -9.320000      5.854155
     -9.300000      5.764138
     -9.280000      5.775787
     -9.260000      5.859497
     -9.240000      5.967163
     -9.220000      6.077664
     -9.200000      6.226919
     -9.180000      6.461053
     -9.160000      6.776460
     -9.140000      7.103411
     -9.120000      7.335175
     -9.100000      7.414689
     -9.080000      7.393546
     -9.060000      7.365410
     -9.040000      7.366405
     -9.020000      7.381030
     -9.000000      7.395975
     -8.980000      7.377658
     -8.960000      7.262883
     -8.940000      7.056054
     -8.920000      6.858263
     -8.900000      6.746329
     -8.880000      6.701155
     -8.860000      6.668449
     -8.840000      6.615721
     -8.820000      6.523060
     -8.800000      6.396494
     -8.780000      6.319442
     -8.760000      6.402775
     -8.740000      6.631194
     -8.720000      6.834100
     -8.700000      6.853951
     -8.680000      6.685514
     -8.660000      6.435812
     -8.640000      6.221276
     -8.620000      6.108611
     -8.600000      6.087615
     -8.580000      6.098491
     -8.560000      6.102020
     -8.540000      6.105153
     -8.520000      6.124789
     -8.500000      6.150801
     -8.480000      6.152219
     -8.460000      6.112599
     -8.440000      6.055651
     -8.420000      6.035194
     -8.400000      6.102864
     -8.380000      6.294126
     -8.360000      6.629813
     -8.340000      7.101382
     -8.320000      7.638156
     -8.300000      8.113696
     -8.280000      8.428905
     -8.260000      8.559861
     -8.240000      8.488265
     -8.220000      8.159107
     -8.200000      7.581030
     -8.180000      6.908550
     -8.160000      6.347589
     -8.140000      6.017977
     -8.120000      5.938960
     -8.100000      6.085119
     -8.080000      6.401716
     -8.060000      6.779849
     -8.040000      7.068215
     -8.020000      7.169894
     -8.000000      7.143479
     -7.980000      7.135025
     -7.960000      7.183216
     -7.940000      7.199800
     -7.920000      7.153960
     -7.900000      7.116997
     -7.880000      7.105439
     -7.860000      7.044732
     -7.840000      6.923352
     -7.820000      6.849049
     -7.800000      6.905395
     -7.780000      7.048821
     -7.760000      7.188472
     -7.740000      7.302678
     -7.720000      7.439004
     -7.700000      7.615068
     -7.680000      7.747413
     -7.660000      7.711954
     -7.640000      7.482491
     -7.620000      7.177143
     -7.600000      6.951961
     -7.580000      6.884990
     -7.560000      6.964018
     -7.540000      7.108853
     -7.520000      7.202234
     -7.500000      7.185629
     -7.480000      7.108003
     -7.460000      7.014053
     -7.440000      6.863428
     -7.420000      6.647297
     -7.400000      6.500695
     -7.380000      6.606308
     -7.360000      7.009549
     -7.340000      7.559329
     -7.320000      8.013585
     -7.300000      8.190066
     -7.280000      8.068962
     -7.260000      7.820006
     -7.240000      7.702663
     -7.220000      7.869503
     -7.200000      8.233743
     -7.180000      8.531989
     -7.160000      8.548970
     -7.140000      8.264807
     -7.120000      7.779137
     -7.100000      7.215539
     -7.080000      6.734201
     -7.060000      6.486173
     -7.040000      6.496620
     -7.020000      6.658536
     -7.000000      6.858572
     -6.980000      7.088839
     -6.960000      7.419993
     -6.940000      7.890544
     -6.920000      8.461487
     -6.900000      9.036509
     -6.880000      9.482380
     -6.860000      9.693652
     -6.840000      9.697365
     -6.820000      9.647853
     -6.800000      9.733305
     -6.780000     10.171591
     -6.760000     11.157929
     -6.740000     12.587445
     -6.720000     13.910229
     -6.700000     14.511705
     -6.680000     14.275971
     -6.660000     13.638915
     -6.640000     13.092381
     -6.620000     12.798707
     -6.600000     12.703002
     -6.580000     12.787437
     -6.560000     13.032996
     -6.540000     13.249930
     -6.520000     13.177346
     -6.500000     12.789755
     -6.480000     12.337893
     -6.460000     12.021809
     -6.440000     11.816421
     -6.420000     11.685089
     -6.400000     11.752728
     -6.380000     12.151350
     -6.360000     12.775640
     -6.340000     13.294077
     -6.320000     13.453549
     -6.300000     13.320799
     -6.280000     13.138711
     -6.260000     13.023251
     -6.240000     12.954355
     -6.220000     12.999125
     -6.200000     13.300421
     -6.180000     13.807265
     -6.160000     14.256044
     -6.140000     14.488063
     -6.120000     14.587634
     -6.100000     14.687180
     -6.080000     14.787202
     -6.060000     14.780946
     -6.040000     14.611440
     -6.020000     14.341740
     -6.000000     14.023795
     -5.980000     13.644064
     -5.960000     13.290889
     -5.940000     13.213306
     -5.920000     13.585390
     -5.900000     14.233482
     -5.880000     14.716952
     -5.860000     14.800254
     -5.840000     14.715231
     -5.820000     14.822666
     -5.800000     15.243820
     -5.780000     15.944717
     -5.760000     16.861213
     -5.740000     17.740531
     -5.720000     18.075776
     -5.700000     17.422753
     -5.680000     15.807342
     -5.660000     13.786871
     -5.640000     12.078944
     -5.620000     11.143602
     -5.600000     11.137396
     -5.580000     12.056772
     -5.560000     13.615388
     -5.540000     15.062370
     -5.520000     15.556128
     -5.500000     14.916208
     -5.480000     13.837220
     -5.460000     13.232922
     -5.440000     13.436209
     -5.420000     14.121113
     -5.400000     14.911030
     -5.380000     15.838022
     -5.360000     17.129695
     -5.340000     18.691864
     -5.320000     19.946086
     -5.300000     20.183994
     -5.280000     19.077790
     -5.260000     16.975580
     -5.240000     14.795173
     -5.220000     13.494286
     -5.200000     13.444646
     -5.180000     14.218595
     -5.160000     15.011764
     -5.140000     15.363469
     -5.120000     15.413471
     -5.100000     15.439774
     -5.080000     15.405854
     -5.060000     15.111349
     -5.040000     14.544676
     -5.020000     13.897348
     -5.000000     13.386564
     -4.980000     13.134876
     -4.960000     13.057913
     -4.940000     12.881076
     -4.920000     12.427292
     -4.900000     11.852506
     -4.880000     11.457615
     -4.860000     11.336585
     -4.840000     11.360263
     -4.820000     11.394229
     -4.800000     11.389188
     -4.780000     11.362088
     -4.760000     11.378799
     -4.740000     11.504525
     -4.720000     11.721715
     -4.700000     11.929479
     -4.680000     12.061055
     -4.660000     12.082609
     -4.640000     11.849780
     -4.620000     11.243802
     -4.600000     10.503523
     -4.580000     10.113182
     -4.560000     10.311710
     -4.540000     10.942614
     -4.520000     11.782778
     -4.500000     12.768083
     -4.480000     13.794555
     -4.460000     14.490320
     -4.440000     14.439983
     -4.420000     13.666568
     -4.400000     12.680813
     -4.380000     11.985159
     -4.360000     11.752849
     -4.340000     11.985798
     -4.320000     12.609946
     -4.300000     13.348269
     -4.280000     13.849083
     -4.260000     14.013168
     -4.240000     13.968288
     -4.220000     13.791061
     -4.200000     13.501357
     -4.180000     13.245520
     -4.160000     13.203342
     -4.140000     13.306398
     -4.120000     13.337873
     -4.100000     13.331707
     -4.080000     13.472221
     -4.060000     13.595219
     -4.040000     13.283307
     -4.020000     12.465056
     -4.000000     11.519562
     -3.980000     10.870216
     -3.960000     10.747773
     -3.940000     11.149499
     -3.920000     11.788795
     -3.900000     12.239003
     -3.880000     12.262056
     -3.860000     11.911873
     -3.840000     11.370402
     -3.820000     10.844886
     -3.800000     10.510760
     -3.780000     10.390568
     -3.760000     10.411725
     -3.740000     10.615657
     -3.720000     11.104714
     -3.700000     11.805801
     -3.680000     12.489189
     -3.660000     12.991848
     -3.640000     13.297807
     -3.620000     13.404507
     -3.600000     13.194186
     -3.580000     12.540781
     -3.560000     11.568719
     -3.540000     10.739997
     -3.520000     10.609086
     -3.500000     11.374228
     -3.480000     12.613607
     -3.460000     13.583663
     -3.440000     13.832876
     -3.420000     13.459539
     -3.400000     12.861551
     -3.380000     12.380976
     -3.360000     12.147207
     -3.340000     12.099498
     -3.320000     12.035936
     -3.300000     11.720523
     -3.280000     11.142472
     -3.260000     10.610482
     -3.240000     10.432632
     -3.220000     10.638436
     -3.200000     11.050429
     -3.180000     11.407289
     -3.160000     11.492692
     -3.140000     11.366590
     -3.120000     11.339384
     -3.100000     11.571900
     -3.080000     11.882343
     -3.060000     12.029765
     -3.040000     11.974418
     -3.020000     11.795497
     -3.000000     11.523587
     -2.980000     11.145659
     -2.960000     10.714901
     -2.940000     10.340340
     -2.920000     10.051571
     -2.900000      9.762420
     -2.880000      9.416470
     -2.860000      9.174062
     -2.840000      9.376612
     -2.820000     10.153476
     -2.800000     11.092376
     -2.780000     11.573702
     -2.760000     11.457280
     -2.740000     11.149988
     -2.720000     11.000933
     -2.700000     10.960691
     -2.680000     10.863066
     -2.660000     10.726432
     -2.640000     10.653480
     -2.620000     10.593385
     -2.600000     10.324862
     -2.580000      9.684461
     -2.560000      8.776982
     -2.540000      7.904248
     -2.520000      7.295911
     -2.500000      6.949929
     -2.480000      6.719638
     -2.460000      6.525292
     -2.440000      6.459905
     -2.420000      6.643681
     -2.400000      6.967909
     -2.380000      7.125736
     -2.360000      6.981048
     -2.340000      6.726563
     -2.320000      6.574389
     -2.300000      6.482557
     -2.280000      6.307948
     -2.260000      6.068316
     -2.240000      5.914469
     -2.220000      5.919776
     -2.200000      5.991320
     -2.180000      5.988995
     -2.160000      5.905634
     -2.140000      5.879849
     -2.120000      5.986935
     -2.100000      6.115958
     -2.080000      6.228639
     -2.060000      6.659539
     -2.040000      7.856261
     -2.020000      9.741764
     -2.000000     11.607841
     -1.980000     12.848665
     -1.960000     13.570525
     -1.940000     14.182778
     -1.920000     14.579232
     -1.900000     14.135707
     -1.880000     12.540502
     -1.860000     10.280742
     -1.840000      8.195865
     -1.820000      6.850846
     -1.800000      6.435675
     -1.780000      6.922588
     -1.760000      8.093406
     -1.740000      9.575359
     -1.720000     11.022539
     -1.700000     12.255115
     -1.680000     13.243726
     -1.660000     13.978012
     -1.640000     14.312743
     -1.620000     14.028981
     -1.600000     13.079897
     -1.580000     11.664981
     -1.560000     10.075967
     -1.540000      8.536054
     -1.520000      7.167740
     -1.500000      6.074167
     -1.480000      5.362490
     -1.460000      5.051900
     -1.440000      5.093728
     -1.420000      5.537221
     -1.400000      6.547175
     -1.380000      8.187794
     -1.360000     10.182207
     -1.340000     11.878478
     -1.320000     12.582042
     -1.300000     12.064033
     -1.280000     10.680138
     -1.260000      8.968245
     -1.240000      7.301826
     -1.220000      5.909849
     -1.200000      4.943337
     -1.180000      4.415887
     -1.160000      4.207001
     -1.140000      4.191504
     -1.120000      4.335588
     -1.100000      4.636852
     -1.080000      4.970151
     -1.060000      5.060760
     -1.040000      4.736076
     -1.020000      4.203961
     -1.000000      3.935399
     -0.980000      4.234710
     -0.960000      4.959482
     -0.940000      5.618522
     -0.920000      5.776346
     -0.900000      5.432211
     -0.880000      4.983338
     -0.860000      4.863377
     -0.840000      5.270680
     -0.820000      6.108507
     -0.800000      7.022291
     -0.780000      7.543551
     -0.760000      7.384431
     -0.740000      6.677504
     -0.720000      5.869415
     -0.700000      5.337687
     -0.680000      5.125125
     -0.660000      5.023542
     -0.640000      4.845564
     -0.620000      4.574302
     -0.600000      4.296831
     -0.580000      4.083145
     -0.560000      3.951023
     -0.540000      3.900358
     -0.520000      3.955561
     -0.500000      4.194374
     -0.480000      4.736755
     -0.460000      5.638309
     -0.440000      6.733454
     -0.420000      7.681811
     -0.400000      8.318509
     -0.380000      8.851894
     -0.360000      9.511898
     -0.340000     10.104016
     -0.320000     10.176789
     -0.300000      9.614339
     -0.280000      8.756025
     -0.260000      7.886194
     -0.240000      6.953099
     -0.220000      5.869928
     -0.200000      4.786185
     -0.180000      3.961816
     -0.160000      3.533477
     -0.140000      3.440985
     -0.120000      3.486992
     -0.100000      3.460274
     -0.080000      3.269527
     -0.060000      2.965116
     -0.040000      2.628675
     -0.020000      2.303737
      0.000000      2.047020
      0.020000      1.959438
      0.040000      2.102515
      0.060000      2.405628
      0.080000      2.710609
      0.100000      2.948590
      0.120000      3.238096
      0.140000      3.749057
      0.160000      4.493532
      0.180000      5.242554
      0.200000      5.621815
      0.220000      5.398812
      0.240000      4.720905
      0.260000      3.966279
      0.280000      3.384056
      0.300000      2.984803
      0.320000      2.702809
      0.340000      2.505348
      0.360000      2.362422
      0.380000      2.234888
      0.400000      2.109931
      0.420000      2.000353
      0.440000      1.912628
      0.460000      1.833755
      0.480000      1.747959
      0.500000      1.660483
      0.520000      1.589154
      0.540000      1.531521
      0.560000      1.466297
      0.580000      1.390108
      0.600000      1.323894
      0.620000      1.275638
      0.640000      1.224365
      0.660000      1.156505
      0.680000      1.091799
      0.700000      1.047496
      0.720000      1.004514
      0.740000      0.943119
      0.760000      0.881091
      0.780000      0.838153
      0.800000      0.797689
      0.820000      0.741516
      0.840000      0.684417
      0.860000      0.641349
      0.880000      0.599596
      0.900000      0.548280
      0.920000      0.497915
      0.940000      0.454692
      0.960000      0.406094
      0.980000      0.338478
      1.000000      0.251192
      1.020000      0.157821
      1.040000      0.079884
      1.060000      0.031328
      1.080000      0.009326
      1.100000      0.002424
      1.120000      0.002307
      1.140000      0.007685
      1.160000      0.022586
      1.180000      0.051705
      1.200000      0.093560
      1.220000      0.138108
      1.240000      0.175787
      1.260000      0.208211
      1.280000      0.243827
      1.300000      0.288050
      1.320000      0.345385
      1.340000      0.418739
      1.360000      0.498130
      1.380000      0.565965
      1.400000      0.618429
      1.420000      0.668227
      1.440000      0.725046
      1.460000      0.781381
      1.480000      0.826456
      1.500000      0.871427
      1.520000      0.932988
      1.540000      0.996579
      1.560000      1.042331
      1.580000      1.089827
      1.600000      1.159107
      1.620000      1.225954
      1.640000      1.274547
      1.660000      1.333475
      1.680000      1.412158
      1.700000      1.480047
      1.720000      1.536147
      1.740000      1.612428
      1.760000      1.705223
      1.780000      1.784364
      1.800000      1.855742
      1.820000      1.951436
      1.840000      2.074271
      1.860000      2.197232
      1.880000      2.318522
      1.900000      2.491104
      1.920000      2.783929
      1.940000      3.222747
      1.960000      3.759833
      1.980000      4.261257
      2.000000      4.527876
      2.020000      4.415174
      2.040000      3.988769
      2.060000      3.518080
      2.080000      3.270660
      2.100000      3.308347
      2.120000      3.484492
      2.140000      3.635664
      2.160000      3.738637
      2.180000      3.860414
      2.200000      4.031403
      2.220000      4.217290
      2.240000      4.334175
      2.260000      4.268017
      2.280000      4.019733
      2.300000      3.820517
      2.320000      3.917461
      2.340000      4.285755
      2.360000      4.679060
      2.380000      4.895587
      2.400000      4.920650
      2.420000      4.842879
      2.440000      4.738195
      2.460000      4.692234
      2.480000      4.863035
      2.500000      5.458796
      2.520000      6.622337
      2.540000      8.298874
      2.560000     10.220956
      2.580000     12.030915
      2.600000     13.409598
      2.620000     14.135834
      2.640000     14.105505
      2.660000     13.318098
      2.680000     11.880472
      2.700000     10.068575
      2.720000      8.286632
      2.740000      6.856487
      2.760000      5.876268
      2.780000      5.280896
      2.800000      4.963450
      2.820000      4.827309
      2.840000      4.769841
      2.860000      4.667682
      2.880000      4.419012
      2.900000      4.012935
      2.920000      3.560150
      2.940000      3.272989
      2.960000      3.402670
      2.980000      4.114066
      3.000000      5.352134
      3.020000      6.833832
      3.040000      8.174162
      3.060000      9.020435
      3.080000      9.161919
      3.100000      8.649169
      3.120000      7.785833
      3.140000      6.918595
      3.160000      6.274462
      3.180000      5.956835
      3.200000      5.940638
      3.220000      6.077846
      3.240000      6.208454
      3.260000      6.274142
      3.280000      6.298015
      3.300000      6.280654
      3.320000      6.179068
      3.340000      5.987631
      3.360000      5.775089
      3.380000      5.626879
      3.400000      5.571601
      3.420000      5.541755
      3.440000      5.394814
      3.460000      5.045610
      3.480000      4.629297
      3.500000      4.461361
      3.520000      4.766469
      3.540000      5.455872
      3.560000      6.167966
      3.580000      6.509694
      3.600000      6.313152
      3.620000      5.739711
      3.640000      5.120121
      3.660000      4.661556
      3.680000      4.358408
      3.700000      4.153570
      3.720000      4.045491
      3.740000      4.014821
      3.760000      3.967733
      3.780000      3.817914
      3.800000      3.573191
      3.820000      3.314433
      3.840000      3.127089
      3.860000      3.055275
      3.880000      3.112818
      3.900000      3.343711
      3.920000      3.802968
      3.940000      4.424654
      3.960000      4.990421
      3.980000      5.298121
      4.000000      5.324256
      4.020000      5.203840
      4.040000      5.094769
      4.060000      5.065752
      4.080000      5.088107
      4.100000      5.122032
      4.120000      5.158496
      4.140000      5.153829
      4.160000      5.022221
      4.180000      4.751969
      4.200000      4.454126
      4.220000      4.262050
      4.240000      4.239798
      4.260000      4.376929
      4.280000      4.589590
      4.300000      4.745583
      4.320000      4.773882
      4.340000      4.725719
      4.360000      4.673192
      4.380000      4.603176
      4.400000      4.474967
      4.420000      4.328622
      4.440000      4.247952
      4.460000      4.240817
      4.480000      4.232311
      4.500000      4.165249
      4.520000      4.074628
      4.540000      4.072264
      4.560000      4.220151
      4.580000      4.396696
      4.600000      4.381803
      4.620000      4.101363
      4.640000      3.694523
      4.660000      3.346278
      4.680000      3.137208
      4.700000      3.037631
      4.720000      2.975334
      4.740000      2.912723
      4.760000      2.890385
      4.780000      2.960722
      4.800000      3.071203
      4.820000      3.108263
      4.840000      3.088696
      4.860000      3.200452
      4.880000      3.600838
      4.900000      4.244240
      4.920000      4.914981
      4.940000      5.348352
      4.960000      5.365562
      4.980000      5.023801
      5.000000      4.605545
      5.020000      4.364691
      5.040000      4.307960
      5.060000      4.252703
      5.080000      4.058913
      5.100000      3.775779
      5.120000      3.565412
      5.140000      3.511803
      5.160000      3.528896
      5.180000      3.474334
      5.200000      3.358319
      5.220000      3.377395
      5.240000      3.680997
      5.260000      4.148130
      5.280000      4.473531
      5.300000      4.468968
      5.320000      4.218786
      5.340000      3.944808
      5.360000      3.783903
      5.380000      3.719183
      5.400000      3.681503
      5.420000      3.650594
      5.440000      3.637222
      5.460000      3.614249
      5.480000      3.513862
      5.500000      3.295070
      5.520000      3.004468
      5.540000      2.789769
      5.560000      2.852384
      5.580000      3.308080
      5.600000      4.027043
      5.620000      4.660476
      5.640000      4.921746
      5.660000      4.836221
      5.680000      4.650123
      5.700000      4.539556
      5.720000      4.496440
      5.740000      4.435751
      5.760000      4.285122
      5.780000      4.007251
      5.800000      3.654596
      5.820000      3.368887
      5.840000      3.237816
      5.860000      3.195859
      5.880000      3.122029
      5.900000      2.974699
      5.920000      2.798810
      5.940000      2.673854
      5.960000      2.659437
      5.980000      2.714332
      6.000000      2.708423
      6.020000      2.586173
      6.040000      2.446710
      6.060000      2.427457
      6.080000      2.579788
      6.100000      2.843108
      6.120000      3.087291
      6.140000      3.202862
      6.160000      3.174103
      6.180000      3.076010
      6.200000      3.008631
      6.220000      3.016358
      6.240000      3.067813
      6.260000      3.108652
      6.280000      3.097992
      6.300000      3.015060
      6.320000      2.887517
      6.340000      2.786142
      6.360000      2.761213
      6.380000      2.814753
      6.400000      2.901817
      6.420000      2.925918
      6.440000      2.817270
      6.460000      2.646697
      6.480000      2.575399
      6.500000      2.668841
      6.520000      2.835066
      6.540000      2.960937
      6.560000      3.027789
      6.580000      3.068689
      6.600000      3.087903
      6.620000      3.059093
      6.640000      2.962221
      6.660000      2.808251
      6.680000      2.640166
      6.700000      2.508318
      6.720000      2.456324
      6.740000      2.521432
      6.760000      2.711244
      6.780000      2.983579
      6.800000      3.271292
      6.820000      3.512006
      6.840000      3.644872
      6.860000      3.625810
      6.880000      3.485126
      6.900000      3.332434
      6.920000      3.255615
      6.940000      3.225219
      6.960000      3.140198
      6.980000      2.976511
      7.000000      2.835903
      7.020000      2.811095
      7.040000      2.868809
      7.060000      2.929648
      7.080000      2.995159
      7.100000      3.111975
      7.120000      3.253843
      7.140000      3.314810
      7.160000      3.224524
      7.180000      3.046225
      7.200000      2.934894
      7.220000      2.977001
      7.240000      3.093831
      7.260000      3.143115
      7.280000      3.085000
      7.300000      2.989218
      7.320000      2.923985
      7.340000      2.904118
      7.360000      2.902163
      7.380000      2.875582
      7.400000      2.822657
      7.420000      2.797081
      7.440000      2.833761
      7.460000      2.890687
      7.480000      2.886047
      7.500000      2.795539
      7.520000      2.709684
      7.540000      2.747609
      7.560000      2.902098
      7.580000      3.027886
      7.600000      2.997727
      7.620000      2.829852
      7.640000      2.658075
      7.660000      2.607600
      7.680000      2.692237
      7.700000      2.803945
      7.720000      2.812359
      7.740000      2.689481
      7.760000      2.530972
      7.780000      2.468611
      7.800000      2.565357
      7.820000      2.750162
      7.840000      2.855634
      7.860000      2.781834
      7.880000      2.616413
      7.900000      2.537820
      7.920000      2.610026
      7.940000      2.725971
      7.960000      2.757560
      7.980000      2.705369
      8.000000      2.670394
      8.020000      2.711529
      8.040000      2.771783
      8.060000      2.754261
      8.080000      2.645529
      8.100000      2.540515
      8.120000      2.569168
      8.140000      2.832115
      8.160000      3.386128
      8.180000      4.195742
      8.200000      5.034425
      8.220000      5.553902
      8.240000      5.580735
      8.260000      5.258728
      8.280000      4.843399
      8.300000      4.478633
      8.320000      4.219556
      8.340000      4.181023
      8.360000      4.583847
      8.380000      5.595861
      8.400000      7.057665
      8.420000      8.426841
      8.440000      9.175440
      8.460000      9.212785
      8.480000      8.819841
      8.500000      8.382911
      8.520000      8.272928
      8.540000      8.647333
      8.560000      9.240321
      8.580000      9.586077
      8.600000      9.489377
      8.620000      9.106066
      8.640000      8.687840
      8.660000      8.496281
      8.680000      8.815126
      8.700000      9.770861
      8.720000     11.107476
      8.740000     12.277527
      8.760000     12.945306
      8.780000     13.338500
      8.800000     13.845378
      8.820000     14.395407
      8.840000     14.671741
      8.860000     14.790929
      8.880000     15.203479
      8.900000     16.052131
      8.920000     17.094659
      8.940000     18.061683
      8.960000     18.812206
      8.980000     19.393475
      9.000000     20.040716
      9.020000     20.805003
      9.040000     21.268099
      9.060000     21.031548
      9.080000     20.365272
      9.100000     20.020502
      9.120000     20.441752
      9.140000     21.341785
      9.160000     22.105585
      9.180000     22.498596
      9.200000     22.794276
      9.220000     23.300784
      9.240000     23.959780
      9.260000     24.360749
      9.280000     24.137784
      9.300000     23.341044
      9.320000     22.261318
      9.340000     21.055253
      9.360000     19.771712
      9.380000     18.546107
      9.400000     17.638084
      9.420000     17.294347
      9.440000     17.480845
      9.460000     17.837751
      9.480000     18.018428
      9.500000     17.897204
      9.520000     17.363148
      9.540000     16.266770
      9.560000     14.818820
      9.580000     13.678022
      9.600000     13.345091
      9.620000     13.723834
      9.640000     14.342609
      9.660000     14.656946
      9.680000     14.203621
      9.700000     12.937073
      9.720000     11.471907
      9.740000     10.694029
      9.760000     11.017374
      9.780000     12.054214
      9.800000     13.002727
      9.820000     13.309966
      9.840000     12.973949
      9.860000     12.359626
      9.880000     11.873070
      9.900000     11.763311
      9.920000     12.032265
      9.940000     12.418244
      9.960000     12.571143
      9.980000     12.364306
     10.000000     12.012440
