# EIG2DOS: Utility for SIESTA to obtain the electronic density of states
#
#                                                  Emilio Artacho, Apr. 1999
# --------------------------------------------------------------------------
# Nbands, Nspin, Nk   =    936     1   352
# E_F                 =    -5.1647 eV
# Broadening          =     0.0500 eV
# Number of electrons =   303.2614  303.8054 per cell
#
#        E            N
# --------------------------------------------------------------------------
    -10.000000      7.542569
     -9.980000      6.318395
     -9.960000      5.201307
     -9.940000      4.472953
     -9.920000      4.092603
     -9.900000      3.906384
     -9.880000      3.827836
     -9.860000      3.804293
     -9.840000      3.764699
     -9.820000      3.707210
     -9.800000      3.764103
     -9.780000      4.069761
     -9.760000      4.579087
     -9.740000      5.096588
     -9.720000      5.487594
     -9.700000      5.794887
     -9.680000      6.141321
     -9.660000      6.589534
     -9.640000      7.114495
     -9.620000      7.662860
     -9.600000      8.216276
     -9.580000      8.758694
     -9.560000      9.140976
     -9.540000      9.094635
     -9.520000      8.534066
     -9.500000      7.754884
     -9.480000      7.157203
     -9.460000      6.836167
     -9.440000      6.588517
     -9.420000      6.245898
     -9.400000      5.847297
     -9.380000      5.526090
     -9.360000      5.378843
     -9.340000      5.459975
     -9.320000      5.787006
     -9.300000      6.267398
     -9.280000      6.663723
     -9.260000      6.750846
     -9.240000      6.539216
     -9.220000      6.254443
     -9.200000      6.087778
     -9.180000      6.076255
     -9.160000      6.217065
     -9.140000      6.542720
     -9.120000      7.035164
     -9.100000      7.554965
     -9.080000      7.910682
     -9.060000      8.002224
     -9.040000      7.892826
     -9.020000      7.718800
     -9.000000      7.528678
     -8.980000      7.266248
     -8.960000      6.912325
     -8.940000      6.549451
     -8.920000      6.282125
     -8.900000      6.192531
     -8.880000      6.359579
     -8.860000      6.779871
     -8.840000      7.231753
     -8.820000      7.365528
     -8.800000      7.034151
     -8.780000      6.454220
     -8.760000      5.975493
     -8.740000      5.771852
     -8.720000      5.798626
     -8.700000      5.940622
     -8.680000      6.104443
     -8.660000      6.231376
     -8.640000      6.325064
     -8.620000      6.421682
     -8.600000      6.467865
     -8.580000      6.340093
     -8.560000      6.040189
     -8.540000      5.733159
     -8.520000      5.602115
     -8.500000      5.807380
     -8.480000      6.481156
     -8.460000      7.550092
     -8.440000      8.632332
     -8.420000      9.311312
     -8.400000      9.465426
     -8.380000      9.212475
     -8.360000      8.698002
     -8.340000      8.093165
     -8.320000      7.603740
     -8.300000      7.279059
     -8.280000      6.945938
     -8.260000      6.493256
     -8.240000      6.076794
     -8.220000      5.926056
     -8.200000      6.108062
     -8.180000      6.524363
     -8.160000      6.967726
     -8.140000      7.160455
     -8.120000      6.915662
     -8.100000      6.348953
     -8.080000      5.835092
     -8.060000      5.690779
     -8.040000      5.962808
     -8.020000      6.505674
     -8.000000      7.106413
     -7.980000      7.524432
     -7.960000      7.592906
     -7.940000      7.369075
     -7.920000      7.129228
     -7.900000      7.183989
     -7.880000      7.658169
     -7.860000      8.351805
     -7.840000      8.833715
     -7.820000      8.806761
     -7.800000      8.385120
     -7.780000      7.938307
     -7.760000      7.729595
     -7.740000      7.753397
     -7.720000      7.822826
     -7.700000      7.760384
     -7.680000      7.530370
     -7.660000      7.235680
     -7.640000      7.034607
     -7.620000      7.016800
     -7.600000      7.130541
     -7.580000      7.289618
     -7.560000      7.499746
     -7.540000      7.761765
     -7.520000      7.932167
     -7.500000      7.851359
     -7.480000      7.562470
     -7.460000      7.269342
     -7.440000      7.133054
     -7.420000      7.184744
     -7.400000      7.354735
     -7.380000      7.510764
     -7.360000      7.540938
     -7.340000      7.506893
     -7.320000      7.664597
     -7.300000      8.204863
     -7.280000      8.974336
     -7.260000      9.542228
     -7.240000      9.582168
     -7.220000      9.161543
     -7.200000      8.635924
     -7.180000      8.291595
     -7.160000      8.114657
     -7.140000      7.893960
     -7.120000      7.523127
     -7.100000      7.163773
     -7.080000      7.116867
     -7.060000      7.605790
     -7.040000      8.665678
     -7.020000     10.118204
     -7.000000     11.655518
     -6.980000     13.046246
     -6.960000     14.240331
     -6.940000     15.225381
     -6.920000     15.825513
     -6.900000     15.717772
     -6.880000     14.748368
     -6.860000     13.257662
     -6.840000     11.965630
     -6.820000     11.488614
     -6.800000     11.962383
     -6.780000     12.979013
     -6.760000     13.856032
     -6.740000     14.128459
     -6.720000     13.827723
     -6.700000     13.309760
     -6.680000     12.929377
     -6.660000     12.855322
     -6.640000     13.045098
     -6.620000     13.314435
     -6.600000     13.440829
     -6.580000     13.230374
     -6.560000     12.574449
     -6.540000     11.623587
     -6.520000     10.915910
     -6.500000     11.107496
     -6.480000     12.454601
     -6.460000     14.579671
     -6.440000     16.664015
     -6.420000     17.804614
     -6.400000     17.483314
     -6.380000     16.050679
     -6.360000     14.546968
     -6.340000     13.742001
     -6.320000     13.556147
     -6.300000     13.537492
     -6.280000     13.579360
     -6.260000     13.978110
     -6.240000     14.914418
     -6.220000     16.038675
     -6.200000     16.660503
     -6.180000     16.343343
     -6.160000     15.243262
     -6.140000     13.901986
     -6.120000     12.844503
     -6.100000     12.362916
     -6.080000     12.484350
     -6.060000     13.037393
     -6.040000     13.798050
     -6.020000     14.591401
     -6.000000     15.314630
     -5.980000     15.984321
     -5.960000     16.728056
     -5.940000     17.627653
     -5.920000     18.596792
     -5.900000     19.451286
     -5.880000     20.073988
     -5.860000     20.498768
     -5.840000     20.770915
     -5.820000     20.690421
     -5.800000     19.895233
     -5.780000     18.350118
     -5.760000     16.555092
     -5.740000     15.128353
     -5.720000     14.302921
     -5.700000     13.860883
     -5.680000     13.493224
     -5.660000     13.189838
     -5.640000     13.227481
     -5.620000     13.787938
     -5.600000     14.635576
     -5.580000     15.211033
     -5.560000     15.125044
     -5.540000     14.546062
     -5.520000     13.977151
     -5.500000     13.698372
     -5.480000     13.636614
     -5.460000     13.689784
     -5.440000     13.823644
     -5.420000     13.877239
     -5.400000     13.579561
     -5.380000     12.795091
     -5.360000     11.656796
     -5.340000     10.494995
     -5.320000      9.720730
     -5.300000      9.683663
     -5.280000     10.390769
     -5.260000     11.353334
     -5.240000     11.954270
     -5.220000     11.995731
     -5.200000     11.734966
     -5.180000     11.543259
     -5.160000     11.780843
     -5.140000     12.751743
     -5.120000     14.444011
     -5.100000     16.417207
     -5.080000     18.025040
     -5.060000     18.700321
     -5.040000     18.198329
     -5.020000     16.701047
     -5.000000     14.684006
     -4.980000     12.741495
     -4.960000     11.444268
     -4.940000     11.179848
     -4.920000     12.118401
     -4.900000     14.202015
     -4.880000     16.866495
     -4.860000     18.925307
     -4.840000     19.345281
     -4.820000     18.253329
     -4.800000     16.721206
     -4.780000     15.571810
     -4.760000     14.772605
     -4.740000     13.850152
     -4.720000     12.493635
     -4.700000     10.770660
     -4.680000      9.019549
     -4.660000      7.617756
     -4.640000      6.774982
     -4.620000      6.464656
     -4.600000      6.508723
     -4.580000      6.739331
     -4.560000      7.128651
     -4.540000      7.792778
     -4.520000      8.867124
     -4.500000     10.331192
     -4.480000     11.886144
     -4.460000     13.057135
     -4.440000     13.547765
     -4.420000     13.487052
     -4.400000     13.277004
     -4.380000     13.254332
     -4.360000     13.511305
     -4.340000     13.960055
     -4.320000     14.487604
     -4.300000     14.951277
     -4.280000     15.083369
     -4.260000     14.697581
     -4.240000     14.037723
     -4.220000     13.634814
     -4.200000     13.750253
     -4.180000     14.115988
     -4.160000     14.198851
     -4.140000     13.561930
     -4.120000     12.056147
     -4.100000      9.980876
     -4.080000      8.099573
     -4.060000      7.231035
     -4.040000      7.663321
     -4.020000      8.949257
     -4.000000     10.319358
     -3.980000     11.316732
     -3.960000     11.926658
     -3.940000     12.152974
     -3.920000     11.842584
     -3.900000     11.068067
     -3.880000     10.350938
     -3.860000     10.257024
     -3.840000     10.878064
     -3.820000     11.769960
     -3.800000     12.292793
     -3.780000     12.046935
     -3.760000     11.138325
     -3.740000     10.080408
     -3.720000      9.394844
     -3.700000      9.244026
     -3.680000      9.401601
     -3.660000      9.529576
     -3.640000      9.471257
     -3.620000      9.359487
     -3.600000      9.489158
     -3.580000      9.998693
     -3.560000     10.644916
     -3.540000     11.024469
     -3.520000     11.109379
     -3.500000     11.405702
     -3.480000     12.331078
     -3.460000     13.492605
     -3.440000     13.949633
     -3.420000     13.278441
     -3.400000     11.942962
     -3.380000     10.491982
     -3.360000      8.994343
     -3.340000      7.481009
     -3.320000      6.363580
     -3.300000      6.150934
     -3.280000      6.986022
     -3.260000      8.467685
     -3.240000      9.850117
     -3.220000     10.552350
     -3.200000     10.517842
     -3.180000     10.045328
     -3.160000      9.424708
     -3.140000      8.845117
     -3.120000      8.478591
     -3.100000      8.451909
     -3.080000      8.756823
     -3.060000      9.304440
     -3.040000     10.060018
     -3.020000     11.026922
     -3.000000     12.127436
     -2.980000     13.143777
     -2.960000     13.676926
     -2.940000     13.253516
     -2.920000     11.779432
     -2.900000      9.857938
     -2.880000      8.324915
     -2.860000      7.471250
     -2.840000      7.016408
     -2.820000      6.731365
     -2.800000      6.672674
     -2.780000      6.835470
     -2.760000      6.934606
     -2.740000      6.666203
     -2.720000      6.105729
     -2.700000      5.677348
     -2.680000      5.636321
     -2.660000      5.763931
     -2.640000      5.745324
     -2.620000      5.685819
     -2.600000      6.019806
     -2.580000      6.945835
     -2.560000      8.144966
     -2.540000      9.135956
     -2.520000      9.778949
     -2.500000     10.262172
     -2.480000     10.686287
     -2.460000     10.881345
     -2.440000     10.598355
     -2.420000      9.759630
     -2.400000      8.589860
     -2.380000      7.527096
     -2.360000      6.917393
     -2.340000      6.817806
     -2.320000      7.081148
     -2.300000      7.483315
     -2.280000      7.747592
     -2.260000      7.633673
     -2.240000      7.180289
     -2.220000      6.790974
     -2.200000      6.867841
     -2.180000      7.360348
     -2.160000      7.905480
     -2.140000      8.491672
     -2.120000      9.711567
     -2.100000     12.037574
     -2.080000     14.987159
     -2.060000     17.440660
     -2.040000     18.681912
     -2.020000     18.651581
     -2.000000     17.388543
     -1.980000     14.922455
     -1.960000     11.783294
     -1.940000      8.993169
     -1.920000      7.252421
     -1.900000      6.503090
     -1.880000      6.366958
     -1.860000      6.498546
     -1.840000      6.480496
     -1.820000      5.927691
     -1.800000      4.851121
     -1.780000      3.684544
     -1.760000      2.923417
     -1.740000      2.805427
     -1.720000      3.226304
     -1.700000      3.822232
     -1.680000      4.184447
     -1.660000      4.155777
     -1.640000      3.955126
     -1.620000      3.959909
     -1.600000      4.428481
     -1.580000      5.519286
     -1.560000      7.532048
     -1.540000     10.898073
     -1.520000     15.444310
     -1.500000     19.569015
     -1.480000     21.089928
     -1.460000     19.395379
     -1.440000     15.883919
     -1.420000     12.272060
     -1.400000      9.482080
     -1.380000      7.821251
     -1.360000      7.158039
     -1.340000      6.959098
     -1.320000      6.686438
     -1.300000      6.205303
     -1.280000      5.711638
     -1.260000      5.421819
     -1.240000      5.457231
     -1.220000      5.892750
     -1.200000      6.713851
     -1.180000      7.627360
     -1.160000      7.993581
     -1.140000      7.247208
     -1.120000      5.535373
     -1.100000      3.672469
     -1.080000      2.372575
     -1.060000      1.772338
     -1.040000      1.627992
     -1.020000      1.683972
     -1.000000      1.835687
     -0.980000      2.061659
     -0.960000      2.304925
     -0.940000      2.469411
     -0.920000      2.471939
     -0.900000      2.286266
     -0.880000      1.979445
     -0.860000      1.666078
     -0.840000      1.411874
     -0.820000      1.213060
     -0.800000      1.034817
     -0.780000      0.841598
     -0.760000      0.621045
     -0.740000      0.401995
     -0.720000      0.252883
     -0.700000      0.272112
     -0.680000      0.587111
     -0.660000      1.324863
     -0.640000      2.518818
     -0.620000      4.036681
     -0.600000      5.624768
     -0.580000      7.002426
     -0.560000      7.921983
     -0.540000      8.248810
     -0.520000      8.052451
     -0.500000      7.561303
     -0.480000      7.001117
     -0.460000      6.514803
     -0.440000      6.188868
     -0.420000      6.038438
     -0.400000      5.910742
     -0.380000      5.466247
     -0.360000      4.430973
     -0.340000      2.952647
     -0.320000      1.547342
     -0.300000      0.620325
     -0.280000      0.187086
     -0.260000      0.042023
     -0.240000      0.007124
     -0.220000      0.002524
     -0.200000      0.014274
     -0.180000      0.088939
     -0.160000      0.412188
     -0.140000      1.422481
     -0.120000      3.691914
     -0.100000      7.326166
     -0.080000     11.424933
     -0.060000     14.594935
     -0.040000     16.018412
     -0.020000     15.549014
      0.000000     13.267629
      0.020000      9.814996
      0.040000      6.572493
      0.060000      4.666546
      0.080000      4.121941
      0.100000      4.233918
      0.120000      4.346999
      0.140000      4.169236
      0.160000      3.691557
      0.180000      3.051555
      0.200000      2.433872
      0.220000      1.978374
      0.240000      1.739470
      0.260000      1.709818
      0.280000      1.842291
      0.300000      2.057331
      0.320000      2.279358
      0.340000      2.502567
      0.360000      2.825007
      0.380000      3.393001
      0.400000      4.266000
      0.420000      5.271765
      0.440000      5.986993
      0.460000      5.985226
      0.480000      5.213709
      0.500000      4.065679
      0.520000      3.021113
      0.540000      2.298403
      0.560000      1.859997
      0.580000      1.592386
      0.600000      1.407121
      0.620000      1.257688
      0.640000      1.130368
      0.660000      1.020250
      0.680000      0.917645
      0.700000      0.814806
      0.720000      0.707511
      0.740000      0.593331
      0.760000      0.475344
      0.780000      0.358967
      0.800000      0.247910
      0.820000      0.149247
      0.840000      0.074454
      0.860000      0.029555
      0.880000      0.009182
      0.900000      0.002858
      0.920000      0.003817
      0.940000      0.012107
      0.960000      0.032427
      0.980000      0.068092
      1.000000      0.114454
      1.020000      0.160565
      1.040000      0.199835
      1.060000      0.233134
      1.080000      0.260987
      1.100000      0.285379
      1.120000      0.315206
      1.140000      0.356423
      1.160000      0.411283
      1.180000      0.491163
      1.200000      0.600988
      1.220000      0.716786
      1.240000      0.811742
      1.260000      0.888700
      1.280000      0.960322
      1.300000      1.024460
      1.320000      1.080942
      1.340000      1.140746
      1.360000      1.206075
      1.380000      1.270673
      1.400000      1.334529
      1.420000      1.399496
      1.440000      1.467322
      1.460000      1.541443
      1.480000      1.617171
      1.500000      1.689329
      1.520000      1.768083
      1.540000      1.860576
      1.560000      1.955938
      1.580000      2.051953
      1.600000      2.170847
      1.620000      2.341128
      1.640000      2.604414
      1.660000      3.041303
      1.680000      3.696551
      1.700000      4.417956
      1.720000      4.879010
      1.740000      4.864712
      1.760000      4.458766
      1.780000      3.909797
      1.800000      3.417011
      1.820000      3.056069
      1.840000      2.815094
      1.860000      2.674593
      1.880000      2.671107
      1.900000      2.901604
      1.920000      3.481555
      1.940000      4.432963
      1.960000      5.539774
      1.980000      6.384760
      2.000000      6.646879
      2.020000      6.360994
      2.040000      5.825776
      2.060000      5.298823
      2.080000      4.857440
      2.100000      4.506126
      2.120000      4.297720
      2.140000      4.276844
      2.160000      4.381481
      2.180000      4.526864
      2.200000      4.700223
      2.220000      4.908319
      2.240000      5.223195
      2.260000      5.890875
      2.280000      7.186820
      2.300000      9.126329
      2.320000     11.317664
      2.340000     13.093919
      2.360000     13.934482
      2.380000     13.804557
      2.400000     13.031131
      2.420000     11.987837
      2.440000     10.956003
      2.460000     10.041977
      2.480000      9.108745
      2.500000      7.968160
      2.520000      6.683103
      2.540000      5.515170
      2.560000      4.639060
      2.580000      4.080948
      2.600000      3.824742
      2.620000      3.834767
      2.640000      4.035917
      2.660000      4.321294
      2.680000      4.557940
      2.700000      4.634241
      2.720000      4.573250
      2.740000      4.568421
      2.760000      4.817862
      2.780000      5.288989
      2.800000      5.709210
      2.820000      5.864150
      2.840000      5.862935
      2.860000      5.991772
      2.880000      6.320513
      2.900000      6.609798
      2.920000      6.627312
      2.940000      6.406114
      2.960000      6.164616
      2.980000      6.090089
      3.000000      6.236897
      3.020000      6.558863
      3.040000      6.956617
      3.060000      7.295440
      3.080000      7.473483
      3.100000      7.498316
      3.120000      7.409929
      3.140000      7.163695
      3.160000      6.717463
      3.180000      6.189427
      3.200000      5.800703
      3.220000      5.670358
      3.240000      5.734035
      3.260000      5.828073
      3.280000      5.797800
      3.300000      5.603534
      3.320000      5.397490
      3.340000      5.398222
      3.360000      5.606617
      3.380000      5.738590
      3.400000      5.517586
      3.420000      4.968638
      3.440000      4.340561
      3.460000      3.791298
      3.480000      3.296029
      3.500000      2.843860
      3.520000      2.522699
      3.540000      2.370155
      3.560000      2.300534
      3.580000      2.231010
      3.600000      2.191544
      3.620000      2.284796
      3.640000      2.581100
      3.660000      3.060764
      3.680000      3.638575
      3.700000      4.215059
      3.720000      4.691480
      3.740000      5.003190
      3.760000      5.201783
      3.780000      5.420278
      3.800000      5.681560
      3.820000      5.863841
      3.840000      5.914260
      3.860000      5.924852
      3.880000      5.952556
      3.900000      5.920684
      3.920000      5.729363
      3.940000      5.379977
      3.960000      4.974605
      3.980000      4.633729
      4.000000      4.435232
      4.020000      4.395632
      4.040000      4.465634
      4.060000      4.531718
      4.080000      4.458898
      4.100000      4.230211
      4.120000      4.040645
      4.140000      4.112557
      4.160000      4.398954
      4.180000      4.586037
      4.200000      4.421871
      4.220000      3.983147
      4.240000      3.582131
      4.260000      3.436927
      4.280000      3.490486
      4.300000      3.574440
      4.320000      3.681621
      4.340000      3.973752
      4.360000      4.522095
      4.380000      5.144968
      4.400000      5.553555
      4.420000      5.587118
      4.440000      5.257740
      4.460000      4.677268
      4.480000      4.016551
      4.500000      3.438387
      4.520000      3.029720
      4.540000      2.850553
      4.560000      2.980053
      4.580000      3.415100
      4.600000      3.973158
      4.620000      4.379474
      4.640000      4.461553
      4.660000      4.249414
      4.680000      3.894787
      4.700000      3.541920
      4.720000      3.297948
      4.740000      3.235121
      4.760000      3.351172
      4.780000      3.566828
      4.800000      3.786226
      4.820000      3.949926
      4.840000      4.037146
      4.860000      4.035114
      4.880000      3.937755
      4.900000      3.760150
      4.920000      3.502855
      4.940000      3.146784
      4.960000      2.747357
      4.980000      2.467258
      5.000000      2.446468
      5.020000      2.677945
      5.040000      3.032481
      5.060000      3.366593
      5.080000      3.619753
      5.100000      3.839723
      5.120000      4.078139
      5.140000      4.277845
      5.160000      4.345422
      5.180000      4.294242
      5.200000      4.214545
      5.220000      4.136776
      5.240000      4.014772
      5.260000      3.837869
      5.280000      3.690464
      5.300000      3.671954
      5.320000      3.801490
      5.340000      4.019791
      5.360000      4.238813
      5.380000      4.390807
      5.400000      4.453357
      5.420000      4.414136
      5.440000      4.248811
      5.460000      3.980194
      5.480000      3.702312
      5.500000      3.499994
      5.520000      3.401285
      5.540000      3.418080
      5.560000      3.549458
      5.580000      3.730263
      5.600000      3.853133
      5.620000      3.860497
      5.640000      3.769569
      5.660000      3.622866
      5.680000      3.464341
      5.700000      3.327279
      5.720000      3.182923
      5.740000      2.951208
      5.760000      2.639316
      5.780000      2.409519
      5.800000      2.406150
      5.820000      2.558149
      5.840000      2.662779
      5.860000      2.636560
      5.880000      2.587911
      5.900000      2.655834
      5.920000      2.831750
      5.940000      2.947883
      5.960000      2.862082
      5.980000      2.653553
      6.000000      2.555841
      6.020000      2.682235
      6.040000      2.914081
      6.060000      3.063203
      6.080000      3.055893
      6.100000      2.964922
      6.120000      2.910884
      6.140000      2.921351
      6.160000      2.904797
      6.180000      2.799367
      6.200000      2.686996
      6.220000      2.701520
      6.240000      2.882926
      6.260000      3.153026
      6.280000      3.364896
      6.300000      3.385413
      6.320000      3.215468
      6.340000      3.008374
      6.360000      2.913504
      6.380000      2.952422
      6.400000      3.072674
      6.420000      3.231263
      6.440000      3.383270
      6.460000      3.460099
      6.480000      3.419290
      6.500000      3.298897
      6.520000      3.177184
      6.540000      3.082056
      6.560000      2.992397
      6.580000      2.930139
      6.600000      2.977587
      6.620000      3.173736
      6.640000      3.446979
      6.660000      3.676408
      6.680000      3.787958
      6.700000      3.778657
      6.720000      3.670245
      6.740000      3.477421
      6.760000      3.236757
      6.780000      3.013740
      6.800000      2.837762
      6.820000      2.678010
      6.840000      2.513748
      6.860000      2.357938
      6.880000      2.185681
      6.900000      1.946571
      6.920000      1.698611
      6.940000      1.625067
      6.960000      1.866514
      6.980000      2.392244
      7.000000      3.010667
      7.020000      3.456261
      7.040000      3.566006
      7.060000      3.441104
      7.080000      3.343673
      7.100000      3.405210
      7.120000      3.512671
      7.140000      3.479424
      7.160000      3.255342
      7.180000      2.944755
      7.200000      2.683839
      7.220000      2.553108
      7.240000      2.549092
      7.260000      2.591107
      7.280000      2.599519
      7.300000      2.570543
      7.320000      2.534834
      7.340000      2.483178
      7.360000      2.385411
      7.380000      2.239773
      7.400000      2.061319
      7.420000      1.871000
      7.440000      1.728007
      7.460000      1.725511
      7.480000      1.926885
      7.500000      2.303634
      7.520000      2.718804
      7.540000      3.001081
      7.560000      3.074128
      7.580000      2.995123
      7.600000      2.877310
      7.620000      2.814386
      7.640000      2.850365
      7.660000      2.955046
      7.680000      3.019059
      7.700000      2.939542
      7.720000      2.752081
      7.740000      2.605313
      7.760000      2.561297
      7.780000      2.525026
      7.800000      2.412147
      7.820000      2.268533
      7.840000      2.190221
      7.860000      2.214515
      7.880000      2.296772
      7.900000      2.350848
      7.920000      2.340983
      7.940000      2.349051
      7.960000      2.544235
      7.980000      3.158854
      8.000000      4.487694
      8.020000      6.645555
      8.040000      9.137949
      8.060000     10.950988
      8.080000     11.388585
      8.100000     10.658739
      8.120000      9.487763
      8.140000      8.440591
      8.160000      7.716219
      8.180000      7.288031
      8.200000      7.050127
      8.220000      6.914761
      8.240000      6.828113
      8.260000      6.737171
      8.280000      6.698839
      8.300000      6.940452
      8.320000      7.666759
      8.340000      9.015873
      8.360000     11.034184
      8.380000     13.216914
      8.400000     14.519517
      8.420000     14.425191
      8.440000     13.522956
      8.460000     12.752878
      8.480000     12.808560
      8.500000     14.311771
      8.520000     17.275917
      8.540000     20.002011
      8.560000     20.065025
      8.580000     17.164399
      8.600000     13.676738
      8.620000     11.939868
      8.640000     12.230875
      8.660000     13.632327
      8.680000     15.622402
      8.700000     18.165168
      8.720000     20.958357
      8.740000     23.371123
      8.760000     25.000061
      8.780000     25.791098
      8.800000     25.573022
      8.820000     23.961361
      8.840000     20.987311
      8.860000     17.458023
      8.880000     14.404503
      8.900000     12.402676
      8.920000     11.590230
      8.940000     11.990403
      8.960000     13.432754
      8.980000     15.303557
      9.000000     16.817552
      9.020000     17.658174
      9.040000     18.192878
      9.060000     19.013665
      9.080000     20.246690
      9.100000     21.335000
      9.120000     21.662424
      9.140000     21.282802
      9.160000     20.690390
      9.180000     19.986019
      9.200000     18.814073
      9.220000     17.188194
      9.240000     15.765015
      9.260000     15.111863
      9.280000     15.290021
      9.300000     16.238195
      9.320000     17.832414
      9.340000     19.429627
      9.360000     20.092033
      9.380000     19.515467
      9.400000     18.252170
      9.420000     17.012225
      9.440000     16.212270
      9.460000     16.058160
      9.480000     16.533202
      9.500000     17.258447
      9.520000     17.653894
      9.540000     17.410421
      9.560000     16.819440
      9.580000     16.513531
      9.600000     16.805243
      9.620000     17.419974
      9.640000     17.887524
      9.660000     17.915355
      9.680000     17.344086
      9.700000     16.148577
      9.720000     14.657683
      9.740000     13.461390
      9.760000     12.955589
      9.780000     13.064571
      9.800000     13.296771
      9.820000     13.033035
      9.840000     12.005145
      9.860000     10.573157
      9.880000      9.448341
      9.900000      9.187369
      9.920000      9.865720
      9.940000     11.007871
      9.960000     11.906639
      9.980000     12.210428
     10.000000     12.084992
