# EIG2DOS: Utility for SIESTA to obtain the electronic density of states
#
#                                                  Emilio Artacho, Apr. 1999
# --------------------------------------------------------------------------
# Nbands, Nspin, Nk   =    936     1   352
# E_F                 =    -6.3135 eV
# Broadening          =     0.0500 eV
# Number of electrons =   178.3580  178.4287 per cell
#
#        E            N
# --------------------------------------------------------------------------
     -5.000000     12.183049
     -4.990000     12.410233
     -4.980000     12.642587
     -4.970000     12.844303
     -4.960000     12.986688
     -4.950000     13.057260
     -4.940000     13.063190
     -4.930000     13.028237
     -4.920000     12.984482
     -4.910000     12.961650
     -4.900000     12.977338
     -4.890000     13.031235
     -4.880000     13.105556
     -4.870000     13.172178
     -4.860000     13.204445
     -4.850000     13.189196
     -4.840000     13.133710
     -4.830000     13.063964
     -4.820000     13.014430
     -4.810000     13.013669
     -4.800000     13.072107
     -4.790000     13.177607
     -4.780000     13.300899
     -4.770000     13.408485
     -4.760000     13.477030
     -4.750000     13.502573
     -4.740000     13.500437
     -4.730000     13.496371
     -4.720000     13.513743
     -4.710000     13.563100
     -4.700000     13.638562
     -4.690000     13.721610
     -4.680000     13.789364
     -4.670000     13.823083
     -4.660000     13.813646
     -4.650000     13.762983
     -4.640000     13.682239
     -4.630000     13.588155
     -4.620000     13.498878
     -4.610000     13.429951
     -4.600000     13.390975
     -4.590000     13.383445
     -4.580000     13.400131
     -4.570000     13.426302
     -4.560000     13.442964
     -4.550000     13.431972
     -4.540000     13.382072
     -4.530000     13.293802
     -4.520000     13.180786
     -4.510000     13.066046
     -4.500000     12.974337
     -4.490000     12.923721
     -4.480000     12.920063
     -4.470000     12.956582
     -4.460000     13.018037
     -4.450000     13.087094
     -4.440000     13.149939
     -4.430000     13.199150
     -4.420000     13.233543
     -4.410000     13.256078
     -4.400000     13.271336
     -4.390000     13.283630
     -4.380000     13.295924
     -4.370000     13.309253
     -4.360000     13.322406
     -4.350000     13.332048
     -4.340000     13.333740
     -4.330000     13.323921
     -4.320000     13.302158
     -4.310000     13.272295
     -4.300000     13.241382
     -4.290000     13.216602
     -4.280000     13.201992
     -4.270000     13.197312
     -4.260000     13.200069
     -4.250000     13.209227
     -4.240000     13.227516
     -4.230000     13.260065
     -4.220000     13.309901
     -4.210000     13.373493
     -4.200000     13.439715
     -4.190000     13.493257
     -4.180000     13.520570
     -4.170000     13.515193
     -4.160000     13.480321
     -4.150000     13.428318
     -4.140000     13.378010
     -4.130000     13.350526
     -4.120000     13.364215
     -4.110000     13.429650
     -4.100000     13.546566
     -4.090000     13.704535
     -4.080000     13.887645
     -4.070000     14.081064
     -4.060000     14.275978
     -4.050000     14.470229
     -4.040000     14.664747
     -4.030000     14.858644
     -4.020000     15.046701
     -4.010000     15.221218
     -4.000000     15.377007
     -3.990000     15.515946
     -3.980000     15.647660
     -3.970000     15.785497
     -3.960000     15.940320
     -3.950000     16.116264
     -3.940000     16.311271
     -3.930000     16.521802
     -3.920000     16.748008
     -3.910000     16.995182
     -3.900000     17.269938
     -3.890000     17.573240
     -3.880000     17.894563
     -3.870000     18.210665
     -3.860000     18.489524
     -3.850000     18.697344
     -3.840000     18.805767
     -3.830000     18.797436
     -3.820000     18.669481
     -3.810000     18.435078
     -3.800000     18.122979
     -3.790000     17.774615
     -3.780000     17.438623
     -3.770000     17.163245
     -3.760000     16.987658
     -3.750000     16.933864
     -3.740000     17.001327
     -3.730000     17.166642
     -3.720000     17.389365
     -3.710000     17.622692
     -3.700000     17.825086
     -3.690000     17.968200
     -3.680000     18.038361
     -3.670000     18.032369
     -3.660000     17.951098
     -3.650000     17.794699
     -3.640000     17.561269
     -3.630000     17.248458
     -3.620000     16.856266
     -3.610000     16.389518
     -3.600000     15.859303
     -3.590000     15.283105
     -3.580000     14.683410
     -3.570000     14.084823
     -3.560000     13.510333
     -3.550000     12.977864
     -3.540000     12.498176
     -3.530000     12.074503
     -3.520000     11.703641
     -3.510000     11.377916
     -3.500000     11.087581
     -3.490000     10.823187
     -3.480000     10.577376
     -3.470000     10.345538
     -3.460000     10.125158
     -3.450000      9.914307
     -3.440000      9.710104
     -3.430000      9.507814
     -3.420000      9.300761
     -3.410000      9.080977
     -3.400000      8.840612
     -3.390000      8.574335
     -3.380000      8.282616
     -3.370000      7.974845
     -3.360000      7.670429
     -3.350000      7.396329
     -3.340000      7.181212
     -3.330000      7.048550
     -3.320000      7.011882
     -3.310000      7.074229
     -3.300000      7.230911
     -3.290000      7.472990
     -3.280000      7.788636
     -3.270000      8.162073
     -3.260000      8.572177
     -3.250000      8.993417
     -3.240000      9.399903
     -3.230000      9.770562
     -3.220000     10.092202
     -3.210000     10.358641
     -3.200000     10.567082
     -3.190000     10.714979
     -3.180000     10.800150
     -3.170000     10.824232
     -3.160000     10.796988
     -3.150000     10.738295
     -3.140000     10.676000
     -3.130000     10.640046
     -3.120000     10.654880
     -3.110000     10.732796
     -3.100000     10.870644
     -3.090000     11.051261
     -3.080000     11.249350
     -3.070000     11.439618
     -3.060000     11.604061
     -3.050000     11.735857
     -3.040000     11.839181
     -3.030000     11.925996
     -3.020000     12.011756
     -3.010000     12.111786
     -3.000000     12.239426
     -2.990000     12.406139
     -2.980000     12.622676
     -2.970000     12.899542
     -2.960000     13.245167
     -2.950000     13.661787
     -2.940000     14.141251
     -2.930000     14.663870
     -2.920000     15.201874
     -2.910000     15.725902
     -2.900000     16.210589
     -2.890000     16.635898
     -2.880000     16.984291
     -2.870000     17.237591
     -2.860000     17.378293
     -2.850000     17.396943
     -2.840000     17.301876
     -2.830000     17.124162
     -2.820000     16.912204
     -2.810000     16.716642
     -2.800000     16.572937
     -2.790000     16.491152
     -2.780000     16.458259
     -2.770000     16.450567
     -2.760000     16.448059
     -2.750000     16.442488
     -2.740000     16.436275
     -2.730000     16.435497
     -2.720000     16.443121
     -2.710000     16.456871
     -2.700000     16.471875
     -2.690000     16.484991
     -2.680000     16.497316
     -2.670000     16.513536
     -2.660000     16.539297
     -2.650000     16.578845
     -2.640000     16.634410
     -2.630000     16.706936
     -2.620000     16.796554
     -2.610000     16.901498
     -2.600000     17.015911
     -2.590000     17.128609
     -2.580000     17.224854
     -2.570000     17.291213
     -2.560000     17.321136
     -2.550000     17.317973
     -2.540000     17.293728
     -2.530000     17.264699
     -2.520000     17.247006
     -2.510000     17.254630
     -2.500000     17.300279
     -2.490000     17.397249
     -2.480000     17.559919
     -2.470000     17.801959
     -2.460000     18.133371
     -2.450000     18.558538
     -2.440000     19.076624
     -2.430000     19.683582
     -2.420000     20.373204
     -2.410000     21.134641
     -2.400000     21.946052
     -2.390000     22.767252
     -2.380000     23.536498
     -2.370000     24.175988
     -2.360000     24.607004
     -2.350000     24.770526
     -2.340000     24.645303
     -2.330000     24.255369
     -2.320000     23.663107
     -2.310000     22.950476
     -2.300000     22.196157
     -2.290000     21.457618
     -2.280000     20.763899
     -2.270000     20.119387
     -2.260000     19.514074
     -2.250000     18.934001
     -2.240000     18.367061
     -2.230000     17.803001
     -2.220000     17.230099
     -2.210000     16.632834
     -2.200000     15.993877
     -2.190000     15.300617
     -2.180000     14.553194
     -2.170000     13.769655
     -2.160000     12.985203
     -2.150000     12.245436
     -2.140000     11.596036
     -2.130000     11.072397
     -2.120000     10.692226
     -2.110000     10.453016
     -2.100000     10.334824
     -2.090000     10.307312
     -2.080000     10.338639
     -2.070000     10.403281
     -2.060000     10.486555
     -2.050000     10.585214
     -2.040000     10.705024
     -2.030000     10.856846
     -2.020000     11.052263
     -2.010000     11.298895
     -2.000000     11.595070
     -1.990000     11.924320
     -1.980000     12.251782
     -1.970000     12.525782
     -1.960000     12.686979
     -1.950000     12.684099
     -1.940000     12.491047
     -1.930000     12.117971
     -1.920000     11.610655
     -1.910000     11.037965
     -1.900000     10.472750
     -1.890000      9.974239
     -1.880000      9.578168
     -1.870000      9.296120
     -1.860000      9.121125
     -1.850000      9.034908
     -1.840000      9.013723
     -1.830000      9.032490
     -1.820000      9.068588
     -1.810000      9.105853
     -1.800000      9.137385
     -1.790000      9.164878
     -1.780000      9.193870
     -1.770000      9.227350
     -1.760000      9.261880
     -1.750000      9.288962
     -1.740000      9.300692
     -1.730000      9.295662
     -1.720000      9.281102
     -1.710000      9.270087
     -1.700000      9.275920
     -1.690000      9.307110
     -1.680000      9.365158
     -1.670000      9.445195
     -1.660000      9.538182
     -1.650000      9.633522
     -1.640000      9.721648
     -1.630000      9.796442
     -1.620000      9.856831
     -1.610000      9.906550
     -1.600000      9.951563
     -1.590000      9.996069
     -1.580000     10.039254
     -1.570000     10.074933
     -1.560000     10.094727
     -1.550000     10.093270
     -1.540000     10.072570
     -1.530000     10.042788
     -1.520000     10.018500
     -1.510000     10.012031
     -1.500000     10.027336
     -1.490000     10.057965
     -1.480000     10.090518
     -1.470000     10.111879
     -1.460000     10.116265
     -1.450000     10.108333
     -1.440000     10.100858
     -1.430000     10.108420
     -1.420000     10.140323
     -1.410000     10.195980
     -1.400000     10.264703
     -1.390000     10.329922
     -1.380000     10.376125
     -1.370000     10.395600
     -1.360000     10.392013
     -1.350000     10.378989
     -1.340000     10.374144
     -1.330000     10.391249
     -1.320000     10.434288
     -1.310000     10.496312
     -1.300000     10.563518
     -1.290000     10.622374
     -1.280000     10.666157
     -1.270000     10.697837
     -1.260000     10.728184
     -1.250000     10.770348
     -1.240000     10.833667
     -1.230000     10.919569
     -1.220000     11.021169
     -1.210000     11.126286
     -1.200000     11.222117
     -1.190000     11.299431
     -1.180000     11.354887
     -1.170000     11.391183
     -1.160000     11.415560
     -1.150000     11.437385
     -1.140000     11.465394
     -1.130000     11.505208
     -1.120000     11.557820
     -1.110000     11.619760
     -1.100000     11.685024
     -1.090000     11.748050
     -1.080000     11.806321
     -1.070000     11.861369
     -1.060000     11.917842
     -1.050000     11.981427
     -1.040000     12.056911
     -1.030000     12.147345
     -1.020000     12.254332
     -1.010000     12.378634
     -1.000000     12.520204
     -0.990000     12.677494
     -0.980000     12.846879
     -0.970000     13.023398
     -0.960000     13.203143
     -0.950000     13.385996
     -0.940000     13.576454
     -0.930000     13.781087
     -0.920000     14.003509
     -0.910000     14.239776
     -0.900000     14.477150
     -0.890000     14.697218
     -0.880000     14.881867
     -0.870000     15.019431
     -0.860000     15.108660
     -0.850000     15.159246
     -0.840000     15.188627
     -0.830000     15.215691
     -0.820000     15.253314
     -0.810000     15.302863
     -0.800000     15.353765
     -0.790000     15.389093
     -0.780000     15.394751
     -0.770000     15.367401
     -0.760000     15.316708
     -0.750000     15.260762
     -0.740000     15.217591
     -0.730000     15.197864
     -0.720000     15.202770
     -0.710000     15.227591
     -0.700000     15.267917
     -0.690000     15.324180
     -0.680000     15.401645
     -0.670000     15.506039
     -0.660000     15.637483
     -0.650000     15.785992
     -0.640000     15.930779
     -0.630000     16.043808
     -0.620000     16.096470
     -0.610000     16.067298
     -0.600000     15.948306
     -0.590000     15.747961
     -0.580000     15.489830
     -0.570000     15.207145
     -0.560000     14.934451
     -0.550000     14.698176
     -0.540000     14.508561
     -0.530000     14.355811
     -0.520000     14.212799
     -0.510000     14.044514
     -0.500000     13.821347
     -0.490000     13.530859
     -0.480000     13.182736
     -0.470000     12.804593
     -0.460000     12.430780
     -0.450000     12.089830
     -0.440000     11.796658
     -0.430000     11.552722
     -0.420000     11.352680
     -0.410000     11.192655
     -0.400000     11.074842
     -0.390000     11.006082
     -0.380000     10.992072
     -0.370000     11.031508
     -0.360000     11.114164
     -0.350000     11.223985
     -0.340000     11.344734
     -0.330000     11.463942
     -0.320000     11.572355
     -0.310000     11.659839
     -0.300000     11.711983
     -0.290000     11.711618
     -0.280000     11.645711
     -0.270000     11.513347
     -0.260000     11.328762
     -0.250000     11.116438
     -0.240000     10.900890
     -0.230000     10.697671
     -0.220000     10.511010
     -0.210000     10.338416
     -0.200000     10.177614
     -0.190000     10.030185
     -0.180000      9.899701
     -0.170000      9.786895
     -0.160000      9.686623
     -0.150000      9.589555
     -0.140000      9.487558
     -0.130000      9.378813
     -0.120000      9.268946
     -0.110000      9.167406
     -0.100000      9.081568
     -0.090000      9.012470
     -0.080000      8.954751
     -0.070000      8.900540
     -0.060000      8.844487
     -0.050000      8.786661
     -0.040000      8.731685
     -0.030000      8.685038
     -0.020000      8.649234
     -0.010000      8.622382
      0.000000      8.599887
      0.010000      8.577945
      0.020000      8.556506
      0.030000      8.539954
      0.040000      8.535330
      0.050000      8.549311
      0.060000      8.585518
      0.070000      8.642958
      0.080000      8.715395
      0.090000      8.791020
      0.100000      8.852253
      0.110000      8.876311
      0.120000      8.837487
      0.130000      8.711624
      0.140000      8.482190
      0.150000      8.146388
      0.160000      7.719183
      0.170000      7.233290
      0.180000      6.734230
      0.190000      6.271280
      0.200000      5.887069
      0.210000      5.609556
      0.220000      5.449293
      0.230000      5.402311
      0.240000      5.455987
      0.250000      5.593951
      0.260000      5.797498
      0.270000      6.044245
      0.280000      6.307388
      0.290000      6.558543
      0.300000      6.773970
      0.310000      6.940609
      0.320000      7.057787
      0.330000      7.133491
      0.340000      7.178091
      0.350000      7.200041
      0.360000      7.205897
      0.370000      7.203077
      0.380000      7.201532
      0.390000      7.211706
      0.400000      7.239669
      0.410000      7.282944
      0.420000      7.330420
      0.430000      7.367080
      0.440000      7.381299
      0.450000      7.370996
      0.460000      7.345546
      0.470000      7.322441
      0.480000      7.320030
      0.490000      7.349406
      0.500000      7.409064
      0.510000      7.484915
      0.520000      7.555942
      0.530000      7.603179
      0.540000      7.618078
      0.550000      7.606581
      0.560000      7.587132
      0.570000      7.583439
      0.580000      7.614904
      0.590000      7.688555
      0.600000      7.795739
      0.610000      7.914995
      0.620000      8.020069
      0.630000      8.089832
      0.640000      8.116068
      0.650000      8.105983
      0.660000      8.078460
      0.670000      8.055528
      0.680000      8.052291
      0.690000      8.069197
      0.700000      8.089912
      0.710000      8.086425
      0.720000      8.030369
      0.730000      7.906822
      0.740000      7.725028
      0.750000      7.520971
      0.760000      7.349534
      0.770000      7.268286
      0.780000      7.318605
      0.790000      7.511364
      0.800000      7.822931
      0.810000      8.203203
      0.820000      8.592408
      0.830000      8.939616
      0.840000      9.215396
      0.850000      9.414163
      0.860000      9.546865
      0.870000      9.628940
      0.880000      9.669706
      0.890000      9.667522
      0.900000      9.611719
      0.910000      9.489413
      0.920000      9.293832
      0.930000      9.030732
      0.940000      8.720524
      0.950000      8.395360
      0.960000      8.092233
      0.970000      7.844508
      0.980000      7.674670
      0.990000      7.590414
      1.000000      7.584827
      1.010000      7.640128
      1.020000      7.733444
      1.030000      7.842778
      1.040000      7.951607
      1.050000      8.051480
      1.060000      8.143026
      1.070000      8.236291
      1.080000      8.350454
      1.090000      8.511506
      1.100000      8.745815
      1.110000      9.069233
      1.120000      9.475024
      1.130000      9.926932
      1.140000     10.363232
      1.150000     10.712799
      1.160000     10.917568
      1.170000     10.951370
      1.180000     10.826185
      1.190000     10.583039
      1.200000     10.272577
      1.210000      9.935280
      1.220000      9.590684
      1.230000      9.239339
      1.240000      8.874219
      1.250000      8.493743
      1.260000      8.108887
      1.270000      7.741233
      1.280000      7.414327
      1.290000      7.144032
      1.300000      6.933118
      1.310000      6.771988
      1.320000      6.643722
      1.330000      6.529896
      1.340000      6.414458
      1.350000      6.285107
      1.360000      6.133323
      1.370000      5.954417
      1.380000      5.748184
      1.390000      5.519722
      1.400000      5.279497
      1.410000      5.041788
      1.420000      4.821253
      1.430000      4.628368
      1.440000      4.465549
      1.450000      4.326122
      1.460000      4.197344
      1.470000      4.066658
      1.480000      3.928382
      1.490000      3.787429
      1.500000      3.657991
      1.510000      3.557564
      1.520000      3.498966
      1.530000      3.483950
      1.540000      3.501230
      1.550000      3.529865
      1.560000      3.546709
      1.570000      3.535020
      1.580000      3.490818
      1.590000      3.424399
      1.600000      3.356243
      1.610000      3.308793
      1.620000      3.297239
      1.630000      3.322866
      1.640000      3.371593
      1.650000      3.418334
      1.660000      3.435651
      1.670000      3.403504
      1.680000      3.316421
      1.690000      3.185335
      1.700000      3.033415
      1.710000      2.887657
      1.720000      2.769594
      1.730000      2.688660
      1.740000      2.640448
      1.750000      2.610093
      1.760000      2.579143
      1.770000      2.533156
      1.780000      2.467180
      1.790000      2.387172
      1.800000      2.306981
      1.810000      2.242251
      1.820000      2.203762
      1.830000      2.192892
      1.840000      2.200995
      1.850000      2.212882
      1.860000      2.212904
      1.870000      2.191089
      1.880000      2.146749
      1.890000      2.088156
      1.900000      2.028654
      1.910000      1.981084
      1.920000      1.952935
      1.930000      1.943963
      1.940000      1.946828
      1.950000      1.950170
      1.960000      1.942931
      1.970000      1.918487
      1.980000      1.877202
      1.990000      1.826342
      2.000000      1.777135
      2.010000      1.739991
      2.020000      1.719933
      2.030000      1.714407
      2.040000      1.714630
      2.050000      1.709837
      2.060000      1.692301
      2.070000      1.660623
      2.080000      1.619779
      2.090000      1.578219
      2.100000      1.543749
      2.110000      1.520299
      2.120000      1.506855
      2.130000      1.498589
      2.140000      1.489255
      2.150000      1.473701
      2.160000      1.449648
      2.170000      1.418338
      2.180000      1.383947
      2.190000      1.351914
      2.200000      1.326646
      2.210000      1.309491
      2.220000      1.297971
      2.230000      1.286895
      2.240000      1.270967
      2.250000      1.247587
      2.260000      1.218223
      2.270000      1.187503
      2.280000      1.160511
      2.290000      1.139903
      2.300000      1.124594
      2.310000      1.110722
      2.320000      1.094161
      2.330000      1.072924
      2.340000      1.048000
      2.350000      1.022310
      2.360000      0.998683
      2.370000      0.978235
      2.380000      0.960077
      2.390000      0.942270
      2.400000      0.923185
      2.410000      0.902369
      2.420000      0.880504
      2.430000      0.858708
      2.440000      0.837772
      2.450000      0.817762
      2.460000      0.798063
      2.470000      0.777621
      2.480000      0.755078
      2.490000      0.728715
      2.500000      0.696344
      2.510000      0.655463
      2.520000      0.603861
      2.530000      0.540570
      2.540000      0.466759
      2.550000      0.386049
      2.560000      0.303969
      2.570000      0.226665
      2.580000      0.159380
      2.590000      0.105307
      2.600000      0.065197
      2.610000      0.037735
      2.620000      0.020380
      2.630000      0.010255
      2.640000      0.004801
      2.650000      0.002090
      2.660000      0.000845
      2.670000      0.000317
      2.680000      0.000110
      2.690000      0.000036
      2.700000      0.000011
      2.710000      0.000003
      2.720000      0.000001
      2.730000      0.000000
      2.740000      0.000000
      2.750000      0.000000
      2.760000      0.000000
      2.770000      0.000000
      2.780000      0.000000
      2.790000      0.000000
      2.800000      0.000000
      2.810000      0.000000
      2.820000      0.000000
      2.830000      0.000000
      2.840000      0.000000
      2.850000      0.000000
      2.860000      0.000000
      2.870000      0.000000
      2.880000      0.000000
      2.890000      0.000000
      2.900000      0.000000
      2.910000      0.000000
      2.920000      0.000000
      2.930000      0.000000
      2.940000      0.000000
      2.950000      0.000000
      2.960000      0.000000
      2.970000      0.000000
      2.980000      0.000000
      2.990000      0.000001
      3.000000      0.000005
      3.010000      0.000016
      3.020000      0.000053
      3.030000      0.000161
      3.040000      0.000451
      3.050000      0.001174
      3.060000      0.002837
      3.070000      0.006371
      3.080000      0.013307
      3.090000      0.025875
      3.100000      0.046908
      3.110000      0.079410
      3.120000      0.125784
      3.130000      0.186880
      3.140000      0.261215
      3.150000      0.344790
      3.160000      0.431741
      3.170000      0.515705
      3.180000      0.591400
      3.190000      0.655777
      3.200000      0.708308
      3.210000      0.750415
      3.220000      0.784488
      3.230000      0.813027
      3.240000      0.838239
      3.250000      0.862016
      3.260000      0.885926
      3.270000      0.910971
      3.280000      0.937208
      3.290000      0.963676
      3.300000      0.988976
      3.310000      1.012369
      3.320000      1.034649
      3.330000      1.057981
      3.340000      1.084538
      3.350000      1.114764
      3.360000      1.146608
      3.370000      1.176535
      3.380000      1.201866
      3.390000      1.222871
      3.400000      1.243040
      3.410000      1.267155
      3.420000      1.298331
      3.430000      1.335982
      3.440000      1.376150
      3.450000      1.414157
      3.460000      1.448192
      3.470000      1.481861
      3.480000      1.524257
      3.490000      1.587296
      3.500000      1.681315
      3.510000      1.810753
      3.520000      1.971845
      3.530000      2.153516
      3.540000      2.341241
      3.550000      2.522192
      3.560000      2.689236
      3.570000      2.841839
      3.580000      2.983587
      3.590000      3.117851
      3.600000      3.244194
      3.610000      3.357703
      3.620000      3.451721
      3.630000      3.522506
      3.640000      3.573062
      3.650000      3.613759
      3.660000      3.658974
      3.670000      3.721218
      3.680000      3.805582
      3.690000      3.907346
      3.700000      4.014046
      3.710000      4.111200
      3.720000      4.189165
      3.730000      4.248047
      3.740000      4.298387
      3.750000      4.357067
      3.760000      4.439991
      3.770000      4.554673
      3.780000      4.696276
      3.790000      4.849414
      3.800000      4.995357
      3.810000      5.121465
      3.820000      5.228129
      3.830000      5.329445
      3.840000      5.447031
      3.850000      5.600114
      3.860000      5.797212
      3.870000      6.034005
      3.880000      6.298631
      3.890000      6.581406
      3.900000      6.883213
      3.910000      7.217240
      3.920000      7.602361
      3.930000      8.051206
      3.940000      8.559222
      3.950000      9.100471
      3.960000      9.632158
      3.970000     10.105169
      3.980000     10.475492
      3.990000     10.712288
      4.000000     10.801349
      4.010000     10.745169
      4.020000     10.561310
      4.030000     10.279774
      4.040000      9.939104
      4.050000      9.580965
      4.060000      9.243679
      4.070000      8.955949
      4.080000      8.732331
      4.090000      8.571909
      4.100000      8.461179
      4.110000      8.380958
      4.120000      8.315435
      4.130000      8.259776
      4.140000      8.222429
      4.150000      8.220173
      4.160000      8.267590
      4.170000      8.366092
      4.180000      8.498506
      4.190000      8.632638
      4.200000      8.732361
      4.210000      8.770642
      4.220000      8.738024
      4.230000      8.642886
      4.240000      8.504403
      4.250000      8.342510
      4.260000      8.169895
      4.270000      7.989116
      4.280000      7.795177
      4.290000      7.581591
      4.300000      7.347039
      4.310000      7.099838
      4.320000      6.858486
      4.330000      6.647960
      4.340000      6.492929
      4.350000      6.410166
      4.360000      6.402760
      4.370000      6.458202
      4.380000      6.551196
      4.390000      6.650490
      4.400000      6.727526
      4.410000      6.763973
      4.420000      6.755515
      4.430000      6.710773
      4.440000      6.646235
      4.450000      6.579501
      4.460000      6.523363
      4.470000      6.482354
      4.480000      6.452274
      4.490000      6.422395
      4.500000      6.379705
      4.510000      6.314151
      4.520000      6.223276
      4.530000      6.114307
      4.540000      6.002316
      4.550000      5.904795
      4.560000      5.834837
      4.570000      5.796005
      4.580000      5.781171
      4.590000      5.775595
      4.600000      5.762592
      4.610000      5.729362
      4.620000      5.670965
      4.630000      5.591462
      4.640000      5.502275
      4.650000      5.418375
      4.660000      5.353398
      4.670000      5.314960
      4.680000      5.301529
      4.690000      5.301856
      4.700000      5.297336
      4.710000      5.266908
      4.720000      5.193336
      4.730000      5.069093
      4.740000      4.899807
      4.750000      4.703692
      4.760000      4.506664
      4.770000      4.334492
      4.780000      4.204667
      4.790000      4.120982
      4.800000      4.072961
      4.810000      4.040641
      4.820000      4.003025
      4.830000      3.946848
      4.840000      3.871796
      4.850000      3.789760
      4.860000      3.718549
      4.870000      3.673268
      4.880000      3.659548
      4.890000      3.671545
      4.900000      3.695014
      4.910000      3.713406
      4.920000      3.714157
      4.930000      3.692820
      4.940000      3.653954
      4.950000      3.608786
      4.960000      3.570608
      4.970000      3.549493
      4.980000      3.548280
      4.990000      3.561423
      5.000000      3.577274
