# EIG2DOS: Utility for SIESTA to obtain the electronic density of states
#
#                                                  Emilio Artacho, Apr. 1999
# --------------------------------------------------------------------------
# Nbands, Nspin, Nk   =    936     1   352
# E_F                 =    -5.9625 eV
# Broadening          =     0.0500 eV
# Number of electrons =   285.9545  286.3446 per cell
#
#        E            N
# --------------------------------------------------------------------------
    -10.000000      5.664789
     -9.980000      5.847791
     -9.960000      5.976511
     -9.940000      6.088538
     -9.920000      6.208822
     -9.900000      6.316150
     -9.880000      6.332129
     -9.860000      6.177871
     -9.840000      5.880635
     -9.820000      5.583377
     -9.800000      5.411116
     -9.780000      5.393231
     -9.760000      5.540560
     -9.740000      5.908330
     -9.720000      6.509253
     -9.700000      7.162172
     -9.680000      7.506032
     -9.660000      7.266025
     -9.640000      6.501172
     -9.620000      5.562695
     -9.600000      4.884353
     -9.580000      4.806555
     -9.560000      5.408700
     -9.540000      6.399701
     -9.520000      7.260125
     -9.500000      7.567774
     -9.480000      7.214173
     -9.460000      6.401377
     -9.440000      5.506345
     -9.420000      4.893488
     -9.400000      4.736643
     -9.380000      4.959376
     -9.360000      5.360935
     -9.340000      5.775366
     -9.320000      6.077197
     -9.300000      6.139661
     -9.280000      5.904962
     -9.260000      5.459888
     -9.240000      4.994763
     -9.220000      4.708178
     -9.200000      4.705009
     -9.180000      4.904355
     -9.160000      5.073949
     -9.140000      5.048446
     -9.120000      4.947332
     -9.100000      5.105665
     -9.080000      5.693509
     -9.060000      6.435938
     -9.040000      6.835690
     -9.020000      6.674297
     -9.000000      6.176436
     -8.980000      5.706423
     -8.960000      5.465466
     -8.940000      5.480517
     -8.920000      5.706956
     -8.900000      6.064413
     -8.880000      6.440651
     -8.860000      6.716187
     -8.840000      6.803810
     -8.820000      6.701035
     -8.800000      6.529375
     -8.780000      6.478873
     -8.760000      6.631318
     -8.740000      6.843195
     -8.720000      6.901217
     -8.700000      6.764766
     -8.680000      6.526709
     -8.660000      6.214817
     -8.640000      5.791062
     -8.620000      5.277265
     -8.600000      4.777179
     -8.580000      4.417912
     -8.560000      4.286602
     -8.540000      4.379413
     -8.520000      4.629129
     -8.500000      5.020311
     -8.480000      5.641234
     -8.460000      6.556582
     -8.440000      7.609469
     -8.420000      8.390098
     -8.400000      8.463307
     -8.380000      7.684281
     -8.360000      6.348212
     -8.340000      5.030060
     -8.320000      4.199181
     -8.300000      3.930629
     -8.280000      3.964685
     -8.260000      4.021586
     -8.240000      4.054293
     -8.220000      4.203591
     -8.200000      4.546633
     -8.180000      4.960488
     -8.160000      5.249590
     -8.140000      5.353303
     -8.120000      5.376263
     -8.100000      5.436277
     -8.080000      5.561376
     -8.060000      5.738592
     -8.040000      5.982425
     -8.020000      6.321051
     -8.000000      6.721537
     -7.980000      7.061327
     -7.960000      7.231496
     -7.940000      7.248487
     -7.920000      7.206489
     -7.900000      7.154463
     -7.880000      7.086651
     -7.860000      7.012438
     -7.840000      6.973054
     -7.820000      7.040774
     -7.800000      7.294932
     -7.780000      7.695224
     -7.760000      8.004231
     -7.740000      7.937780
     -7.720000      7.418512
     -7.700000      6.672763
     -7.680000      6.061838
     -7.660000      5.812738
     -7.640000      5.914341
     -7.620000      6.203418
     -7.600000      6.490468
     -7.580000      6.663688
     -7.560000      6.726107
     -7.540000      6.713055
     -7.520000      6.592611
     -7.500000      6.303447
     -7.480000      5.891079
     -7.460000      5.555698
     -7.440000      5.537829
     -7.420000      5.953334
     -7.400000      6.690444
     -7.380000      7.437595
     -7.360000      7.884259
     -7.340000      7.946743
     -7.320000      7.796861
     -7.300000      7.672256
     -7.280000      7.642018
     -7.260000      7.586786
     -7.240000      7.407393
     -7.220000      7.158523
     -7.200000      6.989247
     -7.180000      7.018019
     -7.160000      7.234818
     -7.140000      7.514266
     -7.120000      7.735811
     -7.100000      7.849565
     -7.080000      7.855812
     -7.060000      7.818944
     -7.040000      7.867339
     -7.020000      8.077367
     -7.000000      8.366190
     -6.980000      8.531756
     -6.960000      8.391053
     -6.940000      7.928456
     -6.920000      7.351801
     -6.900000      6.937566
     -6.880000      6.783560
     -6.860000      6.770911
     -6.840000      6.759272
     -6.820000      6.730323
     -6.800000      6.735140
     -6.780000      6.784955
     -6.760000      6.822009
     -6.740000      6.770350
     -6.720000      6.645434
     -6.700000      6.615313
     -6.680000      6.844986
     -6.660000      7.270914
     -6.640000      7.661278
     -6.620000      7.876857
     -6.600000      7.934692
     -6.580000      7.895160
     -6.560000      7.847013
     -6.540000      7.914962
     -6.520000      8.134917
     -6.500000      8.392771
     -6.480000      8.556258
     -6.460000      8.578555
     -6.440000      8.462659
     -6.420000      8.239535
     -6.400000      8.009814
     -6.380000      7.908505
     -6.360000      7.961086
     -6.340000      8.020029
     -6.320000      7.906767
     -6.300000      7.592692
     -6.280000      7.199846
     -6.260000      6.881062
     -6.240000      6.743309
     -6.220000      6.812039
     -6.200000      7.010030
     -6.180000      7.206038
     -6.160000      7.313085
     -6.140000      7.327249
     -6.120000      7.292456
     -6.100000      7.250113
     -6.080000      7.197135
     -6.060000      7.109971
     -6.040000      7.031320
     -6.020000      7.056175
     -6.000000      7.218513
     -5.980000      7.504052
     -5.960000      7.970624
     -5.940000      8.724331
     -5.920000      9.741672
     -5.900000     10.786732
     -5.880000     11.585174
     -5.860000     12.107009
     -5.840000     12.584289
     -5.820000     13.177128
     -5.800000     13.723510
     -5.780000     13.895771
     -5.760000     13.556831
     -5.740000     12.942393
     -5.720000     12.483557
     -5.700000     12.442462
     -5.680000     12.750012
     -5.660000     13.160750
     -5.640000     13.481624
     -5.620000     13.656467
     -5.600000     13.744496
     -5.580000     13.893672
     -5.560000     14.231150
     -5.540000     14.698513
     -5.520000     15.098606
     -5.500000     15.313499
     -5.480000     15.361318
     -5.460000     15.306944
     -5.440000     15.214136
     -5.420000     15.089664
     -5.400000     14.836918
     -5.380000     14.341929
     -5.360000     13.616914
     -5.340000     12.840122
     -5.320000     12.240392
     -5.300000     11.973248
     -5.280000     12.141717
     -5.260000     12.796808
     -5.240000     13.812015
     -5.220000     14.893299
     -5.200000     15.771940
     -5.180000     16.311805
     -5.160000     16.506057
     -5.140000     16.430975
     -5.120000     16.104301
     -5.100000     15.472421
     -5.080000     14.689581
     -5.060000     14.202804
     -5.040000     14.324686
     -5.020000     14.853214
     -5.000000     15.284059
     -4.980000     15.316306
     -4.960000     15.041859
     -4.940000     14.731270
     -4.920000     14.536500
     -4.900000     14.400992
     -4.880000     14.303800
     -4.860000     14.534432
     -4.840000     15.463297
     -4.820000     16.912198
     -4.800000     17.971799
     -4.780000     17.732805
     -4.760000     16.142800
     -4.740000     13.940777
     -4.720000     11.932779
     -4.700000     10.570520
     -4.680000     10.040670
     -4.660000     10.474567
     -4.640000     11.926902
     -4.620000     14.099172
     -4.600000     16.279012
     -4.580000     17.801714
     -4.560000     18.510019
     -4.540000     18.684994
     -4.520000     18.687034
     -4.500000     18.682016
     -4.480000     18.620321
     -4.460000     18.485052
     -4.440000     18.397210
     -4.420000     18.352264
     -4.400000     18.129690
     -4.380000     17.669779
     -4.360000     17.312875
     -4.340000     17.432052
     -4.320000     17.978927
     -4.300000     18.629516
     -4.280000     19.238702
     -4.260000     19.846570
     -4.240000     20.323275
     -4.220000     20.361005
     -4.200000     19.826110
     -4.180000     18.848673
     -4.160000     17.589416
     -4.140000     16.174016
     -4.120000     14.835217
     -4.100000     13.881532
     -4.080000     13.499550
     -4.060000     13.672654
     -4.040000     14.185774
     -4.020000     14.630356
     -4.000000     14.592318
     -3.980000     13.996367
     -3.960000     13.186143
     -3.940000     12.595042
     -3.920000     12.413362
     -3.900000     12.576800
     -3.880000     12.946710
     -3.860000     13.463118
     -3.840000     14.144721
     -3.820000     14.894597
     -3.800000     15.408870
     -3.780000     15.485065
     -3.760000     15.327154
     -3.740000     15.295744
     -3.720000     15.440718
     -3.700000     15.534037
     -3.680000     15.472473
     -3.660000     15.350772
     -3.640000     15.181613
     -3.620000     14.838097
     -3.600000     14.279073
     -3.580000     13.613829
     -3.560000     12.941059
     -3.540000     12.268477
     -3.520000     11.584661
     -3.500000     10.896572
     -3.480000     10.201361
     -3.460000      9.515689
     -3.440000      8.913008
     -3.420000      8.474962
     -3.400000      8.244518
     -3.380000      8.238719
     -3.360000      8.447234
     -3.340000      8.787486
     -3.320000      9.095079
     -3.300000      9.224981
     -3.280000      9.182026
     -3.260000      9.094272
     -3.240000      9.040162
     -3.220000      8.965008
     -3.200000      8.781205
     -3.180000      8.496839
     -3.160000      8.229854
     -3.140000      8.111548
     -3.120000      8.175816
     -3.100000      8.349578
     -3.080000      8.546643
     -3.060000      8.707646
     -3.040000      8.731399
     -3.020000      8.505619
     -3.000000      8.106791
     -2.980000      7.853245
     -2.960000      8.028840
     -2.940000      8.587130
     -2.920000      9.196350
     -2.900000      9.563541
     -2.880000      9.675154
     -2.860000      9.733973
     -2.840000      9.909426
     -2.820000     10.178723
     -2.800000     10.394308
     -2.780000     10.444983
     -2.760000     10.343038
     -2.740000     10.219488
     -2.720000     10.245962
     -2.700000     10.497166
     -2.680000     10.859781
     -2.660000     11.124311
     -2.640000     11.191728
     -2.620000     11.141259
     -2.600000     11.092892
     -2.580000     11.083292
     -2.560000     11.104651
     -2.540000     11.179949
     -2.520000     11.303428
     -2.500000     11.342376
     -2.480000     11.134180
     -2.460000     10.696400
     -2.440000     10.233468
     -2.420000      9.958581
     -2.400000     10.032437
     -2.380000     10.612322
     -2.360000     11.717303
     -2.340000     12.965260
     -2.320000     13.653824
     -2.300000     13.295653
     -2.280000     12.076403
     -2.260000     10.745349
     -2.240000     10.040061
     -2.220000     10.188509
     -2.200000     10.879183
     -2.180000     11.597727
     -2.160000     12.003334
     -2.140000     12.096197
     -2.120000     12.101216
     -2.100000     12.200056
     -2.080000     12.350181
     -2.060000     12.319143
     -2.040000     11.869552
     -2.020000     10.992242
     -2.000000     10.067935
     -1.980000      9.768287
     -1.960000     10.636284
     -1.940000     12.565208
     -1.920000     14.651302
     -1.900000     15.775416
     -1.880000     15.457970
     -1.860000     14.069262
     -1.840000     12.321629
     -1.820000     10.774995
     -1.800000      9.727336
     -1.780000      9.298176
     -1.760000      9.473915
     -1.740000     10.086317
     -1.720000     10.841429
     -1.700000     11.472983
     -1.680000     11.908997
     -1.660000     12.251725
     -1.640000     12.559460
     -1.620000     12.696900
     -1.600000     12.486272
     -1.580000     12.002809
     -1.560000     11.590685
     -1.540000     11.505862
     -1.520000     11.662767
     -1.500000     11.811948
     -1.480000     11.813143
     -1.460000     11.652184
     -1.440000     11.355903
     -1.420000     10.992388
     -1.400000     10.655898
     -1.380000     10.403981
     -1.360000     10.280503
     -1.340000     10.400071
     -1.320000     10.908796
     -1.300000     11.789371
     -1.280000     12.748579
     -1.260000     13.412499
     -1.240000     13.628577
     -1.220000     13.492179
     -1.200000     13.184984
     -1.180000     12.916958
     -1.160000     12.876817
     -1.140000     13.082215
     -1.120000     13.344702
     -1.100000     13.453108
     -1.080000     13.335660
     -1.060000     12.989837
     -1.040000     12.364870
     -1.020000     11.456810
     -1.000000     10.448706
     -0.980000      9.631894
     -0.960000      9.214741
     -0.940000      9.233525
     -0.920000      9.579716
     -0.900000     10.064634
     -0.880000     10.493031
     -0.860000     10.736679
     -0.840000     10.783696
     -0.820000     10.757508
     -0.800000     10.847195
     -0.780000     11.097093
     -0.760000     11.275391
     -0.740000     11.105440
     -0.720000     10.629004
     -0.700000     10.150155
     -0.680000      9.799956
     -0.660000      9.367748
     -0.640000      8.603975
     -0.620000      7.514621
     -0.600000      6.341017
     -0.580000      5.380962
     -0.560000      4.826351
     -0.540000      4.704250
     -0.520000      4.919158
     -0.500000      5.293852
     -0.480000      5.646399
     -0.460000      5.926841
     -0.440000      6.209152
     -0.420000      6.517175
     -0.400000      6.744741
     -0.380000      6.757982
     -0.360000      6.540884
     -0.340000      6.256126
     -0.320000      6.159424
     -0.300000      6.393716
     -0.280000      6.844726
     -0.260000      7.255022
     -0.240000      7.476271
     -0.220000      7.541925
     -0.200000      7.554575
     -0.180000      7.595183
     -0.160000      7.667246
     -0.140000      7.673638
     -0.120000      7.517427
     -0.100000      7.232004
     -0.080000      6.975107
     -0.060000      6.897552
     -0.040000      7.005540
     -0.020000      7.158693
      0.000000      7.206383
      0.020000      7.077096
      0.040000      6.757431
      0.060000      6.282156
      0.080000      5.762563
      0.100000      5.351422
      0.120000      5.134290
      0.140000      5.071858
      0.160000      5.069567
      0.180000      5.083346
      0.200000      5.106309
      0.220000      5.080770
      0.240000      4.939057
      0.260000      4.722004
      0.280000      4.544714
      0.300000      4.457990
      0.320000      4.394415
      0.340000      4.220046
      0.360000      3.864872
      0.380000      3.454148
      0.400000      3.248283
      0.420000      3.397224
      0.440000      3.786559
      0.460000      4.112753
      0.480000      4.087233
      0.500000      3.643754
      0.520000      3.005207
      0.540000      2.535497
      0.560000      2.499177
      0.580000      2.883258
      0.600000      3.383020
      0.620000      3.615749
      0.640000      3.416843
      0.660000      2.929600
      0.680000      2.436437
      0.700000      2.146378
      0.720000      2.118962
      0.740000      2.310620
      0.760000      2.618116
      0.780000      2.893757
      0.800000      3.017609
      0.820000      2.988244
      0.840000      2.890421
      0.860000      2.774888
      0.880000      2.628454
      0.900000      2.453578
      0.920000      2.301832
      0.940000      2.202488
      0.960000      2.119877
      0.980000      2.022434
      1.000000      1.936479
      1.020000      1.889318
      1.040000      1.854690
      1.060000      1.796752
      1.080000      1.724825
      1.100000      1.669146
      1.120000      1.632271
      1.140000      1.591515
      1.160000      1.534513
      1.180000      1.474239
      1.200000      1.428949
      1.220000      1.394899
      1.240000      1.351220
      1.260000      1.293245
      1.280000      1.241166
      1.300000      1.206300
      1.320000      1.171167
      1.340000      1.119598
      1.360000      1.064442
      1.380000      1.024929
      1.400000      0.993890
      1.420000      0.949985
      1.440000      0.894512
      1.460000      0.849564
      1.480000      0.817836
      1.500000      0.773827
      1.520000      0.704220
      1.540000      0.626547
      1.560000      0.555748
      1.580000      0.485630
      1.600000      0.416755
      1.620000      0.368273
      1.640000      0.346005
      1.660000      0.328472
      1.680000      0.300499
      1.700000      0.272995
      1.720000      0.255545
      1.740000      0.238608
      1.760000      0.214719
      1.780000      0.190174
      1.800000      0.166948
      1.820000      0.136662
      1.840000      0.100336
      1.860000      0.076269
      1.880000      0.080948
      1.900000      0.110439
      1.920000      0.144992
      1.940000      0.170972
      1.960000      0.192808
      1.980000      0.218102
      2.000000      0.241722
      2.020000      0.258384
      2.040000      0.277851
      2.060000      0.307426
      2.080000      0.334668
      2.100000      0.350821
      2.120000      0.372125
      2.140000      0.414500
      2.160000      0.470264
      2.180000      0.532219
      2.200000      0.611597
      2.220000      0.707312
      2.240000      0.790096
      2.260000      0.843547
      2.280000      0.889133
      2.300000      0.946297
      2.320000      1.002383
      2.340000      1.045919
      2.360000      1.090992
      2.380000      1.147246
      2.400000      1.203599
      2.420000      1.254031
      2.440000      1.306044
      2.460000      1.361958
      2.480000      1.419160
      2.500000      1.479632
      2.520000      1.540515
      2.540000      1.596029
      2.560000      1.655949
      2.580000      1.730043
      2.600000      1.802180
      2.620000      1.860440
      2.640000      1.927038
      2.660000      2.017344
      2.680000      2.110164
      2.700000      2.194083
      2.720000      2.300000
      2.740000      2.456406
      2.760000      2.640662
      2.780000      2.809058
      2.800000      2.964408
      2.820000      3.142711
      2.840000      3.321961
      2.860000      3.401417
      2.880000      3.314374
      2.900000      3.131764
      2.920000      3.003686
      2.940000      3.015104
      2.960000      3.149824
      2.980000      3.368329
      3.000000      3.636341
      3.020000      3.875494
      3.040000      3.975681
      3.060000      3.922193
      3.080000      3.882669
      3.100000      4.060748
      3.120000      4.432538
      3.140000      4.745983
      3.160000      4.826727
      3.180000      4.800379
      3.200000      4.984588
      3.220000      5.569725
      3.240000      6.411382
      3.260000      7.188883
      3.280000      7.749692
      3.300000      8.182078
      3.320000      8.568281
      3.340000      8.875969
      3.360000      9.145039
      3.380000      9.566947
      3.400000     10.255315
      3.420000     11.021094
      3.440000     11.471778
      3.460000     11.338961
      3.480000     10.689108
      3.500000      9.869047
      3.520000      9.266118
      3.540000      9.032008
      3.560000      8.987629
      3.580000      8.814361
      3.600000      8.349385
      3.620000      7.709767
      3.640000      7.168144
      3.660000      6.916733
      3.680000      6.926274
      3.700000      7.017800
      3.720000      7.030872
      3.740000      6.899239
      3.760000      6.640670
      3.780000      6.334539
      3.800000      6.069650
      3.820000      5.889590
      3.840000      5.805131
      3.860000      5.827506
      3.880000      5.933214
      3.900000      6.028621
      3.920000      6.035757
      3.940000      5.979925
      3.960000      5.913621
      3.980000      5.824878
      4.000000      5.684980
      4.020000      5.510703
      4.040000      5.351025
      4.060000      5.257758
      4.080000      5.243221
      4.100000      5.237416
      4.120000      5.147141
      4.140000      4.984714
      4.160000      4.863752
      4.180000      4.837284
      4.200000      4.823035
      4.220000      4.719220
      4.240000      4.540446
      4.260000      4.448550
      4.280000      4.643002
      4.300000      5.140414
      4.320000      5.687237
      4.340000      5.966395
      4.360000      5.847606
      4.380000      5.429725
      4.400000      4.945002
      4.420000      4.629690
      4.440000      4.584556
      4.460000      4.712357
      4.480000      4.800482
      4.500000      4.675408
      4.520000      4.306728
      4.540000      3.813618
      4.560000      3.388633
      4.580000      3.177053
      4.600000      3.202642
      4.620000      3.408957
      4.640000      3.738547
      4.660000      4.132076
      4.680000      4.487379
      4.700000      4.719098
      4.720000      4.869002
      4.740000      5.049585
      4.760000      5.269051
      4.780000      5.410606
      4.800000      5.388815
      4.820000      5.265063
      4.840000      5.199965
      4.860000      5.308053
      4.880000      5.537433
      4.900000      5.668057
      4.920000      5.481269
      4.940000      4.985338
      4.960000      4.435083
      4.980000      4.108091
      5.000000      4.097261
      5.020000      4.295402
      5.040000      4.531322
      5.060000      4.726231
      5.080000      4.909440
      5.100000      5.085662
      5.120000      5.179689
      5.140000      5.147764
      5.160000      5.029681
      5.180000      4.846084
      5.200000      4.568660
      5.220000      4.235663
      5.240000      3.974007
      5.260000      3.866399
      5.280000      3.884859
      5.300000      3.962434
      5.320000      4.063385
      5.340000      4.171662
      5.360000      4.253930
      5.380000      4.294616
      5.400000      4.349270
      5.420000      4.452059
      5.440000      4.490400
      5.460000      4.313402
      5.480000      3.932228
      5.500000      3.498078
      5.520000      3.150995
      5.540000      2.973298
      5.560000      2.995212
      5.580000      3.170501
      5.600000      3.409849
      5.620000      3.654670
      5.640000      3.865021
      5.660000      3.958420
      5.680000      3.835639
      5.700000      3.488270
      5.720000      3.038732
      5.740000      2.654955
      5.760000      2.461333
      5.780000      2.525660
      5.800000      2.854054
      5.820000      3.361108
      5.840000      3.899821
      5.860000      4.353585
      5.880000      4.669557
      5.900000      4.824544
      5.920000      4.809525
      5.940000      4.642563
      5.960000      4.386606
      5.980000      4.151423
      6.000000      4.040501
      6.020000      4.068703
      6.040000      4.158271
      6.060000      4.233901
      6.080000      4.283722
      6.100000      4.314165
      6.120000      4.300619
      6.140000      4.219066
      6.160000      4.109963
      6.180000      4.062558
      6.200000      4.094303
      6.220000      4.099788
      6.240000      3.976549
      6.260000      3.734214
      6.280000      3.460152
      6.300000      3.256859
      6.320000      3.189347
      6.340000      3.229998
      6.360000      3.288416
      6.380000      3.305429
      6.400000      3.279391
      6.420000      3.219797
      6.440000      3.119277
      6.460000      2.985374
      6.480000      2.886805
      6.500000      2.925869
      6.520000      3.133476
      6.540000      3.405525
      6.560000      3.576924
      6.580000      3.570089
      6.600000      3.452431
      6.620000      3.351690
      6.640000      3.342436
      6.660000      3.402902
      6.680000      3.457075
      6.700000      3.467258
      6.720000      3.463125
      6.740000      3.464657
      6.760000      3.455281
      6.780000      3.441921
      6.800000      3.444241
      6.820000      3.443464
      6.840000      3.421742
      6.860000      3.415983
      6.880000      3.477303
      6.900000      3.587788
      6.920000      3.659098
      6.940000      3.639978
      6.960000      3.574133
      6.980000      3.502820
      7.000000      3.379442
      7.020000      3.148082
      7.040000      2.849269
      7.060000      2.591957
      7.080000      2.464334
      7.100000      2.496579
      7.120000      2.658715
      7.140000      2.869127
      7.160000      3.037727
      7.180000      3.130754
      7.200000      3.186375
      7.220000      3.242352
      7.240000      3.277634
      7.260000      3.255305
      7.280000      3.169646
      7.300000      3.046711
      7.320000      2.938455
      7.340000      2.871357
      7.360000      2.804736
      7.380000      2.716018
      7.400000      2.682077
      7.420000      2.777673
      7.440000      2.946248
      7.460000      3.072022
      7.480000      3.114318
      7.500000      3.087958
      7.520000      3.007370
      7.540000      2.904068
      7.560000      2.809700
      7.580000      2.724541
      7.600000      2.654924
      7.620000      2.631340
      7.640000      2.675444
      7.660000      2.793847
      7.680000      2.973877
      7.700000      3.164530
      7.720000      3.305198
      7.740000      3.368093
      7.760000      3.356570
      7.780000      3.292957
      7.800000      3.212434
      7.820000      3.150305
      7.840000      3.131988
      7.860000      3.164756
      7.880000      3.241246
      7.900000      3.361246
      7.920000      3.512180
      7.940000      3.609143
      7.960000      3.516408
      7.980000      3.179182
      8.000000      2.710400
      8.020000      2.314425
      8.040000      2.137674
      8.060000      2.195515
      8.080000      2.411031
      8.100000      2.705966
      8.120000      3.045329
      8.140000      3.387830
      8.160000      3.624536
      8.180000      3.614374
      8.200000      3.307408
      8.220000      2.829702
      8.240000      2.411603
      8.260000      2.223285
      8.280000      2.296433
      8.300000      2.571640
      8.320000      2.974726
      8.340000      3.441110
      8.360000      3.880843
      8.380000      4.179608
      8.400000      4.284880
      8.420000      4.243865
      8.440000      4.135216
      8.460000      4.013898
      8.480000      3.902817
      8.500000      3.792828
      8.520000      3.665982
      8.540000      3.528915
      8.560000      3.411059
      8.580000      3.326560
      8.600000      3.252466
      8.620000      3.165982
      8.640000      3.085519
      8.660000      3.028671
      8.680000      2.956046
      8.700000      2.824346
      8.720000      2.663635
      8.740000      2.540626
      8.760000      2.486683
      8.780000      2.504188
      8.800000      2.590729
      8.820000      2.719993
      8.840000      2.823526
      8.860000      2.799946
      8.880000      2.561258
      8.900000      2.112471
      8.920000      1.569972
      8.940000      1.066488
      8.960000      0.662955
      8.980000      0.365232
      9.000000      0.172625
      9.020000      0.087279
      9.040000      0.127058
      9.060000      0.374457
      9.080000      1.013195
      9.100000      2.281988
      9.120000      4.308378
      9.140000      6.883017
      9.160000      9.402937
      9.180000     11.192537
      9.200000     12.002802
      9.220000     12.181002
      9.240000     12.307411
      9.260000     12.679474
      9.280000     13.199053
      9.300000     13.721847
      9.320000     14.314498
      9.340000     15.033313
      9.360000     15.609680
      9.380000     15.571725
      9.400000     14.701468
      9.420000     13.356419
      9.440000     12.284545
      9.460000     11.997579
      9.480000     12.390699
      9.500000     13.053499
      9.520000     13.748855
      9.540000     14.459173
      9.560000     15.171000
      9.580000     15.810957
      9.600000     16.340129
      9.620000     16.783864
      9.640000     17.137416
      9.660000     17.314004
      9.680000     17.264370
      9.700000     17.120089
      9.720000     17.119062
      9.740000     17.370507
      9.760000     17.752173
      9.780000     18.040619
      9.800000     18.112654
      9.820000     18.025868
      9.840000     17.915153
      9.860000     17.827567
      9.880000     17.698550
      9.900000     17.521754
      9.920000     17.459923
      9.940000     17.643273
      9.960000     17.925031
      9.980000     18.028506
     10.000000     17.894685
