# EIG2DOS: Utility for SIESTA to obtain the electronic density of states
#
#                                                  Emilio Artacho, Apr. 1999
# --------------------------------------------------------------------------
# Nbands, Nspin, Nk   =    936     1   352
# E_F                 =    -5.9538 eV
# Broadening          =     0.0500 eV
# Number of electrons =   286.1648  286.6784 per cell
#
#        E            N
# --------------------------------------------------------------------------
    -10.000000      5.220933
     -9.980000      4.970668
     -9.960000      4.757313
     -9.940000      4.715308
     -9.920000      4.869182
     -9.900000      5.169466
     -9.880000      5.467680
     -9.860000      5.596040
     -9.840000      5.560486
     -9.820000      5.563139
     -9.800000      5.800520
     -9.780000      6.314615
     -9.760000      7.018237
     -9.740000      7.740958
     -9.720000      8.249689
     -9.700000      8.353947
     -9.680000      8.040918
     -9.660000      7.470405
     -9.640000      6.845521
     -9.620000      6.303496
     -9.600000      5.880076
     -9.580000      5.552207
     -9.560000      5.311388
     -9.540000      5.134406
     -9.520000      4.915848
     -9.500000      4.589624
     -9.480000      4.340857
     -9.460000      4.557045
     -9.440000      5.484407
     -9.420000      6.934551
     -9.400000      8.336194
     -9.380000      9.085412
     -9.360000      8.905074
     -9.340000      7.982966
     -9.320000      6.809229
     -9.300000      5.812933
     -9.280000      5.130501
     -9.260000      4.699226
     -9.240000      4.445973
     -9.220000      4.326623
     -9.200000      4.272130
     -9.180000      4.191188
     -9.160000      4.039619
     -9.140000      3.842354
     -9.120000      3.663903
     -9.100000      3.621299
     -9.080000      3.862048
     -9.060000      4.429356
     -9.040000      5.176292
     -9.020000      5.852062
     -9.000000      6.269809
     -8.980000      6.413377
     -8.960000      6.395112
     -8.940000      6.311392
     -8.920000      6.155640
     -8.900000      5.871597
     -8.880000      5.460612
     -8.860000      5.008724
     -8.840000      4.629661
     -8.820000      4.414851
     -8.800000      4.415483
     -8.780000      4.635754
     -8.760000      5.050209
     -8.740000      5.634974
     -8.720000      6.361215
     -8.700000      7.134414
     -8.680000      7.737414
     -8.660000      7.913837
     -8.640000      7.598479
     -8.620000      6.995550
     -8.600000      6.368748
     -8.580000      5.861556
     -8.560000      5.525935
     -8.540000      5.375771
     -8.520000      5.375194
     -8.500000      5.430975
     -8.480000      5.430280
     -8.460000      5.312144
     -8.440000      5.101227
     -8.420000      4.881137
     -8.400000      4.766917
     -8.380000      4.858500
     -8.360000      5.157183
     -8.340000      5.544900
     -8.320000      5.856613
     -8.300000      5.951254
     -8.280000      5.755590
     -8.260000      5.321399
     -8.240000      4.836265
     -8.220000      4.521659
     -8.200000      4.515201
     -8.180000      4.847257
     -8.160000      5.459831
     -8.140000      6.195950
     -8.120000      6.837199
     -8.100000      7.245183
     -8.080000      7.450503
     -8.060000      7.550148
     -8.040000      7.560358
     -8.020000      7.433899
     -8.000000      7.167474
     -7.980000      6.815878
     -7.960000      6.439168
     -7.940000      6.088328
     -7.920000      5.832817
     -7.900000      5.790482
     -7.880000      6.078991
     -7.860000      6.662877
     -7.840000      7.297424
     -7.820000      7.724271
     -7.800000      7.913671
     -7.780000      8.051474
     -7.760000      8.285599
     -7.740000      8.546733
     -7.720000      8.623991
     -7.700000      8.350569
     -7.680000      7.719241
     -7.660000      6.878426
     -7.640000      6.040617
     -7.620000      5.385772
     -7.600000      4.991843
     -7.580000      4.788460
     -7.560000      4.620712
     -7.540000      4.441478
     -7.520000      4.407121
     -7.500000      4.700572
     -7.480000      5.287662
     -7.460000      5.916257
     -7.440000      6.342110
     -7.420000      6.537318
     -7.400000      6.687789
     -7.380000      6.974314
     -7.360000      7.361948
     -7.340000      7.650374
     -7.320000      7.748842
     -7.300000      7.817814
     -7.280000      8.036572
     -7.260000      8.321705
     -7.240000      8.444106
     -7.220000      8.345902
     -7.200000      8.169972
     -7.180000      8.032325
     -7.160000      7.909266
     -7.140000      7.738288
     -7.120000      7.540354
     -7.100000      7.410538
     -7.080000      7.411615
     -7.060000      7.529766
     -7.040000      7.731526
     -7.020000      7.983666
     -7.000000      8.223662
     -6.980000      8.389458
     -6.960000      8.460055
     -6.940000      8.435968
     -6.920000      8.330727
     -6.900000      8.162027
     -6.880000      7.897725
     -6.860000      7.483138
     -6.840000      6.952377
     -6.820000      6.433399
     -6.800000      6.056830
     -6.780000      5.919062
     -6.760000      6.084766
     -6.740000      6.542513
     -6.720000      7.145946
     -6.700000      7.653037
     -6.680000      7.898741
     -6.660000      7.941798
     -6.640000      7.998698
     -6.620000      8.241318
     -6.600000      8.648593
     -6.580000      8.982106
     -6.560000      8.934310
     -6.540000      8.394354
     -6.520000      7.564712
     -6.500000      6.793631
     -6.480000      6.330192
     -6.460000      6.233801
     -6.440000      6.446911
     -6.420000      6.903185
     -6.400000      7.535016
     -6.380000      8.187497
     -6.360000      8.614022
     -6.340000      8.627581
     -6.320000      8.254695
     -6.300000      7.700005
     -6.280000      7.129515
     -6.260000      6.547244
     -6.240000      5.943444
     -6.220000      5.470058
     -6.200000      5.371237
     -6.180000      5.792043
     -6.160000      6.671829
     -6.140000      7.727415
     -6.120000      8.564696
     -6.100000      8.957722
     -6.080000      9.019841
     -6.060000      9.028343
     -6.040000      9.165807
     -6.020000      9.466851
     -6.000000      9.911049
     -5.980000     10.541446
     -5.960000     11.506048
     -5.940000     12.939174
     -5.920000     14.673367
     -5.900000     15.992897
     -5.880000     15.960048
     -5.860000     14.296904
     -5.840000     11.754944
     -5.820000      9.431638
     -5.800000      7.952579
     -5.780000      7.328264
     -5.760000      7.251561
     -5.740000      7.460995
     -5.720000      8.035207
     -5.700000      9.334617
     -5.680000     11.471466
     -5.660000     13.885209
     -5.640000     15.663112
     -5.620000     16.302044
     -5.600000     16.037561
     -5.580000     15.491373
     -5.560000     15.143828
     -5.540000     15.093861
     -5.520000     15.172393
     -5.500000     15.189993
     -5.480000     15.048676
     -5.460000     14.705673
     -5.440000     14.166566
     -5.420000     13.543613
     -5.400000     13.048890
     -5.380000     12.861714
     -5.360000     12.983308
     -5.340000     13.248190
     -5.320000     13.494292
     -5.300000     13.704743
     -5.280000     13.995184
     -5.260000     14.491053
     -5.240000     15.201601
     -5.220000     15.947509
     -5.200000     16.418413
     -5.180000     16.423459
     -5.160000     16.093245
     -5.140000     15.702373
     -5.120000     15.311036
     -5.100000     14.768599
     -5.080000     14.078994
     -5.060000     13.542126
     -5.040000     13.443573
     -5.020000     13.741820
     -5.000000     14.156835
     -4.980000     14.479045
     -4.960000     14.692483
     -4.940000     14.820958
     -4.920000     14.751686
     -4.900000     14.323778
     -4.880000     13.627210
     -4.860000     13.098602
     -4.840000     13.189259
     -4.820000     13.923137
     -4.800000     14.821268
     -4.780000     15.310162
     -4.760000     15.228586
     -4.740000     14.898792
     -4.720000     14.719711
     -4.700000     14.829588
     -4.680000     15.242423
     -4.660000     16.060780
     -4.640000     17.234101
     -4.620000     18.313614
     -4.600000     18.818057
     -4.580000     18.681366
     -4.560000     18.147885
     -4.540000     17.492123
     -4.520000     16.928115
     -4.500000     16.536545
     -4.480000     16.247126
     -4.460000     15.963126
     -4.440000     15.629934
     -4.420000     15.232145
     -4.400000     14.859649
     -4.380000     14.730117
     -4.360000     15.051185
     -4.340000     15.877213
     -4.320000     17.042435
     -4.300000     18.142130
     -4.280000     18.726221
     -4.260000     18.657564
     -4.240000     18.207659
     -4.220000     17.839298
     -4.200000     17.972987
     -4.180000     18.700418
     -4.160000     19.498496
     -4.140000     19.518802
     -4.120000     18.413898
     -4.100000     16.632920
     -4.080000     14.877012
     -4.060000     13.637025
     -4.040000     13.169317
     -4.020000     13.473628
     -4.000000     14.264583
     -3.980000     15.134933
     -3.960000     15.683711
     -3.940000     15.499055
     -3.920000     14.306262
     -3.900000     12.267611
     -3.880000     10.001643
     -3.860000      8.265892
     -3.840000      7.604345
     -3.820000      8.139257
     -3.800000      9.559609
     -3.780000     11.267954
     -3.760000     12.631733
     -3.740000     13.308762
     -3.720000     13.431256
     -3.700000     13.415169
     -3.680000     13.564780
     -3.660000     13.861364
     -3.640000     14.070096
     -3.620000     13.986319
     -3.600000     13.592963
     -3.580000     13.069451
     -3.560000     12.700115
     -3.540000     12.694623
     -3.520000     12.971348
     -3.500000     13.079057
     -3.480000     12.441522
     -3.460000     10.867190
     -3.440000      8.857502
     -3.420000      7.267363
     -3.400000      6.609162
     -3.380000      6.766884
     -3.360000      7.359463
     -3.340000      8.226751
     -3.320000      9.454615
     -3.300000     10.983524
     -3.280000     12.369807
     -3.260000     13.048983
     -3.240000     12.796204
     -3.220000     11.864108
     -3.200000     10.788186
     -3.180000     10.204217
     -3.160000     10.627229
     -3.140000     12.017982
     -3.120000     13.569635
     -3.100000     14.193336
     -3.080000     13.375230
     -3.060000     11.628658
     -3.040000     10.079792
     -3.020000      9.498481
     -3.000000      9.751990
     -2.980000     10.198642
     -2.960000     10.390610
     -2.940000     10.307678
     -2.920000     10.141446
     -2.900000     10.040560
     -2.880000     10.021731
     -2.860000     10.025541
     -2.840000      9.982822
     -2.820000      9.825371
     -2.800000      9.535272
     -2.780000      9.226189
     -2.760000      9.095748
     -2.740000      9.252829
     -2.720000      9.617542
     -2.700000      9.997966
     -2.680000     10.261370
     -2.660000     10.456315
     -2.640000     10.787367
     -2.620000     11.418044
     -2.600000     12.218448
     -2.580000     12.779300
     -2.560000     12.804423
     -2.540000     12.364763
     -2.520000     11.655214
     -2.500000     10.769693
     -2.480000      9.874946
     -2.460000      9.312892
     -2.440000      9.348053
     -2.420000      9.970338
     -2.400000     10.930201
     -2.380000     11.790431
     -2.360000     12.072666
     -2.340000     11.577013
     -2.320000     10.545387
     -2.300000      9.517216
     -2.280000      9.088796
     -2.260000      9.631239
     -2.240000     10.968566
     -2.220000     12.373731
     -2.200000     13.109315
     -2.180000     12.998069
     -2.160000     12.413783
     -2.140000     11.845854
     -2.120000     11.562768
     -2.100000     11.547727
     -2.080000     11.587109
     -2.060000     11.408262
     -2.040000     10.848196
     -2.020000     10.054929
     -2.000000      9.530208
     -1.980000      9.782680
     -1.960000     10.832635
     -1.940000     12.115163
     -1.920000     12.924683
     -1.900000     12.971617
     -1.880000     12.541441
     -1.860000     12.136803
     -1.840000     11.986595
     -1.820000     11.937305
     -1.800000     11.754345
     -1.780000     11.409262
     -1.760000     11.074045
     -1.740000     10.910916
     -1.720000     10.911139
     -1.700000     10.899410
     -1.680000     10.651551
     -1.660000     10.102963
     -1.640000      9.492770
     -1.620000      9.196557
     -1.600000      9.402554
     -1.580000     10.001118
     -1.560000     10.727222
     -1.540000     11.366168
     -1.520000     11.880173
     -1.500000     12.363283
     -1.480000     12.820082
     -1.460000     13.013610
     -1.440000     12.678082
     -1.420000     11.872467
     -1.400000     10.936046
     -1.380000     10.137503
     -1.360000      9.572202
     -1.340000      9.310413
     -1.320000      9.417749
     -1.300000      9.865379
     -1.280000     10.547483
     -1.260000     11.334102
     -1.240000     12.029456
     -1.220000     12.375434
     -1.200000     12.273113
     -1.180000     12.040336
     -1.160000     12.279570
     -1.140000     13.303085
     -1.120000     14.706833
     -1.100000     15.665779
     -1.080000     15.652605
     -1.060000     14.727457
     -1.040000     13.230158
     -1.020000     11.497797
     -1.000000      9.871929
     -0.980000      8.694104
     -0.960000      8.189177
     -0.940000      8.386028
     -0.920000      9.102693
     -0.900000      9.970016
     -0.880000     10.546529
     -0.860000     10.546260
     -0.840000     10.031948
     -0.820000      9.344277
     -0.800000      8.759351
     -0.780000      8.221602
     -0.760000      7.527669
     -0.740000      6.804394
     -0.720000      6.565459
     -0.700000      7.081293
     -0.680000      7.912653
     -0.660000      8.362219
     -0.640000      8.225350
     -0.620000      7.811368
     -0.600000      7.415984
     -0.580000      7.135559
     -0.560000      7.075189
     -0.540000      7.403040
     -0.520000      8.181484
     -0.500000      9.237022
     -0.480000     10.178729
     -0.460000     10.586507
     -0.440000     10.289938
     -0.420000      9.474807
     -0.400000      8.500665
     -0.380000      7.679485
     -0.360000      7.245287
     -0.340000      7.363015
     -0.320000      7.944181
     -0.300000      8.507086
     -0.280000      8.515669
     -0.260000      7.924233
     -0.240000      7.182242
     -0.220000      6.706945
     -0.200000      6.560056
     -0.180000      6.597781
     -0.160000      6.693551
     -0.140000      6.794531
     -0.120000      6.926888
     -0.100000      7.175320
     -0.080000      7.586751
     -0.060000      8.080021
     -0.040000      8.429626
     -0.020000      8.354443
      0.000000      7.749766
      0.020000      6.844206
      0.040000      6.013273
      0.060000      5.476232
      0.080000      5.222065
      0.100000      5.123818
      0.120000      5.088657
      0.140000      5.111449
      0.160000      5.178802
      0.180000      5.225737
      0.200000      5.206448
      0.220000      5.101718
      0.240000      4.921673
      0.260000      4.757672
      0.280000      4.718317
      0.300000      4.808732
      0.320000      4.915186
      0.340000      4.880837
      0.360000      4.642048
      0.380000      4.310551
      0.400000      4.066645
      0.420000      3.977312
      0.440000      3.937004
      0.460000      3.759541
      0.480000      3.318582
      0.500000      2.652736
      0.520000      1.998898
      0.540000      1.691616
      0.560000      1.922734
      0.580000      2.540471
      0.600000      3.115259
      0.620000      3.261665
      0.640000      2.919346
      0.660000      2.339642
      0.680000      1.842336
      0.700000      1.600162
      0.720000      1.646065
      0.740000      2.014313
      0.760000      2.703852
      0.780000      3.478707
      0.800000      3.940878
      0.820000      3.918646
      0.840000      3.613372
      0.860000      3.298693
      0.880000      3.045654
      0.900000      2.798051
      0.920000      2.559298
      0.940000      2.389513
      0.960000      2.287049
      0.980000      2.188899
      1.000000      2.074095
      1.020000      1.983025
      1.040000      1.934598
      1.060000      1.889017
      1.080000      1.812538
      1.100000      1.731110
      1.120000      1.680623
      1.140000      1.643647
      1.160000      1.585517
      1.180000      1.516058
      1.200000      1.464402
      1.220000      1.425110
      1.240000      1.375360
      1.260000      1.317561
      1.280000      1.267796
      1.300000      1.224726
      1.320000      1.177786
      1.340000      1.128298
      1.360000      1.081747
      1.380000      1.035952
      1.400000      0.989741
      1.420000      0.945952
      1.440000      0.901732
      1.460000      0.853997
      1.480000      0.808080
      1.500000      0.763350
      1.520000      0.706736
      1.540000      0.631624
      1.560000      0.545207
      1.580000      0.457720
      1.600000      0.379548
      1.620000      0.321495
      1.640000      0.284935
      1.660000      0.258583
      1.680000      0.231519
      1.700000      0.200006
      1.720000      0.161262
      1.740000      0.114522
      1.760000      0.067633
      1.780000      0.031930
      1.800000      0.011763
      1.820000      0.003353
      1.840000      0.000935
      1.860000      0.001377
      1.880000      0.005373
      1.900000      0.017293
      1.920000      0.043037
      1.940000      0.084215
      1.960000      0.133409
      1.980000      0.179232
      2.000000      0.216826
      2.020000      0.248044
      2.040000      0.274350
      2.060000      0.298263
      2.080000      0.325172
      2.100000      0.357069
      2.120000      0.395815
      2.140000      0.452578
      2.160000      0.536032
      2.180000      0.633968
      2.200000      0.724842
      2.220000      0.800993
      2.240000      0.866001
      2.260000      0.921986
      2.280000      0.971666
      2.300000      1.021733
      2.320000      1.076102
      2.340000      1.131078
      2.360000      1.183215
      2.380000      1.236996
      2.400000      1.296339
      2.420000      1.356285
      2.440000      1.413056
      2.460000      1.472600
      2.480000      1.539705
      2.500000      1.607847
      2.520000      1.671270
      2.540000      1.738903
      2.560000      1.819195
      2.580000      1.901931
      2.600000      1.978002
      2.620000      2.061749
      2.640000      2.170403
      2.660000      2.300630
      2.680000      2.447169
      2.700000      2.626125
      2.720000      2.851891
      2.740000      3.104736
      2.760000      3.346499
      2.780000      3.545384
      2.800000      3.662565
      2.820000      3.648572
      2.840000      3.493315
      2.860000      3.269376
      2.880000      3.092512
      2.900000      3.041465
      2.920000      3.134220
      2.940000      3.343896
      2.960000      3.576098
      2.980000      3.658488
      3.000000      3.459163
      3.020000      3.063517
      3.040000      2.788542
      3.060000      2.968673
      3.080000      3.666562
      3.100000      4.548399
      3.120000      5.105032
      3.140000      5.092757
      3.160000      4.776571
      3.180000      4.712321
      3.200000      5.251818
      3.220000      6.246715
      3.240000      7.247538
      3.260000      7.921812
      3.280000      8.212280
      3.300000      8.262366
      3.320000      8.384027
      3.340000      8.939825
      3.360000      9.991188
      3.380000     11.114701
      3.400000     11.748104
      3.420000     11.651237
      3.440000     10.918884
      3.460000      9.749376
      3.480000      8.433729
      3.500000      7.422447
      3.520000      7.100862
      3.540000      7.454846
      3.560000      8.089495
      3.580000      8.576148
      3.600000      8.702861
      3.620000      8.476564
      3.640000      8.054259
      3.660000      7.646625
      3.680000      7.349705
      3.700000      7.087459
      3.720000      6.768330
      3.740000      6.434285
      3.760000      6.233238
      3.780000      6.262013
      3.800000      6.441903
      3.820000      6.604589
      3.840000      6.673706
      3.860000      6.667846
      3.880000      6.600982
      3.900000      6.463438
      3.920000      6.233727
      3.940000      5.896624
      3.960000      5.492284
      3.980000      5.129814
      4.000000      4.919186
      4.020000      4.879910
      4.040000      4.938254
      4.060000      5.022798
      4.080000      5.139478
      4.100000      5.351932
      4.120000      5.683258
      4.140000      6.017642
      4.160000      6.133972
      4.180000      5.887997
      4.200000      5.357499
      4.220000      4.819620
      4.240000      4.599885
      4.260000      4.838021
      4.280000      5.323885
      4.300000      5.659552
      4.320000      5.620455
      4.340000      5.259727
      4.360000      4.703726
      4.380000      4.033899
      4.400000      3.384703
      4.420000      2.972772
      4.440000      2.920080
      4.460000      3.117545
      4.480000      3.339662
      4.500000      3.456609
      4.520000      3.495902
      4.540000      3.564072
      4.560000      3.767889
      4.580000      4.147336
      4.600000      4.602212
      4.620000      4.915585
      4.640000      4.936207
      4.660000      4.733454
      4.680000      4.512734
      4.700000      4.410322
      4.720000      4.428915
      4.740000      4.512301
      4.760000      4.596723
      4.780000      4.637552
      4.800000      4.650418
      4.820000      4.694449
      4.840000      4.826112
      4.860000      5.086262
      4.880000      5.445721
      4.900000      5.741182
      4.920000      5.746469
      4.940000      5.353461
      4.960000      4.699703
      4.980000      4.112978
      5.000000      3.884537
      5.020000      4.058579
      5.040000      4.429762
      5.060000      4.747949
      5.080000      4.931179
      5.100000      5.060540
      5.120000      5.164781
      5.140000      5.098797
      5.160000      4.724102
      5.180000      4.139862
      5.200000      3.615781
      5.220000      3.326928
      5.240000      3.242848
      5.260000      3.254853
      5.280000      3.325743
      5.300000      3.486636
      5.320000      3.745285
      5.340000      4.067561
      5.360000      4.424926
      5.380000      4.781544
      5.400000      5.042656
      5.420000      5.092103
      5.440000      4.896730
      5.460000      4.524829
      5.480000      4.063926
      5.500000      3.580394
      5.520000      3.147643
      5.540000      2.849561
      5.560000      2.755397
      5.580000      2.899666
      5.600000      3.239062
      5.620000      3.623724
      5.640000      3.890786
      5.660000      4.004828
      5.680000      4.032384
      5.700000      3.986748
      5.720000      3.805866
      5.740000      3.502855
      5.760000      3.225108
      5.780000      3.118298
      5.800000      3.223936
      5.820000      3.528963
      5.840000      4.001898
      5.860000      4.545272
      5.880000      4.994941
      5.900000      5.196594
      5.920000      5.080281
      5.940000      4.726106
      5.960000      4.355229
      5.980000      4.155431
      6.000000      4.112238
      6.020000      4.074080
      6.040000      3.956033
      6.060000      3.817517
      6.080000      3.765606
      6.100000      3.851016
      6.120000      4.057839
      6.140000      4.330294
      6.160000      4.564315
      6.180000      4.626845
      6.200000      4.468569
      6.220000      4.186337
      6.240000      3.917283
      6.260000      3.718712
      6.280000      3.576711
      6.300000      3.459311
      6.320000      3.331364
      6.340000      3.165393
      6.360000      2.965492
      6.380000      2.777509
      6.400000      2.659510
      6.420000      2.619273
      6.440000      2.594860
      6.460000      2.522928
      6.480000      2.409695
      6.500000      2.326823
      6.520000      2.356300
      6.540000      2.526576
      6.560000      2.787420
      6.580000      3.055873
      6.600000      3.281875
      6.620000      3.477796
      6.640000      3.694253
      6.660000      3.925226
      6.680000      4.048976
      6.700000      3.959872
      6.720000      3.739784
      6.740000      3.587428
      6.760000      3.616430
      6.780000      3.797321
      6.800000      4.010126
      6.820000      4.119610
      6.840000      4.099426
      6.860000      4.073074
      6.880000      4.162964
      6.900000      4.336753
      6.920000      4.435818
      6.940000      4.321611
      6.960000      3.990299
      6.980000      3.565436
      7.000000      3.185310
      7.020000      2.908840
      7.040000      2.716879
      7.060000      2.571230
      7.080000      2.470106
      7.100000      2.437390
      7.120000      2.453742
      7.140000      2.449580
      7.160000      2.385809
      7.180000      2.290893
      7.200000      2.211132
      7.220000      2.166652
      7.240000      2.153998
      7.260000      2.168856
      7.280000      2.218717
      7.300000      2.307019
      7.320000      2.421345
      7.340000      2.548626
      7.360000      2.680560
      7.380000      2.807397
      7.400000      2.925368
      7.420000      3.048138
      7.440000      3.221353
      7.460000      3.516783
      7.480000      3.943232
      7.500000      4.335152
      7.520000      4.423766
      7.540000      4.093261
      7.560000      3.509375
      7.580000      2.967906
      7.600000      2.677478
      7.620000      2.673727
      7.640000      2.850961
      7.660000      3.044943
      7.680000      3.136175
      7.700000      3.116879
      7.720000      3.051877
      7.740000      2.993051
      7.760000      2.961553
      7.780000      2.967508
      7.800000      3.010487
      7.820000      3.085700
      7.840000      3.182405
      7.860000      3.260849
      7.880000      3.272930
      7.900000      3.219670
      7.920000      3.134774
      7.940000      3.015408
      7.960000      2.833631
      7.980000      2.602269
      8.000000      2.369177
      8.020000      2.165491
      8.040000      2.019275
      8.060000      2.008156
      8.080000      2.232583
      8.100000      2.710231
      8.120000      3.307538
      8.140000      3.780065
      8.160000      3.909904
      8.180000      3.657801
      8.200000      3.193722
      8.220000      2.757750
      8.240000      2.495126
      8.260000      2.431078
      8.280000      2.537370
      8.300000      2.751985
      8.320000      2.973744
      8.340000      3.108043
      8.360000      3.126783
      8.380000      3.066234
      8.400000      2.964803
      8.420000      2.840454
      8.440000      2.736118
      8.460000      2.709304
      8.480000      2.762791
      8.500000      2.859066
      8.520000      2.981607
      8.540000      3.114238
      8.560000      3.209074
      8.580000      3.242078
      8.600000      3.256016
      8.620000      3.301286
      8.640000      3.367651
      8.660000      3.389325
      8.680000      3.294040
      8.700000      3.061341
      8.720000      2.754195
      8.740000      2.478776
      8.760000      2.299233
      8.780000      2.199876
      8.800000      2.136388
      8.820000      2.099609
      8.840000      2.099930
      8.860000      2.107488
      8.880000      2.050815
      8.900000      1.886328
      8.920000      1.654005
      8.940000      1.447901
      8.960000      1.331781
      8.980000      1.302482
      9.000000      1.342010
      9.020000      1.507526
      9.040000      2.008526
      9.060000      3.207564
      9.080000      5.419316
      9.100000      8.507425
      9.120000     11.657081
      9.140000     13.790956
      9.160000     14.420198
      9.180000     14.021507
      9.200000     13.468477
      9.220000     13.209825
      9.240000     13.166918
      9.260000     13.263063
      9.280000     13.592248
      9.300000     14.028396
      9.320000     14.232502
      9.340000     14.145161
      9.360000     13.961293
      9.380000     13.688504
      9.400000     13.236848
      9.420000     12.831318
      9.440000     12.906336
      9.460000     13.637422
      9.480000     14.820501
      9.500000     16.115619
      9.520000     17.182232
      9.540000     17.710731
      9.560000     17.644595
      9.580000     17.304946
      9.600000     17.051141
      9.620000     16.942601
      9.640000     16.895245
      9.660000     16.933413
      9.680000     17.077303
      9.700000     17.162148
      9.720000     16.954406
      9.740000     16.377770
      9.760000     15.605341
      9.780000     15.011945
      9.800000     14.939111
      9.820000     15.389210
      9.840000     16.018714
      9.860000     16.457214
      9.880000     16.567707
      9.900000     16.449298
      9.920000     16.319623
      9.940000     16.388205
      9.960000     16.728539
      9.980000     17.247633
     10.000000     17.787691
