# EIG2DOS: Utility for SIESTA to obtain the electronic density of states
#
#                                                  Emilio Artacho, Apr. 1999
# --------------------------------------------------------------------------
# Nbands, Nspin, Nk   =    936     1   352
# E_F                 =    -6.0283 eV
# Broadening          =     0.0500 eV
# Number of electrons =   164.2670  164.4737 per cell
#
#        E            N
# --------------------------------------------------------------------------
     -5.000000     14.237476
     -4.990000     14.315308
     -4.980000     14.395908
     -4.970000     14.484247
     -4.960000     14.581831
     -4.950000     14.686037
     -4.940000     14.790656
     -4.930000     14.887277
     -4.920000     14.966938
     -4.910000     15.021742
     -4.900000     15.046507
     -4.890000     15.040535
     -4.880000     15.009037
     -4.870000     14.963124
     -4.860000     14.917356
     -4.850000     14.885110
     -4.840000     14.873741
     -4.830000     14.882195
     -4.820000     14.902581
     -4.810000     14.924783
     -4.800000     14.941381
     -4.790000     14.950255
     -4.780000     14.954168
     -4.770000     14.958573
     -4.760000     14.969452
     -4.750000     14.991954
     -4.740000     15.029356
     -4.730000     15.081710
     -4.720000     15.144556
     -4.710000     15.209016
     -4.700000     15.264324
     -4.690000     15.302218
     -4.680000     15.320999
     -4.670000     15.326733
     -4.660000     15.330609
     -4.650000     15.343822
     -4.640000     15.372839
     -4.630000     15.417454
     -4.620000     15.472079
     -4.610000     15.528897
     -4.600000     15.581194
     -4.590000     15.626040
     -4.580000     15.666340
     -4.570000     15.711946
     -4.560000     15.778790
     -4.550000     15.885223
     -4.540000     16.046429
     -4.530000     16.269599
     -4.520000     16.552709
     -4.510000     16.887686
     -4.500000     17.266037
     -4.490000     17.683578
     -4.480000     18.141434
     -4.470000     18.642364
     -4.460000     19.183541
     -4.450000     19.748801
     -4.440000     20.304494
     -4.430000     20.802549
     -4.420000     21.191267
     -4.410000     21.429724
     -4.400000     21.498479
     -4.390000     21.400719
     -4.380000     21.153775
     -4.370000     20.777329
     -4.360000     20.286433
     -4.350000     19.693477
     -4.340000     19.016326
     -4.330000     18.285563
     -4.320000     17.544773
     -4.310000     16.842796
     -4.300000     16.221908
     -4.290000     15.707650
     -4.280000     15.304421
     -4.270000     14.997771
     -4.260000     14.761775
     -4.250000     14.568636
     -4.240000     14.397380
     -4.230000     14.238725
     -4.220000     14.094321
     -4.210000     13.970849
     -4.200000     13.872236
     -4.190000     13.794506
     -4.180000     13.726357
     -4.170000     13.654881
     -4.160000     13.572678
     -4.150000     13.482141
     -4.140000     13.395033
     -4.130000     13.328466
     -4.120000     13.299901
     -4.110000     13.323261
     -4.100000     13.406792
     -4.090000     13.552367
     -4.080000     13.755754
     -4.070000     14.007578
     -4.060000     14.294818
     -4.050000     14.602705
     -4.040000     14.916932
     -4.030000     15.226147
     -4.020000     15.524507
     -4.010000     15.813657
     -4.000000     16.103244
     -3.990000     16.409287
     -3.980000     16.750557
     -3.970000     17.144082
     -3.960000     17.601323
     -3.950000     18.126181
     -3.940000     18.714845
     -3.930000     19.356303
     -3.920000     20.031828
     -3.910000     20.712540
     -3.900000     21.356077
     -3.890000     21.905369
     -3.880000     22.292992
     -3.870000     22.452601
     -3.860000     22.335078
     -3.850000     21.923674
     -3.840000     21.241875
     -3.830000     20.350560
     -3.820000     19.335555
     -3.810000     18.290158
     -3.800000     17.298126
     -3.790000     16.421208
     -3.780000     15.693147
     -3.770000     15.120105
     -3.760000     14.686156
     -3.750000     14.361680
     -3.740000     14.112312
     -3.730000     13.906528
     -3.720000     13.720733
     -3.710000     13.541412
     -3.700000     13.364438
     -3.690000     13.192179
     -3.680000     13.029695
     -3.670000     12.881711
     -3.660000     12.751705
     -3.650000     12.643277
     -3.640000     12.562562
     -3.630000     12.519612
     -3.620000     12.526913
     -3.610000     12.594452
     -3.600000     12.722519
     -3.590000     12.895064
     -3.580000     13.077162
     -3.570000     13.219361
     -3.560000     13.269328
     -3.550000     13.187861
     -3.540000     12.963729
     -3.530000     12.621372
     -3.520000     12.218007
     -3.510000     11.830835
     -3.500000     11.538679
     -3.490000     11.403793
     -3.480000     11.458800
     -3.470000     11.701770
     -3.460000     12.100361
     -3.450000     12.603557
     -3.440000     13.156896
     -3.430000     13.715299
     -3.420000     14.248302
     -3.410000     14.736385
     -3.400000     15.162097
     -3.390000     15.502759
     -3.380000     15.730271
     -3.370000     15.818754
     -3.360000     15.755512
     -3.350000     15.548486
     -3.340000     15.225553
     -3.330000     14.826008
     -3.320000     14.389105
     -3.310000     13.945586
     -3.300000     13.515344
     -3.290000     13.110085
     -3.280000     12.737182
     -3.270000     12.401492
     -3.260000     12.104660
     -3.250000     11.843919
     -3.240000     11.612732
     -3.230000     11.403756
     -3.220000     11.212350
     -3.210000     11.038050
     -3.200000     10.882801
     -3.190000     10.747209
     -3.180000     10.627699
     -3.170000     10.516948
     -3.160000     10.407581
     -3.150000     10.296600
     -3.140000     10.187255
     -3.130000     10.086698
     -3.120000     10.000719
     -3.110000      9.929044
     -3.100000      9.864376
     -3.090000      9.795871
     -3.080000      9.714770
     -3.070000      9.618534
     -3.060000      9.511083
     -3.050000      9.399451
     -3.040000      9.289563
     -3.030000      9.184038
     -3.020000      9.083076
     -3.010000      8.986939
     -3.000000      8.897453
     -2.990000      8.817080
     -2.980000      8.746535
     -2.970000      8.683448
     -2.960000      8.623718
     -2.950000      8.564680
     -2.940000      8.507299
     -2.930000      8.455216
     -2.920000      8.411186
     -2.910000      8.373881
     -2.900000      8.337857
     -2.890000      8.296846
     -2.880000      8.247737
     -2.870000      8.192175
     -2.860000      8.134870
     -2.850000      8.080408
     -2.840000      8.031301
     -2.830000      7.988542
     -2.820000      7.953772
     -2.810000      7.930967
     -2.800000      7.926227
     -2.790000      7.945769
     -2.780000      7.993439
     -2.770000      8.069176
     -2.760000      8.169063
     -2.750000      8.286565
     -2.740000      8.414017
     -2.730000      8.543616
     -2.720000      8.667887
     -2.710000      8.780077
     -2.700000      8.874731
     -2.690000      8.948117
     -2.680000      8.997920
     -2.670000      9.022198
     -2.660000      9.018434
     -2.650000      8.983770
     -2.640000      8.916612
     -2.630000      8.818660
     -2.620000      8.695878
     -2.610000      8.557695
     -2.600000      8.414912
     -2.590000      8.277527
     -2.580000      8.153462
     -2.570000      8.048505
     -2.560000      7.967186
     -2.550000      7.914078
     -2.540000      7.894850
     -2.530000      7.916178
     -2.520000      7.983836
     -2.510000      8.099224
     -2.500000      8.255969
     -2.490000      8.438933
     -2.480000      8.627017
     -2.470000      8.798932
     -2.460000      8.939139
     -2.450000      9.040955
     -2.440000      9.105606
     -2.430000      9.138369
     -2.420000      9.144315
     -2.410000      9.125876
     -2.400000      9.083001
     -2.390000      9.015233
     -2.380000      8.924214
     -2.370000      8.815239
     -2.360000      8.697167
     -2.350000      8.580898
     -2.340000      8.477285
     -2.330000      8.395340
     -2.320000      8.341152
     -2.310000      8.317374
     -2.300000      8.323132
     -2.290000      8.354525
     -2.280000      8.405990
     -2.270000      8.472259
     -2.260000      8.549829
     -2.250000      8.636764
     -2.240000      8.730720
     -2.230000      8.826651
     -2.220000      8.916262
     -2.210000      8.990214
     -2.200000      9.042079
     -2.190000      9.071593
     -2.180000      9.085154
     -2.170000      9.093200
     -2.160000      9.105898
     -2.150000      9.129322
     -2.140000      9.163700
     -2.130000      9.204202
     -2.120000      9.243687
     -2.110000      9.276358
     -2.100000      9.301035
     -2.090000      9.322673
     -2.080000      9.350960
     -2.070000      9.395791
     -2.060000      9.461241
     -2.050000      9.541431
     -2.040000      9.621652
     -2.030000      9.685537
     -2.020000      9.724878
     -2.010000      9.745964
     -2.000000      9.767539
     -1.990000      9.810620
     -1.980000      9.886152
     -1.970000      9.988633
     -1.960000     10.100347
     -1.950000     10.203840
     -1.940000     10.294563
     -1.930000     10.385191
     -1.920000     10.498489
     -1.910000     10.652930
     -1.900000     10.849682
     -1.890000     11.068454
     -1.880000     11.274153
     -1.870000     11.430356
     -1.860000     11.512620
     -1.850000     11.515879
     -1.840000     11.453891
     -1.830000     11.352373
     -1.820000     11.239396
     -1.810000     11.136600
     -1.800000     11.053857
     -1.790000     10.988747
     -1.780000     10.930864
     -1.770000     10.869232
     -1.760000     10.799557
     -1.750000     10.727634
     -1.740000     10.666868
     -1.730000     10.631019
     -1.720000     10.626173
     -1.710000     10.646593
     -1.700000     10.676872
     -1.690000     10.699108
     -1.680000     10.701022
     -1.670000     10.680785
     -1.660000     10.646696
     -1.650000     10.612785
     -1.640000     10.593090
     -1.630000     10.596915
     -1.620000     10.626019
     -1.610000     10.673765
     -1.600000     10.726398
     -1.590000     10.766978
     -1.580000     10.781730
     -1.570000     10.766751
     -1.560000     10.731510
     -1.550000     10.696214
     -1.540000     10.683220
     -1.530000     10.706376
     -1.520000     10.763856
     -1.510000     10.838474
     -1.500000     10.905477
     -1.490000     10.943910
     -1.480000     10.946063
     -1.470000     10.920692
     -1.460000     10.888857
     -1.450000     10.874592
     -1.440000     10.894665
     -1.430000     10.951819
     -1.420000     11.034130
     -1.410000     11.120450
     -1.400000     11.189423
     -1.390000     11.228217
     -1.380000     11.237408
     -1.370000     11.230110
     -1.360000     11.225945
     -1.350000     11.242554
     -1.340000     11.288332
     -1.330000     11.359436
     -1.320000     11.442173
     -1.310000     11.519455
     -1.300000     11.578206
     -1.290000     11.614354
     -1.280000     11.633445
     -1.270000     11.647312
     -1.260000     11.669078
     -1.250000     11.709019
     -1.240000     11.772557
     -1.230000     11.860081
     -1.220000     11.967611
     -1.210000     12.087790
     -1.200000     12.211404
     -1.190000     12.329798
     -1.180000     12.437906
     -1.170000     12.536796
     -1.160000     12.634384
     -1.150000     12.743453
     -1.140000     12.877116
     -1.130000     13.042914
     -1.120000     13.237589
     -1.110000     13.444903
     -1.100000     13.638225
     -1.090000     13.787924
     -1.080000     13.871273
     -1.070000     13.880850
     -1.060000     13.827491
     -1.050000     13.736121
     -1.040000     13.636077
     -1.030000     13.550236
     -1.020000     13.487758
     -1.010000     13.443335
     -1.000000     13.402605
     -0.990000     13.350688
     -0.980000     13.279880
     -0.970000     13.193563
     -0.960000     13.105368
     -0.950000     13.034362
     -0.940000     12.998089
     -0.930000     13.005800
     -0.920000     13.054340
     -0.910000     13.128664
     -0.900000     13.207340
     -0.890000     13.271119
     -0.880000     13.310885
     -0.870000     13.331389
     -0.860000     13.349147
     -0.850000     13.385667
     -0.840000     13.459110
     -0.830000     13.577758
     -0.820000     13.737597
     -0.810000     13.924524
     -0.800000     14.120076
     -0.790000     14.308544
     -0.780000     14.483023
     -0.770000     14.648252
     -0.760000     14.818788
     -0.750000     15.012117
     -0.740000     15.238146
     -0.730000     15.488710
     -0.720000     15.732313
     -0.710000     15.918361
     -0.700000     15.991176
     -0.690000     15.908723
     -0.680000     15.657649
     -0.670000     15.257576
     -0.660000     14.753041
     -0.650000     14.197818
     -0.640000     13.639560
     -0.630000     13.111129
     -0.620000     12.630117
     -0.610000     12.203375
     -0.600000     11.831817
     -0.590000     11.512646
     -0.580000     11.239477
     -0.570000     11.002710
     -0.560000     10.791805
     -0.550000     10.598875
     -0.540000     10.421469
     -0.530000     10.262825
     -0.520000     10.129594
     -0.510000     10.028578
     -0.500000      9.964193
     -0.490000      9.937616
     -0.480000      9.947452
     -0.470000      9.990936
     -0.460000     10.064436
     -0.450000     10.162465
     -0.440000     10.275737
     -0.430000     10.390122
     -0.420000     10.488445
     -0.410000     10.555279
     -0.400000     10.582455
     -0.390000     10.571965
     -0.380000     10.534444
     -0.370000     10.484077
     -0.360000     10.432592
     -0.350000     10.384712
     -0.340000     10.336252
     -0.330000     10.275142
     -0.320000     10.185512
     -0.310000     10.054267
     -0.300000      9.878174
     -0.290000      9.668166
     -0.280000      9.448105
     -0.270000      9.247825
     -0.260000      9.093307
     -0.250000      8.998292
     -0.240000      8.960709
     -0.230000      8.964970
     -0.220000      8.988959
     -0.210000      9.013159
     -0.200000      9.028870
     -0.190000      9.042619
     -0.180000      9.074761
     -0.170000      9.152038
     -0.160000      9.296244
     -0.150000      9.513043
     -0.140000      9.785522
     -0.130000     10.075483
     -0.120000     10.332543
     -0.110000     10.507959
     -0.100000     10.568462
     -0.090000     10.505637
     -0.080000     10.338171
     -0.070000     10.106384
     -0.060000      9.860319
     -0.050000      9.644284
     -0.040000      9.482344
     -0.030000      9.370060
     -0.020000      9.276653
     -0.010000      9.158052
      0.000000      8.976263
      0.010000      8.716894
      0.020000      8.397006
      0.030000      8.059853
      0.040000      7.759234
      0.050000      7.540522
      0.060000      7.426020
      0.070000      7.409489
      0.080000      7.460600
      0.090000      7.536651
      0.100000      7.597010
      0.110000      7.615442
      0.120000      7.586531
      0.130000      7.524648
      0.140000      7.456665
      0.150000      7.411733
      0.160000      7.411942
      0.170000      7.466600
      0.180000      7.571002
      0.190000      7.709184
      0.200000      7.859436
      0.210000      8.001182
      0.220000      8.121531
      0.230000      8.219544
      0.240000      8.306518
      0.250000      8.401817
      0.260000      8.525567
      0.270000      8.691041
      0.280000      8.899716
      0.290000      9.140712
      0.300000      9.394236
      0.310000      9.637090
      0.320000      9.848012
      0.330000     10.011673
      0.340000     10.121539
      0.350000     10.182372
      0.360000     10.212286
      0.370000     10.242764
      0.380000     10.314345
      0.390000     10.466931
      0.400000     10.726568
      0.410000     11.093196
      0.420000     11.534485
      0.430000     11.988976
      0.440000     12.378431
      0.450000     12.626173
      0.460000     12.676394
      0.470000     12.508959
      0.480000     12.145084
      0.490000     11.641392
      0.500000     11.073306
      0.510000     10.512708
      0.520000     10.007772
      0.530000      9.572829
      0.540000      9.192430
      0.550000      8.837385
      0.560000      8.484631
      0.570000      8.130739
      0.580000      7.792326
      0.590000      7.494037
      0.600000      7.251706
      0.610000      7.060642
      0.620000      6.895401
      0.630000      6.720531
      0.640000      6.505901
      0.650000      6.238695
      0.660000      5.926988
      0.670000      5.594712
      0.680000      5.271853
      0.690000      4.984900
      0.700000      4.751160
      0.710000      4.577694
      0.720000      4.463201
      0.730000      4.400353
      0.740000      4.377088
      0.750000      4.377134
      0.760000      4.381339
      0.770000      4.371045
      0.780000      4.333241
      0.790000      4.265473
      0.800000      4.177839
      0.810000      4.090303
      0.820000      4.025551
      0.830000      3.999752
      0.840000      4.014786
      0.850000      4.055368
      0.860000      4.092865
      0.870000      4.094956
      0.880000      4.037702
      0.890000      3.915152
      0.900000      3.742385
      0.910000      3.550587
      0.920000      3.376222
      0.930000      3.248645
      0.940000      3.180808
      0.950000      3.166095
      0.960000      3.181953
      0.970000      3.198696
      0.980000      3.190328
      0.990000      3.143506
      1.000000      3.061429
      1.010000      2.961343
      1.020000      2.866972
      1.030000      2.799225
      1.040000      2.768881
      1.050000      2.773671
      1.060000      2.800131
      1.070000      2.828906
      1.080000      2.841396
      1.090000      2.825601
      1.100000      2.779495
      1.110000      2.711032
      1.120000      2.634942
      1.130000      2.567494
      1.140000      2.521083
      1.150000      2.500400
      1.160000      2.501295
      1.170000      2.512542
      1.180000      2.519853
      1.190000      2.510924
      1.200000      2.479831
      1.210000      2.429153
      1.220000      2.368840
      1.230000      2.312187
      1.240000      2.270641
      1.250000      2.249742
      1.260000      2.247835
      1.270000      2.257609
      1.280000      2.269207
      1.290000      2.273283
      1.300000      2.263067
      1.310000      2.235396
      1.320000      2.191087
      1.330000      2.134781
      1.340000      2.073975
      1.350000      2.017012
      1.360000      1.970369
      1.370000      1.936312
      1.380000      1.912126
      1.390000      1.891511
      1.400000      1.867594
      1.410000      1.836079
      1.420000      1.796978
      1.430000      1.754152
      1.440000      1.713097
      1.450000      1.678356
      1.460000      1.651880
      1.470000      1.632956
      1.480000      1.619230
      1.490000      1.607857
      1.500000      1.596095
      1.510000      1.581381
      1.520000      1.561470
      1.530000      1.535069
      1.540000      1.502746
      1.550000      1.467395
      1.560000      1.433606
      1.570000      1.405955
      1.580000      1.386968
      1.590000      1.375810
      1.600000      1.368447
      1.610000      1.359284
      1.620000      1.343545
      1.630000      1.319278
      1.640000      1.288037
      1.650000      1.253990
      1.660000      1.221995
      1.670000      1.195654
      1.680000      1.176197
      1.690000      1.162465
      1.700000      1.151682
      1.710000      1.140487
      1.720000      1.125881
      1.730000      1.105975
      1.740000      1.080492
      1.750000      1.050927
      1.760000      1.020226
      1.770000      0.991937
      1.780000      0.969008
      1.790000      0.952614
      1.800000      0.941488
      1.810000      0.932184
      1.820000      0.920305
      1.830000      0.902335
      1.840000      0.877237
      1.850000      0.847025
      1.860000      0.815936
      1.870000      0.788568
      1.880000      0.767847
      1.890000      0.753793
      1.900000      0.743620
      1.910000      0.733060
      1.920000      0.718267
      1.930000      0.697431
      1.940000      0.671403
      1.950000      0.643121
      1.960000      0.616183
      1.970000      0.593282
      1.980000      0.575199
      1.990000      0.560731
      2.000000      0.547433
      2.010000      0.532751
      2.020000      0.515020
      2.030000      0.493962
      2.040000      0.470609
      2.050000      0.446784
      2.060000      0.424428
      2.070000      0.404994
      2.080000      0.389074
      2.090000      0.376278
      2.100000      0.365345
      2.110000      0.354451
      2.120000      0.341663
      2.130000      0.325470
      2.140000      0.305242
      2.150000      0.281445
      2.160000      0.255490
      2.170000      0.229228
      2.180000      0.204293
      2.190000      0.181560
      2.200000      0.160984
      2.210000      0.141852
      2.220000      0.123341
      2.230000      0.105084
      2.240000      0.087506
      2.250000      0.071801
      2.260000      0.059599
      2.270000      0.052470
      2.280000      0.051447
      2.290000      0.056712
      2.300000      0.067527
      2.310000      0.082448
      2.320000      0.099762
      2.330000      0.118046
      2.340000      0.136615
      2.350000      0.155680
      2.360000      0.176085
      2.370000      0.198723
      2.380000      0.223874
      2.390000      0.250807
      2.400000      0.277837
      2.410000      0.302865
      2.420000      0.324150
      2.430000      0.340993
      2.440000      0.354031
      2.450000      0.365036
      2.460000      0.376319
      2.470000      0.390009
      2.480000      0.407440
      2.490000      0.428831
      2.500000      0.453253
      2.510000      0.478893
      2.520000      0.503552
      2.530000      0.525332
      2.540000      0.543349
      2.550000      0.558233
      2.560000      0.572124
      2.570000      0.588036
      2.580000      0.608688
      2.590000      0.635204
      2.600000      0.666266
      2.610000      0.698252
      2.620000      0.726538
      2.630000      0.747559
      2.640000      0.760734
      2.650000      0.769209
      2.660000      0.778845
      2.670000      0.795699
      2.680000      0.823094
      2.690000      0.859712
      2.700000      0.899789
      2.710000      0.935527
      2.720000      0.960683
      2.730000      0.973640
      2.740000      0.978399
      2.750000      0.982918
      2.760000      0.995563
      2.770000      1.021326
      2.780000      1.059596
      2.790000      1.104445
      2.800000      1.147234
      2.810000      1.180274
      2.820000      1.199952
      2.830000      1.208072
      2.840000      1.211030
      2.850000      1.217316
      2.860000      1.234345
      2.870000      1.265723
      2.880000      1.309804
      2.890000      1.360049
      2.900000      1.407201
      2.910000      1.442691
      2.920000      1.462119
      2.930000      1.467378
      2.940000      1.466368
      2.950000      1.470151
      2.960000      1.488565
      2.970000      1.526078
      2.980000      1.579696
      2.990000      1.639911
      3.000000      1.694364
      3.010000      1.732742
      3.020000      1.750901
      3.030000      1.752602
      3.040000      1.748263
      3.050000      1.751232
      3.060000      1.772968
      3.070000      1.818838
      3.080000      1.886026
      3.090000      1.964440
      3.100000      2.040388
      3.110000      2.101721
      3.120000      2.142448
      3.130000      2.164968
      3.140000      2.179066
      3.150000      2.198077
      3.160000      2.233686
      3.170000      2.291214
      3.180000      2.367101
      3.190000      2.449610
      3.200000      2.522772
      3.210000      2.572330
      3.220000      2.591528
      3.230000      2.584448
      3.240000      2.565508
      3.250000      2.555257
      3.260000      2.574060
      3.270000      2.635929
      3.280000      2.744641
      3.290000      2.893378
      3.300000      3.067950
      3.310000      3.252404
      3.320000      3.434931
      3.330000      3.611893
      3.340000      3.788480
      3.350000      3.975724
      3.360000      4.184848
      3.370000      4.420860
      3.380000      4.677711
      3.390000      4.937213
      3.400000      5.172945
      3.410000      5.358589
      3.420000      5.478082
      3.430000      5.533536
      3.440000      5.547168
      3.450000      5.555609
      3.460000      5.598107
      3.470000      5.702869
      3.480000      5.876939
      3.490000      6.103956
      3.500000      6.351323
      3.510000      6.584564
      3.520000      6.783515
      3.530000      6.953707
      3.540000      7.127827
      3.550000      7.355991
      3.560000      7.688118
      3.570000      8.154914
      3.580000      8.754449
      3.590000      9.449112
      3.600000     10.173878
      3.610000     10.853006
      3.620000     11.419472
      3.630000     11.830691
      3.640000     12.075599
      3.650000     12.171574
      3.660000     12.153519
      3.670000     12.059944
      3.680000     11.921040
      3.690000     11.751989
      3.700000     11.552473
      3.710000     11.311568
      3.720000     11.016112
      3.730000     10.659778
      3.740000     10.249620
      3.750000      9.807316
      3.760000      9.364260
      3.770000      8.952412
      3.780000      8.594820
      3.790000      8.299712
      3.800000      8.060067
      3.810000      7.857947
      3.820000      7.671268
      3.830000      7.480553
      3.840000      7.274015
      3.850000      7.050082
      3.860000      6.816915
      3.870000      6.589001
      3.880000      6.381767
      3.890000      6.206123
      3.900000      6.065045
      3.910000      5.953343
      3.920000      5.860179
      3.930000      5.772856
      3.940000      5.680369
      3.950000      5.575981
      3.960000      5.458632
      3.970000      5.333002
      3.980000      5.208012
      3.990000      5.093913
      4.000000      4.998892
      4.010000      4.926586
      4.020000      4.875504
      4.030000      4.840422
      4.040000      4.815008
      4.050000      4.794782
      4.060000      4.779835
      4.070000      4.776935
      4.080000      4.800399
      4.090000      4.870801
      4.100000      5.010741
      4.110000      5.237985
      4.120000      5.557880
      4.130000      5.957989
      4.140000      6.407509
      4.150000      6.862225
      4.160000      7.273542
      4.170000      7.598747
      4.180000      7.809616
      4.190000      7.897383
      4.200000      7.873281
      4.210000      7.764788
      4.220000      7.608497
      4.230000      7.441187
      4.240000      7.291227
      4.250000      7.172572
      4.260000      7.083072
      4.270000      7.007644
      4.280000      6.925297
      4.290000      6.817632
      4.300000      6.675903
      4.310000      6.504280
      4.320000      6.318417
      4.330000      6.140183
      4.340000      5.990591
      4.350000      5.883367
      4.360000      5.821116
      4.370000      5.795090
      4.380000      5.788366
      4.390000      5.781168
      4.400000      5.756499
      4.410000      5.704410
      4.420000      5.623948
      4.430000      5.522638
      4.440000      5.413877
      4.450000      5.312885
      4.460000      5.232185
      4.470000      5.177895
      4.480000      5.148114
      4.490000      5.134028
      4.500000      5.123239
      4.510000      5.103956
      4.520000      5.068457
      4.530000      5.014847
      4.540000      4.946932
      4.550000      4.872738
      4.560000      4.802386
      4.570000      4.745945
      4.580000      4.711584
      4.590000      4.704051
      4.600000      4.723382
      4.610000      4.763907
      4.620000      4.814082
      4.630000      4.858002
      4.640000      4.879197
      4.650000      4.866076
      4.660000      4.816885
      4.670000      4.741535
      4.680000      4.658810
      4.690000      4.589877
      4.700000      4.550975
      4.710000      4.548342
      4.720000      4.576954
      4.730000      4.622792
      4.740000      4.667343
      4.750000      4.693034
      4.760000      4.688495
      4.770000      4.652392
      4.780000      4.594305
      4.790000      4.531641
      4.800000      4.483173
      4.810000      4.461712
      4.820000      4.469318
      4.830000      4.497350
      4.840000      4.531117
      4.850000      4.556504
      4.860000      4.565272
      4.870000      4.557011
      4.880000      4.537732
      4.890000      4.516519
      4.900000      4.501832
      4.910000      4.498592
      4.920000      4.506692
      4.930000      4.521349
      4.940000      4.535208
      4.950000      4.541423
      4.960000      4.536229
      4.970000      4.519675
      4.980000      4.494151
      4.990000      4.461648
      5.000000      4.421526
