# EIG2DOS: Utility for SIESTA to obtain the electronic density of states
#
#                                                  Emilio Artacho, Apr. 1999
# --------------------------------------------------------------------------
# Nbands, Nspin, Nk   =    936     1   352
# E_F                 =    -5.7631 eV
# Broadening          =     0.0500 eV
# Number of electrons =   291.1705  291.5481 per cell
#
#        E            N
# --------------------------------------------------------------------------
    -10.000000      5.874709
     -9.980000      5.965566
     -9.960000      6.094079
     -9.940000      6.201810
     -9.920000      6.340402
     -9.900000      6.586425
     -9.880000      6.844172
     -9.860000      6.856588
     -9.840000      6.449008
     -9.820000      5.726294
     -9.800000      5.019443
     -9.780000      4.649279
     -9.760000      4.724821
     -9.740000      5.112644
     -9.720000      5.541004
     -9.700000      5.761611
     -9.680000      5.711094
     -9.660000      5.552099
     -9.640000      5.513037
     -9.620000      5.659664
     -9.600000      5.835890
     -9.580000      5.836976
     -9.560000      5.617343
     -9.540000      5.309810
     -9.520000      5.079806
     -9.500000      4.991796
     -9.480000      4.981465
     -9.460000      4.931371
     -9.440000      4.774446
     -9.420000      4.530901
     -9.400000      4.281338
     -9.380000      4.116088
     -9.360000      4.094463
     -9.340000      4.252900
     -9.320000      4.608188
     -9.300000      5.103297
     -9.280000      5.592416
     -9.260000      5.933137
     -9.240000      6.082310
     -9.220000      6.087243
     -9.200000      6.023464
     -9.180000      5.969426
     -9.160000      5.977237
     -9.140000      6.021279
     -9.120000      6.036601
     -9.100000      6.022593
     -9.080000      6.038207
     -9.060000      6.114618
     -9.040000      6.242341
     -9.020000      6.401309
     -9.000000      6.551127
     -8.980000      6.643166
     -8.960000      6.678273
     -8.940000      6.725504
     -8.920000      6.858072
     -8.900000      7.052659
     -8.880000      7.165908
     -8.860000      7.059733
     -8.840000      6.769320
     -8.820000      6.492172
     -8.800000      6.358624
     -8.780000      6.280069
     -8.760000      6.095877
     -8.740000      5.795477
     -8.720000      5.511930
     -8.700000      5.366179
     -8.680000      5.405319
     -8.660000      5.622945
     -8.640000      5.951740
     -8.620000      6.293765
     -8.600000      6.600980
     -8.580000      6.869627
     -8.560000      7.069765
     -8.540000      7.146785
     -8.520000      7.079151
     -8.500000      6.905373
     -8.480000      6.704174
     -8.460000      6.544802
     -8.440000      6.449298
     -8.420000      6.417696
     -8.400000      6.473550
     -8.380000      6.641042
     -8.360000      6.876467
     -8.340000      7.047494
     -8.320000      7.010534
     -8.300000      6.762094
     -8.280000      6.506252
     -8.260000      6.476838
     -8.240000      6.676006
     -8.220000      6.886383
     -8.200000      6.948988
     -8.180000      6.918633
     -8.160000      6.932026
     -8.140000      7.031380
     -8.120000      7.161140
     -8.100000      7.262210
     -8.080000      7.311409
     -8.060000      7.293223
     -8.040000      7.166782
     -8.020000      6.897988
     -8.000000      6.568405
     -7.980000      6.416200
     -7.960000      6.658616
     -7.940000      7.235277
     -7.920000      7.804228
     -7.900000      8.052780
     -7.880000      7.979594
     -7.860000      7.824887
     -7.840000      7.755048
     -7.820000      7.680902
     -7.800000      7.405732
     -7.780000      6.915198
     -7.760000      6.441030
     -7.740000      6.225971
     -7.720000      6.319724
     -7.700000      6.593083
     -7.680000      6.832881
     -7.660000      6.861728
     -7.640000      6.677453
     -7.620000      6.449307
     -7.600000      6.340017
     -7.580000      6.361035
     -7.560000      6.403456
     -7.540000      6.392390
     -7.520000      6.385993
     -7.500000      6.497453
     -7.480000      6.757552
     -7.460000      7.102331
     -7.440000      7.452226
     -7.420000      7.752284
     -7.400000      7.983778
     -7.380000      8.178141
     -7.360000      8.359876
     -7.340000      8.457735
     -7.320000      8.351885
     -7.300000      8.015063
     -7.280000      7.546590
     -7.260000      7.098860
     -7.240000      6.809798
     -7.220000      6.730945
     -7.200000      6.775803
     -7.180000      6.815638
     -7.160000      6.844261
     -7.140000      6.968004
     -7.120000      7.241791
     -7.100000      7.579689
     -7.080000      7.815649
     -7.060000      7.840155
     -7.040000      7.696015
     -7.020000      7.528657
     -7.000000      7.449345
     -6.980000      7.476868
     -6.960000      7.578389
     -6.940000      7.718441
     -6.920000      7.889224
     -6.900000      8.108009
     -6.880000      8.364574
     -6.860000      8.581072
     -6.840000      8.637417
     -6.820000      8.452264
     -6.800000      8.071693
     -6.780000      7.671173
     -6.760000      7.429740
     -6.740000      7.388380
     -6.720000      7.445172
     -6.700000      7.470819
     -6.680000      7.401658
     -6.660000      7.251833
     -6.640000      7.086424
     -6.620000      7.002634
     -6.600000      7.111412
     -6.580000      7.450987
     -6.560000      7.869265
     -6.540000      8.063952
     -6.520000      7.833349
     -6.500000      7.300045
     -6.480000      6.825916
     -6.460000      6.693673
     -6.440000      6.948005
     -6.420000      7.524023
     -6.400000      8.392445
     -6.380000      9.550524
     -6.360000     10.941174
     -6.340000     12.412548
     -6.320000     13.762839
     -6.300000     14.796879
     -6.280000     15.296736
     -6.260000     15.008886
     -6.240000     13.802409
     -6.220000     11.908396
     -6.200000      9.962457
     -6.180000      8.703155
     -6.160000      8.540046
     -6.140000      9.333645
     -6.120000     10.518737
     -6.100000     11.482951
     -6.080000     11.941272
     -6.060000     12.008298
     -6.040000     11.969344
     -6.020000     12.049045
     -6.000000     12.313342
     -5.980000     12.613339
     -5.960000     12.651279
     -5.940000     12.290795
     -5.920000     11.773717
     -5.900000     11.441880
     -5.880000     11.325734
     -5.860000     11.225432
     -5.840000     11.134012
     -5.820000     11.379183
     -5.800000     12.288798
     -5.780000     13.778424
     -5.760000     15.337872
     -5.740000     16.387693
     -5.720000     16.611343
     -5.700000     16.082525
     -5.680000     15.199421
     -5.660000     14.423647
     -5.640000     13.985980
     -5.620000     13.832681
     -5.600000     13.832539
     -5.580000     13.944502
     -5.560000     14.130434
     -5.540000     14.194971
     -5.520000     13.841364
     -5.500000     12.944774
     -5.480000     11.772677
     -5.460000     10.881624
     -5.440000     10.731267
     -5.420000     11.383025
     -5.400000     12.557938
     -5.380000     13.922942
     -5.360000     15.268937
     -5.340000     16.417991
     -5.320000     17.077414
     -5.300000     17.016808
     -5.280000     16.457825
     -5.260000     16.074850
     -5.240000     16.442493
     -5.220000     17.509683
     -5.200000     18.649729
     -5.180000     19.207733
     -5.160000     18.966144
     -5.140000     18.091029
     -5.120000     16.856491
     -5.100000     15.601795
     -5.080000     14.686758
     -5.060000     14.291338
     -5.040000     14.426273
     -5.020000     15.023499
     -5.000000     15.777408
     -4.980000     16.143888
     -4.960000     15.794397
     -4.940000     14.939917
     -4.920000     14.018679
     -4.900000     13.207062
     -4.880000     12.428445
     -4.860000     11.703747
     -4.840000     11.267823
     -4.820000     11.370179
     -4.800000     12.057847
     -4.780000     13.110822
     -4.760000     14.152138
     -4.740000     14.878034
     -4.720000     15.225609
     -4.700000     15.360721
     -4.680000     15.547856
     -4.660000     15.922750
     -4.640000     16.293125
     -4.620000     16.305813
     -4.600000     15.897396
     -4.580000     15.408738
     -4.560000     15.177196
     -4.540000     15.180067
     -4.520000     15.165869
     -4.500000     15.047011
     -4.480000     15.057150
     -4.460000     15.408192
     -4.440000     15.818420
     -4.420000     15.713030
     -4.400000     15.023162
     -4.380000     14.377965
     -4.360000     14.299665
     -4.340000     14.603701
     -4.320000     14.831911
     -4.300000     14.893872
     -4.280000     14.937127
     -4.260000     14.930520
     -4.240000     14.819736
     -4.220000     14.821290
     -4.200000     15.111020
     -4.180000     15.401059
     -4.160000     15.201836
     -4.140000     14.397251
     -4.120000     13.348797
     -4.100000     12.600923
     -4.080000     12.544909
     -4.060000     13.105806
     -4.040000     13.768794
     -4.020000     14.135032
     -4.000000     14.311935
     -3.980000     14.542047
     -3.960000     14.728244
     -3.940000     14.662609
     -3.920000     14.467737
     -3.900000     14.434053
     -3.880000     14.570020
     -3.860000     14.621897
     -3.840000     14.445410
     -3.820000     14.131807
     -3.800000     13.843122
     -3.780000     13.629158
     -3.760000     13.356919
     -3.740000     12.877984
     -3.720000     12.298129
     -3.700000     11.938020
     -3.680000     12.003246
     -3.660000     12.394381
     -3.640000     12.830200
     -3.620000     13.100665
     -3.600000     13.185022
     -3.580000     13.111947
     -3.560000     12.766276
     -3.540000     11.991714
     -3.520000     10.921282
     -3.500000      9.993099
     -3.480000      9.520590
     -3.460000      9.420761
     -3.440000      9.425507
     -3.420000      9.396398
     -3.400000      9.401184
     -3.380000      9.584560
     -3.360000      9.986728
     -3.340000     10.458931
     -3.320000     10.770594
     -3.300000     10.836026
     -3.280000     10.797414
     -3.260000     10.782717
     -3.240000     10.625729
     -3.220000     10.028716
     -3.200000      9.008266
     -3.180000      7.958710
     -3.160000      7.265053
     -3.140000      7.033381
     -3.120000      7.188678
     -3.100000      7.689454
     -3.080000      8.567306
     -3.060000      9.755391
     -3.040000     10.972579
     -3.020000     11.903364
     -3.000000     12.455155
     -2.980000     12.678217
     -2.960000     12.514525
     -2.940000     11.897639
     -2.920000     11.043579
     -2.900000     10.361711
     -2.880000     10.086533
     -2.860000     10.169152
     -2.840000     10.510189
     -2.820000     11.155015
     -2.800000     12.158263
     -2.780000     13.241578
     -2.760000     13.737708
     -2.740000     13.134603
     -2.720000     11.699488
     -2.700000     10.321817
     -2.680000      9.706003
     -2.660000      9.899752
     -2.640000     10.514305
     -2.620000     11.088757
     -2.600000     11.217569
     -2.580000     10.639819
     -2.560000      9.409207
     -2.540000      7.923174
     -2.520000      6.725566
     -2.500000      6.218174
     -2.480000      6.436768
     -2.460000      7.089960
     -2.440000      7.881516
     -2.420000      8.748539
     -2.400000      9.740387
     -2.380000     10.784291
     -2.360000     11.637650
     -2.340000     12.001076
     -2.320000     11.722558
     -2.300000     11.000107
     -2.280000     10.311498
     -2.260000     10.023798
     -2.240000     10.129645
     -2.220000     10.397659
     -2.200000     10.619497
     -2.180000     10.666168
     -2.160000     10.492864
     -2.140000     10.174881
     -2.120000      9.836040
     -2.100000      9.492634
     -2.080000      9.020409
     -2.060000      8.328518
     -2.040000      7.591296
     -2.020000      7.258552
     -2.000000      7.697250
     -1.980000      8.754832
     -1.960000      9.792991
     -1.940000     10.253757
     -1.920000     10.115279
     -1.900000      9.759551
     -1.880000      9.561436
     -1.860000      9.712843
     -1.840000     10.263814
     -1.820000     11.055420
     -1.800000     11.623410
     -1.780000     11.501049
     -1.760000     10.786251
     -1.740000     10.165362
     -1.720000     10.197474
     -1.700000     10.761874
     -1.680000     11.352809
     -1.660000     11.721204
     -1.640000     11.990887
     -1.620000     12.243711
     -1.600000     12.258686
     -1.580000     11.703666
     -1.560000     10.497056
     -1.540000      9.009393
     -1.520000      7.925473
     -1.500000      7.810153
     -1.480000      8.738942
     -1.460000     10.310686
     -1.440000     11.956661
     -1.420000     13.219764
     -1.400000     13.802036
     -1.380000     13.539312
     -1.360000     12.504496
     -1.340000     11.043421
     -1.320000      9.537475
     -1.300000      8.172748
     -1.280000      7.000021
     -1.260000      6.070201
     -1.240000      5.416952
     -1.220000      5.031042
     -1.200000      4.917074
     -1.180000      5.082115
     -1.160000      5.457432
     -1.140000      5.958037
     -1.120000      6.663676
     -1.100000      7.795305
     -1.080000      9.339273
     -1.060000     10.772029
     -1.040000     11.423380
     -1.020000     11.100159
     -1.000000     10.156492
     -0.980000      9.120953
     -0.960000      8.488041
     -0.940000      8.660957
     -0.920000      9.792834
     -0.900000     11.612826
     -0.880000     13.471878
     -0.860000     14.743617
     -0.840000     15.267602
     -0.820000     15.270964
     -0.800000     14.927324
     -0.780000     14.216885
     -0.760000     13.136401
     -0.740000     11.828251
     -0.720000     10.486391
     -0.700000      9.226299
     -0.680000      8.072374
     -0.660000      7.031014
     -0.640000      6.132859
     -0.620000      5.398883
     -0.600000      4.811076
     -0.580000      4.349902
     -0.560000      4.038103
     -0.540000      3.924473
     -0.520000      4.033583
     -0.500000      4.346139
     -0.480000      4.813744
     -0.460000      5.362167
     -0.440000      5.870951
     -0.420000      6.179701
     -0.400000      6.188871
     -0.380000      5.993938
     -0.360000      5.854036
     -0.340000      5.964561
     -0.320000      6.274497
     -0.300000      6.533420
     -0.280000      6.509415
     -0.260000      6.188380
     -0.240000      5.774278
     -0.220000      5.488688
     -0.200000      5.400647
     -0.180000      5.452278
     -0.160000      5.557235
     -0.140000      5.629188
     -0.120000      5.595900
     -0.100000      5.438380
     -0.080000      5.192813
     -0.060000      4.924149
     -0.040000      4.722228
     -0.020000      4.673737
      0.000000      4.764249
      0.020000      4.817686
      0.040000      4.610115
      0.060000      4.092576
      0.080000      3.471926
      0.100000      3.022515
      0.120000      2.847972
      0.140000      2.872932
      0.160000      2.995122
      0.180000      3.162069
      0.200000      3.340855
      0.220000      3.460668
      0.240000      3.404174
      0.260000      3.134379
      0.280000      2.833034
      0.300000      2.789310
      0.320000      3.106301
      0.340000      3.564100
      0.360000      3.792469
      0.380000      3.589957
      0.400000      3.089259
      0.420000      2.620037
      0.440000      2.431901
      0.460000      2.546208
      0.480000      2.815262
      0.500000      3.074601
      0.520000      3.246627
      0.540000      3.328144
      0.560000      3.320575
      0.580000      3.217475
      0.600000      3.040743
      0.620000      2.833258
      0.640000      2.623129
      0.660000      2.425143
      0.680000      2.257402
      0.700000      2.132571
      0.720000      2.041344
      0.740000      1.960609
      0.760000      1.881250
      0.780000      1.811969
      0.800000      1.751994
      0.820000      1.688449
      0.840000      1.622639
      0.860000      1.565448
      0.880000      1.513076
      0.900000      1.455788
      0.920000      1.397553
      0.940000      1.346225
      0.960000      1.298068
      0.980000      1.246192
      1.000000      1.192432
      1.020000      1.142982
      1.040000      1.098032
      1.060000      1.051026
      1.080000      0.999831
      1.100000      0.951251
      1.120000      0.908494
      1.140000      0.864378
      1.160000      0.815282
      1.180000      0.768558
      1.200000      0.726839
      1.220000      0.682789
      1.240000      0.635785
      1.260000      0.592507
      1.280000      0.550855
      1.300000      0.505276
      1.320000      0.461449
      1.340000      0.423814
      1.360000      0.382836
      1.380000      0.334945
      1.400000      0.292773
      1.420000      0.258512
      1.440000      0.215453
      1.460000      0.160163
      1.480000      0.114005
      1.500000      0.093697
      1.520000      0.095230
      1.540000      0.110208
      1.560000      0.137200
      1.580000      0.170750
      1.600000      0.195129
      1.620000      0.203580
      1.640000      0.212615
      1.660000      0.238025
      1.680000      0.270464
      1.700000      0.297083
      1.720000      0.330332
      1.740000      0.389248
      1.760000      0.464470
      1.780000      0.529014
      1.800000      0.577601
      1.820000      0.627930
      1.840000      0.685265
      1.860000      0.735299
      1.880000      0.775137
      1.900000      0.820575
      1.920000      0.876905
      1.940000      0.930695
      1.960000      0.975503
      1.980000      1.022871
      2.000000      1.080568
      2.020000      1.138556
      2.040000      1.188502
      2.060000      1.240225
      2.080000      1.302359
      2.100000      1.364730
      2.120000      1.420312
      2.140000      1.480945
      2.160000      1.551009
      2.180000      1.618488
      2.200000      1.684392
      2.220000      1.760806
      2.240000      1.842900
      2.260000      1.923309
      2.280000      2.013399
      2.300000      2.122439
      2.320000      2.250919
      2.340000      2.414373
      2.360000      2.640330
      2.380000      2.945726
      2.400000      3.328898
      2.420000      3.746853
      2.440000      4.075059
      2.460000      4.145072
      2.480000      3.894062
      2.500000      3.472309
      2.520000      3.155342
      2.540000      3.121744
      2.560000      3.320757
      2.580000      3.585190
      2.600000      3.849655
      2.620000      4.172368
      2.640000      4.555357
      2.660000      4.877071
      2.680000      5.037372
      2.700000      5.052367
      2.720000      4.970269
      2.740000      4.813181
      2.760000      4.651332
      2.780000      4.627424
      2.800000      4.836593
      2.820000      5.236084
      2.840000      5.710672
      2.860000      6.195888
      2.880000      6.718586
      2.900000      7.308061
      2.920000      7.868057
      2.940000      8.203187
      2.960000      8.244026
      2.980000      8.191481
      3.000000      8.314635
      3.020000      8.611926
      3.040000      8.805309
      3.060000      8.704531
      3.080000      8.433868
      3.100000      8.216041
      3.120000      8.058393
      3.140000      7.789846
      3.160000      7.362827
      3.180000      6.964722
      3.200000      6.799176
      3.220000      6.867438
      3.240000      6.991930
      3.260000      6.975664
      3.280000      6.729773
      3.300000      6.317065
      3.320000      5.895566
      3.340000      5.587384
      3.360000      5.412798
      3.380000      5.368593
      3.400000      5.492775
      3.420000      5.790561
      3.440000      6.144042
      3.460000      6.338816
      3.480000      6.193168
      3.500000      5.695409
      3.520000      5.046237
      3.540000      4.580754
      3.560000      4.611023
      3.580000      5.229238
      3.600000      6.194926
      3.620000      7.075586
      3.640000      7.560739
      3.660000      7.631398
      3.680000      7.438954
      3.700000      7.096915
      3.720000      6.646721
      3.740000      6.166970
      3.760000      5.785056
      3.780000      5.547285
      3.800000      5.384467
      3.820000      5.239163
      3.840000      5.116518
      3.860000      5.021127
      3.880000      4.972636
      3.900000      5.051839
      3.920000      5.316002
      3.940000      5.682848
      3.960000      5.972413
      3.980000      6.074524
      4.000000      6.041666
      4.020000      6.004233
      4.040000      6.018220
      4.060000      6.013614
      4.080000      5.889918
      4.100000      5.650049
      4.120000      5.404032
      4.140000      5.246129
      4.160000      5.191116
      4.180000      5.206358
      4.200000      5.218567
      4.220000      5.110818
      4.240000      4.795780
      4.260000      4.300495
      4.280000      3.745494
      4.300000      3.252231
      4.320000      2.904779
      4.340000      2.776061
      4.360000      2.926913
      4.380000      3.350166
      4.400000      3.926061
      4.420000      4.465265
      4.440000      4.821404
      4.460000      4.962254
      4.480000      4.950324
      4.500000      4.880695
      4.520000      4.819350
      4.540000      4.763589
      4.560000      4.651192
      4.580000      4.434806
      4.600000      4.164401
      4.620000      3.972249
      4.640000      3.971201
      4.660000      4.179836
      4.680000      4.515985
      4.700000      4.842080
      4.720000      5.039172
      4.740000      5.052904
      4.760000      4.902283
      4.780000      4.687764
      4.800000      4.567965
      4.820000      4.668706
      4.840000      4.981845
      4.860000      5.342444
      4.880000      5.527783
      4.900000      5.427370
      4.920000      5.114165
      4.940000      4.735939
      4.960000      4.382403
      4.980000      4.069721
      5.000000      3.807673
      5.020000      3.654805
      5.040000      3.679867
      5.060000      3.858453
      5.080000      4.066779
      5.100000      4.206163
      5.120000      4.275455
      5.140000      4.299616
      5.160000      4.255545
      5.180000      4.116120
      5.200000      3.918479
      5.220000      3.724185
      5.240000      3.543592
      5.260000      3.365945
      5.280000      3.235735
      5.300000      3.231287
      5.320000      3.379151
      5.340000      3.623888
      5.360000      3.864392
      5.380000      4.019190
      5.400000      4.078423
      5.420000      4.081825
      5.440000      4.071597
      5.460000      4.096963
      5.480000      4.189904
      5.500000      4.298386
      5.520000      4.329861
      5.540000      4.286666
      5.560000      4.283479
      5.580000      4.406217
      5.600000      4.601516
      5.620000      4.728522
      5.640000      4.689972
      5.660000      4.495778
      5.680000      4.232599
      5.700000      3.996479
      5.720000      3.827910
      5.740000      3.694313
      5.760000      3.557063
      5.780000      3.449823
      5.800000      3.442121
      5.820000      3.518198
      5.840000      3.564092
      5.860000      3.512547
      5.880000      3.433235
      5.900000      3.434568
      5.920000      3.528448
      5.940000      3.632217
      5.960000      3.668946
      5.980000      3.624687
      6.000000      3.524599
      6.020000      3.410015
      6.040000      3.338124
      6.060000      3.333136
      6.080000      3.337252
      6.100000      3.274389
      6.120000      3.144250
      6.140000      3.004332
      6.160000      2.913627
      6.180000      2.952441
      6.200000      3.222691
      6.220000      3.736580
      6.240000      4.320070
      6.260000      4.679126
      6.280000      4.606756
      6.300000      4.159763
      6.320000      3.614643
      6.340000      3.228327
      6.360000      3.063749
      6.380000      3.045160
      6.400000      3.114127
      6.420000      3.266866
      6.440000      3.464956
      6.460000      3.595363
      6.480000      3.562496
      6.500000      3.395786
      6.520000      3.228801
      6.540000      3.171664
      6.560000      3.213408
      6.580000      3.244871
      6.600000      3.185193
      6.620000      3.071929
      6.640000      2.996977
      6.660000      2.987724
      6.680000      2.999046
      6.700000      2.999301
      6.720000      3.016513
      6.740000      3.087611
      6.760000      3.189591
      6.780000      3.253329
      6.800000      3.232194
      6.820000      3.135847
      6.840000      3.017321
      6.860000      2.926880
      6.880000      2.859515
      6.900000      2.775380
      6.920000      2.677664
      6.940000      2.616529
      6.960000      2.609722
      6.980000      2.614787
      7.000000      2.595407
      7.020000      2.572508
      7.040000      2.584609
      7.060000      2.633995
      7.080000      2.716378
      7.100000      2.876789
      7.120000      3.165233
      7.140000      3.527387
      7.160000      3.803255
      7.180000      3.868606
      7.200000      3.744866
      7.220000      3.559792
      7.240000      3.439921
      7.260000      3.440170
      7.280000      3.534377
      7.300000      3.666129
      7.320000      3.803344
      7.340000      3.908972
      7.360000      3.883837
      7.380000      3.622849
      7.400000      3.152461
      7.420000      2.659875
      7.440000      2.343237
      7.460000      2.248681
      7.480000      2.276530
      7.500000      2.306904
      7.520000      2.281994
      7.540000      2.206227
      7.560000      2.106633
      7.580000      1.987937
      7.600000      1.836066
      7.620000      1.674797
      7.640000      1.581178
      7.660000      1.618693
      7.680000      1.774146
      7.700000      1.967811
      7.720000      2.122540
      7.740000      2.221626
      7.760000      2.277531
      7.780000      2.267204
      7.800000      2.165757
      7.820000      2.023516
      7.840000      1.924557
      7.860000      1.878820
      7.880000      1.830106
      7.900000      1.758993
      7.920000      1.725328
      7.940000      1.819985
      7.960000      2.078575
      7.980000      2.414993
      8.000000      2.669817
      8.020000      2.766166
      8.040000      2.785689
      8.060000      2.860710
      8.080000      3.033763
      8.100000      3.256919
      8.120000      3.483994
      8.140000      3.706755
      8.160000      3.903683
      8.180000      4.003453
      8.200000      3.940679
      8.220000      3.726213
      8.240000      3.433693
      8.260000      3.150612
      8.280000      2.947332
      8.300000      2.835364
      8.320000      2.760775
      8.340000      2.681671
      8.360000      2.615119
      8.380000      2.579327
      8.400000      2.547503
      8.420000      2.491370
      8.440000      2.423420
      8.460000      2.364716
      8.480000      2.310834
      8.500000      2.257490
      8.520000      2.220823
      8.540000      2.219011
      8.560000      2.296676
      8.580000      2.587447
      8.600000      3.237177
      8.620000      4.166127
      8.640000      5.019503
      8.660000      5.488212
      8.680000      5.583489
      8.700000      5.541918
      8.720000      5.608152
      8.740000      5.891092
      8.760000      6.257349
      8.780000      6.409241
      8.800000      6.190953
      8.820000      5.737622
      8.840000      5.287134
      8.860000      4.999223
      8.880000      4.952612
      8.900000      5.175274
      8.920000      5.684816
      8.940000      6.466637
      8.960000      7.319028
      8.980000      7.887656
      9.000000      8.017272
      9.020000      7.914397
      9.040000      7.944538
      9.060000      8.498543
      9.080000      9.954397
      9.100000     12.398257
      9.120000     15.307039
      9.140000     17.701123
      9.160000     18.793196
      9.180000     18.581805
      9.200000     17.780352
      9.220000     17.143536
      9.240000     16.914789
      9.260000     16.841684
      9.280000     16.586918
      9.300000     16.180085
      9.320000     16.101068
      9.340000     16.792045
      9.360000     18.083048
      9.380000     19.290584
      9.400000     19.970525
      9.420000     20.333260
      9.440000     20.737469
      9.460000     21.125630
      9.480000     21.240677
      9.500000     21.026308
      9.520000     20.553521
      9.540000     19.889669
      9.560000     19.231797
      9.580000     18.911964
      9.600000     19.100378
      9.620000     19.597025
      9.640000     19.957638
      9.660000     19.773570
      9.680000     18.930958
      9.700000     17.724916
      9.720000     16.652254
      9.740000     16.058985
      9.760000     16.007409
      9.780000     16.303110
      9.800000     16.585149
      9.820000     16.606622
      9.840000     16.445960
      9.860000     16.336916
      9.880000     16.437767
      9.900000     16.829851
      9.920000     17.507342
      9.940000     18.291723
      9.960000     18.908865
      9.980000     19.156568
     10.000000     19.004680
