# EIG2DOS: Utility for SIESTA to obtain the electronic density of states
#
#                                                  Emilio Artacho, Apr. 1999
# --------------------------------------------------------------------------
# Nbands, Nspin, Nk   =    936     1   352
# E_F                 =    -5.3042 eV
# Broadening          =     0.0500 eV
# Number of electrons =   298.4773  298.8814 per cell
#
#        E            N
# --------------------------------------------------------------------------
    -10.000000      6.204522
     -9.980000      5.967707
     -9.960000      5.814039
     -9.940000      5.801612
     -9.920000      5.889318
     -9.900000      6.034907
     -9.880000      6.219350
     -9.860000      6.406975
     -9.840000      6.508304
     -9.820000      6.422818
     -9.800000      6.144025
     -9.780000      5.811644
     -9.760000      5.613367
     -9.740000      5.594654
     -9.720000      5.616675
     -9.700000      5.547650
     -9.680000      5.433814
     -9.660000      5.425872
     -9.640000      5.559347
     -9.620000      5.679022
     -9.600000      5.617605
     -9.580000      5.394366
     -9.560000      5.203591
     -9.540000      5.239129
     -9.520000      5.529946
     -9.500000      5.929934
     -9.480000      6.268171
     -9.460000      6.474809
     -9.440000      6.542859
     -9.420000      6.457897
     -9.400000      6.256810
     -9.380000      6.097093
     -9.360000      6.141307
     -9.340000      6.381964
     -9.320000      6.675055
     -9.300000      6.913210
     -9.280000      7.091621
     -9.260000      7.228199
     -9.240000      7.266577
     -9.220000      7.123608
     -9.200000      6.854612
     -9.180000      6.644750
     -9.160000      6.583898
     -9.140000      6.593150
     -9.120000      6.600941
     -9.100000      6.624699
     -9.080000      6.665503
     -9.060000      6.687497
     -9.040000      6.710850
     -9.020000      6.793058
     -9.000000      6.900541
     -8.980000      6.896958
     -8.960000      6.699509
     -8.940000      6.376814
     -8.920000      6.061322
     -8.900000      5.836745
     -8.880000      5.736765
     -8.860000      5.789815
     -8.840000      6.027221
     -8.820000      6.445807
     -8.800000      6.952717
     -8.780000      7.385951
     -8.760000      7.616956
     -8.740000      7.602612
     -8.720000      7.395268
     -8.700000      7.147630
     -8.680000      7.006642
     -8.660000      6.994531
     -8.640000      7.078558
     -8.620000      7.268925
     -8.600000      7.532521
     -8.580000      7.712285
     -8.560000      7.673919
     -8.540000      7.477097
     -8.520000      7.285726
     -8.500000      7.172139
     -8.480000      7.113281
     -8.460000      7.090279
     -8.440000      7.074101
     -8.420000      6.983793
     -8.400000      6.766435
     -8.380000      6.483459
     -8.360000      6.258134
     -8.340000      6.170796
     -8.320000      6.241822
     -8.300000      6.471373
     -8.280000      6.810929
     -8.260000      7.111111
     -8.240000      7.233426
     -8.220000      7.217021
     -8.200000      7.186559
     -8.180000      7.143511
     -8.160000      7.026066
     -8.140000      6.908990
     -8.120000      6.952431
     -8.100000      7.172986
     -8.080000      7.413764
     -8.060000      7.539946
     -8.040000      7.555582
     -8.020000      7.524017
     -8.000000      7.448428
     -7.980000      7.263196
     -7.960000      6.946849
     -7.940000      6.623575
     -7.920000      6.492233
     -7.900000      6.620036
     -7.880000      6.844847
     -7.860000      6.938893
     -7.840000      6.856510
     -7.820000      6.756607
     -7.800000      6.799506
     -7.780000      6.983908
     -7.760000      7.147346
     -7.740000      7.101231
     -7.720000      6.829284
     -7.700000      6.554324
     -7.680000      6.544740
     -7.660000      6.849136
     -7.640000      7.275531
     -7.620000      7.626697
     -7.600000      7.849979
     -7.580000      7.955201
     -7.560000      7.936066
     -7.540000      7.829512
     -7.520000      7.787585
     -7.500000      7.997703
     -7.480000      8.443015
     -7.460000      8.786667
     -7.440000      8.660902
     -7.420000      8.094536
     -7.400000      7.504615
     -7.380000      7.253107
     -7.360000      7.339118
     -7.340000      7.525930
     -7.320000      7.663620
     -7.300000      7.798436
     -7.280000      7.968942
     -7.260000      8.046628
     -7.240000      7.878585
     -7.220000      7.487592
     -7.200000      7.065224
     -7.180000      6.850119
     -7.160000      6.993135
     -7.140000      7.411806
     -7.120000      7.809073
     -7.100000      7.933164
     -7.080000      7.793748
     -7.060000      7.613526
     -7.040000      7.615125
     -7.020000      7.847000
     -7.000000      8.177097
     -6.980000      8.427122
     -6.960000      8.496817
     -6.940000      8.404837
     -6.920000      8.283948
     -6.900000      8.315987
     -6.880000      8.618428
     -6.860000      9.242848
     -6.840000     10.267346
     -6.820000     11.671397
     -6.800000     13.104181
     -6.780000     14.121852
     -6.760000     14.698791
     -6.740000     15.104469
     -6.720000     15.251388
     -6.700000     14.675662
     -6.680000     13.309389
     -6.660000     11.804962
     -6.640000     10.884795
     -6.620000     10.718333
     -6.600000     11.096438
     -6.580000     11.869037
     -6.560000     12.945209
     -6.540000     14.028795
     -6.520000     14.637812
     -6.500000     14.492602
     -6.480000     13.791044
     -6.460000     12.995733
     -6.440000     12.441210
     -6.420000     12.243900
     -6.400000     12.446056
     -6.380000     13.052365
     -6.360000     13.938640
     -6.340000     14.870821
     -6.320000     15.663405
     -6.300000     16.210532
     -6.280000     16.384695
     -6.260000     16.125805
     -6.240000     15.582128
     -6.220000     14.957304
     -6.200000     14.358625
     -6.180000     13.911777
     -6.160000     13.808739
     -6.140000     14.149827
     -6.120000     14.828384
     -6.100000     15.550564
     -6.080000     15.924814
     -6.060000     15.616349
     -6.040000     14.593028
     -6.020000     13.336091
     -6.000000     12.652854
     -5.980000     13.024266
     -5.960000     14.168754
     -5.940000     15.400936
     -5.920000     16.300512
     -5.900000     16.864734
     -5.880000     17.162129
     -5.860000     17.104015
     -5.840000     16.644607
     -5.820000     16.092025
     -5.800000     15.961096
     -5.780000     16.404730
     -5.760000     17.013689
     -5.740000     17.362865
     -5.720000     17.551920
     -5.700000     17.947258
     -5.680000     18.523938
     -5.660000     18.774837
     -5.640000     18.313513
     -5.620000     17.301466
     -5.600000     16.152801
     -5.580000     15.145386
     -5.560000     14.535088
     -5.540000     14.679224
     -5.520000     15.675038
     -5.500000     16.977402
     -5.480000     17.680506
     -5.460000     17.318558
     -5.440000     16.237578
     -5.420000     15.101207
     -5.400000     14.279224
     -5.380000     13.796714
     -5.360000     13.591710
     -5.340000     13.655235
     -5.320000     14.046686
     -5.300000     14.829062
     -5.280000     15.839348
     -5.260000     16.587903
     -5.240000     16.693586
     -5.220000     16.374897
     -5.200000     16.200572
     -5.180000     16.422485
     -5.160000     16.840024
     -5.140000     17.269169
     -5.120000     17.802842
     -5.100000     18.418230
     -5.080000     18.613591
     -5.060000     17.864123
     -5.040000     16.311253
     -5.020000     14.593983
     -5.000000     13.160433
     -4.980000     12.126643
     -4.960000     11.570383
     -4.940000     11.527022
     -4.920000     11.811556
     -4.900000     12.127964
     -4.880000     12.300983
     -4.860000     12.326017
     -4.840000     12.311975
     -4.820000     12.383691
     -4.800000     12.539797
     -4.780000     12.655347
     -4.760000     12.644774
     -4.740000     12.501204
     -4.720000     12.220531
     -4.700000     11.852942
     -4.680000     11.564926
     -4.660000     11.523114
     -4.640000     11.791953
     -4.620000     12.335408
     -4.600000     12.949840
     -4.580000     13.287094
     -4.560000     13.193792
     -4.540000     12.928693
     -4.520000     12.824187
     -4.500000     12.867837
     -4.480000     12.782760
     -4.460000     12.372062
     -4.440000     11.675946
     -4.420000     10.945070
     -4.400000     10.557968
     -4.380000     10.777892
     -4.360000     11.440765
     -4.340000     12.028374
     -4.320000     12.173223
     -4.300000     12.028686
     -4.280000     12.100799
     -4.260000     12.715215
     -4.240000     13.700776
     -4.220000     14.675872
     -4.200000     15.406623
     -4.180000     15.624798
     -4.160000     14.927219
     -4.140000     13.292803
     -4.120000     11.337525
     -4.100000      9.794106
     -4.080000      9.017161
     -4.060000      8.973219
     -4.040000      9.390195
     -4.020000      9.938585
     -4.000000     10.482088
     -3.980000     11.148420
     -3.960000     12.024278
     -3.940000     12.815176
     -3.920000     13.003640
     -3.900000     12.402334
     -3.880000     11.384498
     -3.860000     10.488559
     -3.840000      9.972678
     -3.820000      9.841254
     -3.800000     10.057895
     -3.780000     10.565561
     -3.760000     11.269660
     -3.740000     12.103851
     -3.720000     12.992047
     -3.700000     13.738341
     -3.680000     14.065011
     -3.660000     13.777354
     -3.640000     12.904464
     -3.620000     11.717680
     -3.600000     10.589556
     -3.580000      9.819076
     -3.560000      9.567852
     -3.540000      9.853142
     -3.520000     10.489190
     -3.500000     11.059577
     -3.480000     11.135181
     -3.460000     10.641692
     -3.440000      9.906973
     -3.420000      9.300443
     -3.400000      8.954266
     -3.380000      8.824831
     -3.360000      8.883422
     -3.340000      9.211041
     -3.320000      9.875669
     -3.300000     10.680185
     -3.280000     11.212700
     -3.260000     11.277013
     -3.240000     11.060110
     -3.220000     10.819694
     -3.200000     10.671177
     -3.180000     10.668672
     -3.160000     10.870261
     -3.140000     11.306921
     -3.120000     11.884158
     -3.100000     12.272454
     -3.080000     12.070033
     -3.060000     11.218828
     -3.040000     10.090033
     -3.020000      9.056050
     -3.000000      8.176213
     -2.980000      7.383811
     -2.960000      6.750359
     -2.940000      6.380576
     -2.920000      6.162577
     -2.900000      5.843873
     -2.880000      5.360451
     -2.860000      4.929239
     -2.840000      4.802747
     -2.820000      5.063779
     -2.800000      5.645655
     -2.780000      6.401792
     -2.760000      7.150306
     -2.740000      7.785435
     -2.720000      8.346853
     -2.700000      8.917639
     -2.680000      9.557385
     -2.660000     10.362104
     -2.640000     11.362577
     -2.620000     12.259183
     -2.600000     12.478977
     -2.580000     11.692083
     -2.560000     10.205865
     -2.540000      8.786802
     -2.520000      8.169269
     -2.500000      8.627557
     -2.480000      9.773964
     -2.460000     10.832833
     -2.440000     11.312489
     -2.420000     11.327880
     -2.400000     11.181410
     -2.380000     10.863354
     -2.360000     10.178812
     -2.340000      9.201664
     -2.320000      8.303900
     -2.300000      7.726974
     -2.280000      7.345198
     -2.260000      6.934229
     -2.240000      6.534096
     -2.220000      6.428318
     -2.200000      6.830747
     -2.180000      7.715503
     -2.160000      8.893688
     -2.140000     10.083582
     -2.120000     10.933666
     -2.100000     11.146363
     -2.080000     10.670130
     -2.060000      9.837010
     -2.040000      9.248374
     -2.020000      9.322411
     -2.000000      9.947388
     -1.980000     10.712210
     -1.960000     11.426973
     -1.940000     12.243137
     -1.920000     13.269728
     -1.900000     14.316414
     -1.880000     15.157525
     -1.860000     15.800865
     -1.840000     16.213163
     -1.820000     16.050909
     -1.800000     15.042440
     -1.780000     13.397030
     -1.760000     11.561061
     -1.740000      9.808298
     -1.720000      8.206078
     -1.700000      6.773207
     -1.680000      5.599217
     -1.660000      4.900967
     -1.640000      4.915246
     -1.620000      5.615926
     -1.600000      6.563142
     -1.580000      7.192835
     -1.560000      7.291284
     -1.540000      7.048421
     -1.520000      6.719572
     -1.500000      6.458696
     -1.480000      6.360985
     -1.460000      6.433051
     -1.440000      6.602570
     -1.420000      6.849897
     -1.400000      7.247483
     -1.380000      7.860338
     -1.360000      8.634074
     -1.340000      9.332515
     -1.320000      9.580737
     -1.300000      9.073656
     -1.280000      7.860978
     -1.260000      6.389736
     -1.240000      5.161689
     -1.220000      4.397025
     -1.200000      4.044525
     -1.180000      3.960522
     -1.160000      4.033045
     -1.140000      4.234531
     -1.120000      4.587482
     -1.100000      5.074604
     -1.080000      5.603546
     -1.060000      6.061039
     -1.040000      6.387163
     -1.020000      6.570151
     -1.000000      6.578145
     -0.980000      6.377745
     -0.960000      6.030696
     -0.940000      5.678380
     -0.920000      5.417215
     -0.900000      5.260145
     -0.880000      5.199294
     -0.860000      5.211359
     -0.840000      5.213404
     -0.820000      5.115535
     -0.800000      4.929643
     -0.780000      4.772891
     -0.760000      4.768940
     -0.740000      4.944655
     -0.720000      5.181933
     -0.700000      5.282170
     -0.680000      5.112138
     -0.660000      4.689306
     -0.640000      4.159332
     -0.620000      3.709620
     -0.600000      3.442342
     -0.580000      3.314140
     -0.560000      3.229397
     -0.540000      3.159932
     -0.520000      3.149571
     -0.500000      3.224952
     -0.480000      3.326224
     -0.460000      3.339082
     -0.440000      3.183927
     -0.420000      2.896775
     -0.400000      2.667891
     -0.380000      2.707603
     -0.360000      2.961919
     -0.340000      3.095713
     -0.320000      2.883338
     -0.300000      2.448831
     -0.280000      2.036598
     -0.260000      1.748074
     -0.240000      1.577465
     -0.220000      1.527427
     -0.200000      1.602222
     -0.180000      1.783638
     -0.160000      2.075830
     -0.140000      2.519213
     -0.120000      3.096326
     -0.100000      3.642202
     -0.080000      3.930060
     -0.060000      3.879570
     -0.040000      3.618205
     -0.020000      3.312271
      0.000000      3.015705
      0.020000      2.719088
      0.040000      2.456078
      0.060000      2.277198
      0.080000      2.163777
      0.100000      2.051687
      0.120000      1.927591
      0.140000      1.835626
      0.160000      1.788277
      0.180000      1.736384
      0.200000      1.649682
      0.220000      1.564139
      0.240000      1.513846
      0.260000      1.476714
      0.280000      1.420102
      0.300000      1.348236
      0.320000      1.285103
      0.340000      1.242300
      0.360000      1.207945
      0.380000      1.157439
      0.400000      1.087333
      0.420000      1.029813
      0.440000      1.003547
      0.460000      0.973945
      0.480000      0.908575
      0.500000      0.838487
      0.520000      0.806747
      0.540000      0.789952
      0.560000      0.737841
      0.580000      0.663714
      0.600000      0.620204
      0.620000      0.605080
      0.640000      0.567447
      0.660000      0.498582
      0.680000      0.444423
      0.700000      0.422663
      0.720000      0.395760
      0.740000      0.341556
      0.760000      0.290290
      0.780000      0.267832
      0.800000      0.249695
      0.820000      0.202816
      0.840000      0.138412
      0.860000      0.091961
      0.880000      0.075516
      0.900000      0.075336
      0.920000      0.082788
      0.940000      0.107044
      0.960000      0.155085
      0.980000      0.210526
      1.000000      0.247766
      1.020000      0.268458
      1.040000      0.301159
      1.060000      0.354950
      1.080000      0.403522
      1.100000      0.431872
      1.120000      0.464299
      1.140000      0.521038
      1.160000      0.579836
      1.180000      0.614437
      1.200000      0.642550
      1.220000      0.694510
      1.240000      0.758139
      1.260000      0.801092
      1.280000      0.829975
      1.300000      0.876767
      1.320000      0.939666
      1.340000      0.989829
      1.360000      1.026316
      1.380000      1.073001
      1.400000      1.130664
      1.420000      1.181303
      1.440000      1.228210
      1.460000      1.284790
      1.480000      1.340687
      1.500000      1.383998
      1.520000      1.433994
      1.540000      1.506635
      1.560000      1.575414
      1.580000      1.615078
      1.600000      1.654676
      1.620000      1.733503
      1.640000      1.829567
      1.660000      1.889816
      1.680000      1.919593
      1.700000      1.983168
      1.720000      2.107045
      1.740000      2.236527
      1.760000      2.324827
      1.780000      2.419006
      1.800000      2.589460
      1.820000      2.808135
      1.840000      2.986276
      1.860000      3.118646
      1.880000      3.277465
      1.900000      3.435420
      1.920000      3.427926
      1.940000      3.198586
      1.960000      2.984188
      1.980000      3.108691
      2.000000      3.618761
      2.020000      4.200028
      2.040000      4.447622
      2.060000      4.239484
      2.080000      3.869648
      2.100000      3.757261
      2.120000      4.019243
      2.140000      4.390065
      2.160000      4.550787
      2.180000      4.492161
      2.200000      4.511466
      2.220000      4.863428
      2.240000      5.505057
      2.260000      6.154512
      2.280000      6.523243
      2.300000      6.535480
      2.320000      6.325705
      2.340000      6.059178
      2.360000      5.850258
      2.380000      5.754576
      2.400000      5.757379
      2.420000      5.888959
      2.440000      6.352276
      2.460000      7.390649
      2.480000      8.987824
      2.500000     10.745794
      2.520000     12.113105
      2.540000     12.767012
      2.560000     12.761821
      2.580000     12.331739
      2.600000     11.633080
      2.620000     10.716072
      2.640000      9.667528
      2.660000      8.660746
      2.680000      7.865768
      2.700000      7.345089
      2.720000      6.998609
      2.740000      6.634453
      2.760000      6.158419
      2.780000      5.670901
      2.800000      5.344971
      2.820000      5.243561
      2.840000      5.282106
      2.860000      5.342122
      2.880000      5.391534
      2.900000      5.478970
      2.920000      5.631070
      2.940000      5.830709
      2.960000      6.077564
      2.980000      6.341169
      3.000000      6.492855
      3.020000      6.454571
      3.040000      6.364803
      3.060000      6.437217
      3.080000      6.712299
      3.100000      7.042418
      3.120000      7.238175
      3.140000      7.172173
      3.160000      6.823038
      3.180000      6.287792
      3.200000      5.741692
      3.220000      5.368163
      3.240000      5.287825
      3.260000      5.476161
      3.280000      5.770853
      3.300000      6.042899
      3.320000      6.292575
      3.340000      6.514110
      3.360000      6.608227
      3.380000      6.520217
      3.400000      6.364751
      3.420000      6.321149
      3.440000      6.416811
      3.460000      6.486375
      3.480000      6.362033
      3.500000      6.025434
      3.520000      5.552303
      3.540000      5.008779
      3.560000      4.461126
      3.580000      3.998008
      3.600000      3.660095
      3.620000      3.409406
      3.640000      3.218359
      3.660000      3.126387
      3.680000      3.180435
      3.700000      3.382379
      3.720000      3.724697
      3.740000      4.206166
      3.760000      4.756606
      3.780000      5.223571
      3.800000      5.507825
      3.820000      5.629110
      3.840000      5.608152
      3.860000      5.414882
      3.880000      5.093082
      3.900000      4.798361
      3.920000      4.627884
      3.940000      4.507278
      3.960000      4.323710
      3.980000      4.098025
      4.000000      3.958665
      4.020000      3.998585
      4.040000      4.201214
      4.060000      4.462837
      4.080000      4.656772
      4.100000      4.716334
      4.120000      4.672035
      4.140000      4.587015
      4.160000      4.491088
      4.180000      4.401752
      4.200000      4.362586
      4.220000      4.418652
      4.240000      4.536943
      4.260000      4.585293
      4.280000      4.455306
      4.300000      4.195108
      4.320000      3.984954
      4.340000      3.978095
      4.360000      4.148011
      4.380000      4.326519
      4.400000      4.411077
      4.420000      4.438283
      4.440000      4.457307
      4.460000      4.460795
      4.480000      4.449805
      4.500000      4.471326
      4.520000      4.555638
      4.540000      4.663177
      4.560000      4.715231
      4.580000      4.628952
      4.600000      4.339898
      4.620000      3.877468
      4.640000      3.408711
      4.660000      3.128737
      4.680000      3.100283
      4.700000      3.243337
      4.720000      3.454973
      4.740000      3.676621
      4.760000      3.863388
      4.780000      3.952444
      4.800000      3.899974
      4.820000      3.754150
      4.840000      3.646311
      4.860000      3.661666
      4.880000      3.740870
      4.900000      3.752718
      4.920000      3.654198
      4.940000      3.538152
      4.960000      3.519418
      4.980000      3.613535
      5.000000      3.744877
      5.020000      3.848665
      5.040000      3.921170
      5.060000      3.964490
      5.080000      3.960416
      5.100000      3.929883
      5.120000      3.922715
      5.140000      3.922122
      5.160000      3.859460
      5.180000      3.735340
      5.200000      3.643378
      5.220000      3.676264
      5.240000      3.850150
      5.260000      4.089817
      5.280000      4.256669
      5.300000      4.234013
      5.320000      4.029350
      5.340000      3.768430
      5.360000      3.564171
      5.380000      3.438150
      5.400000      3.392623
      5.420000      3.470661
      5.440000      3.675311
      5.460000      3.896685
      5.480000      3.998462
      5.500000      3.946952
      5.520000      3.812618
      5.540000      3.677513
      5.560000      3.574102
      5.580000      3.484937
      5.600000      3.370417
      5.620000      3.212822
      5.640000      3.043009
      5.660000      2.910740
      5.680000      2.838841
      5.700000      2.817434
      5.720000      2.826457
      5.740000      2.848587
      5.760000      2.871492
      5.780000      2.903622
      5.800000      2.979272
      5.820000      3.106982
      5.840000      3.224035
      5.860000      3.257040
      5.880000      3.224226
      5.900000      3.227827
      5.920000      3.333103
      5.940000      3.481631
      5.960000      3.545794
      5.980000      3.463569
      6.000000      3.293966
      6.020000      3.142566
      6.040000      3.068942
      6.060000      3.055797
      6.080000      3.032997
      6.100000      2.955081
      6.120000      2.861371
      6.140000      2.828354
      6.160000      2.875287
      6.180000      2.933843
      6.200000      2.916988
      6.220000      2.826783
      6.240000      2.769274
      6.260000      2.851601
      6.280000      3.071125
      6.300000      3.281657
      6.320000      3.297266
      6.340000      3.100466
      6.360000      2.905437
      6.380000      2.935870
      6.400000      3.185458
      6.420000      3.443802
      6.440000      3.511603
      6.460000      3.381736
      6.480000      3.229757
      6.500000      3.207594
      6.520000      3.279758
      6.540000      3.310114
      6.560000      3.241014
      6.580000      3.121199
      6.600000      3.023646
      6.620000      2.992035
      6.640000      3.025311
      6.660000      3.083472
      6.680000      3.125095
      6.700000      3.141014
      6.720000      3.129784
      6.740000      3.061826
      6.760000      2.933297
      6.780000      2.840945
      6.800000      2.897008
      6.820000      3.049925
      6.840000      3.091973
      6.860000      2.878843
      6.880000      2.471195
      6.900000      2.060536
      6.920000      1.826247
      6.940000      1.841517
      6.960000      2.042884
      6.980000      2.289851
      7.000000      2.486119
      7.020000      2.640864
      7.040000      2.797686
      7.060000      2.928434
      7.080000      2.951769
      7.100000      2.861455
      7.120000      2.777169
      7.140000      2.828464
      7.160000      3.006819
      7.180000      3.166529
      7.200000      3.178122
      7.220000      3.064568
      7.240000      2.973562
      7.260000      3.018176
      7.280000      3.155218
      7.300000      3.218550
      7.320000      3.072866
      7.340000      2.742352
      7.360000      2.380789
      7.380000      2.137864
      7.400000      2.082960
      7.420000      2.195583
      7.440000      2.366183
      7.460000      2.453070
      7.480000      2.401043
      7.500000      2.308579
      7.520000      2.345161
      7.540000      2.565635
      7.560000      2.822873
      7.580000      2.909415
      7.600000      2.777518
      7.620000      2.584792
      7.640000      2.524175
      7.660000      2.628906
      7.680000      2.764755
      7.700000      2.800291
      7.720000      2.722652
      7.740000      2.594992
      7.760000      2.491511
      7.780000      2.475548
      7.800000      2.557216
      7.820000      2.657715
      7.840000      2.676083
      7.860000      2.611019
      7.880000      2.557475
      7.900000      2.566920
      7.920000      2.596824
      7.940000      2.612337
      7.960000      2.628724
      7.980000      2.642169
      8.000000      2.626331
      8.020000      2.600748
      8.040000      2.610041
      8.060000      2.643933
      8.080000      2.660215
      8.100000      2.662714
      8.120000      2.691926
      8.140000      2.812891
      8.160000      3.205504
      8.180000      4.151800
      8.200000      5.716082
      8.220000      7.431996
      8.240000      8.553529
      8.260000      8.749247
      8.280000      8.388600
      8.300000      8.080769
      8.320000      8.117364
      8.340000      8.387548
      8.360000      8.606988
      8.380000      8.559862
      8.400000      8.291118
      8.420000      8.078446
      8.440000      8.148220
      8.460000      8.568454
      8.480000      9.370566
      8.500000     10.514301
      8.520000     11.811765
      8.540000     12.981864
      8.560000     13.659756
      8.580000     13.546122
      8.600000     12.781958
      8.620000     11.915105
      8.640000     11.336730
      8.660000     11.048175
      8.680000     11.016920
      8.700000     11.335813
      8.720000     11.922850
      8.740000     12.468551
      8.760000     12.863270
      8.780000     13.385415
      8.800000     14.308751
      8.820000     15.570969
      8.840000     16.958128
      8.860000     18.367870
      8.880000     19.739409
      8.900000     20.901896
      8.920000     21.648605
      8.940000     21.919686
      8.960000     21.822863
      8.980000     21.456171
      9.000000     20.788269
      9.020000     19.797258
      9.040000     18.704366
      9.060000     17.941287
      9.080000     17.778022
      9.100000     18.040688
      9.120000     18.337762
      9.140000     18.530361
      9.160000     18.788677
      9.180000     19.227443
      9.200000     19.787897
      9.220000     20.474690
      9.240000     21.371353
      9.260000     22.399069
      9.280000     23.309959
      9.300000     23.876244
      9.320000     23.911632
      9.340000     23.232201
      9.360000     21.861187
      9.380000     20.298654
      9.400000     19.270514
      9.420000     18.970489
      9.440000     18.823934
      9.460000     18.266641
      9.480000     17.479865
      9.500000     17.137785
      9.520000     17.617968
      9.540000     18.532718
      9.560000     18.972190
      9.580000     18.291814
      9.600000     16.693673
      9.620000     14.989383
      9.640000     13.876950
      9.660000     13.473985
      9.680000     13.368248
      9.700000     13.028177
      9.720000     12.284912
      9.740000     11.446552
      9.760000     10.921149
      9.780000     10.870991
      9.800000     11.236686
      9.820000     11.845837
      9.840000     12.432180
      9.860000     12.737852
      9.880000     12.717128
      9.900000     12.628569
      9.920000     12.857768
      9.940000     13.567851
      9.960000     14.490295
      9.980000     15.076103
     10.000000     14.937353
