# EIG2DOS: Utility for SIESTA to obtain the electronic density of states
#
#                                                  Emilio Artacho, Apr. 1999
# --------------------------------------------------------------------------
# Nbands, Nspin, Nk   =    936     1   352
# E_F                 =    -5.9109 eV
# Broadening          =     0.0500 eV
# Number of electrons =   287.8068  288.2795 per cell
#
#        E            N
# --------------------------------------------------------------------------
    -10.000000      6.488991
     -9.980000      6.217890
     -9.960000      5.947998
     -9.940000      5.881586
     -9.920000      6.053647
     -9.900000      6.347905
     -9.880000      6.583549
     -9.860000      6.640171
     -9.840000      6.545405
     -9.820000      6.433469
     -9.800000      6.386266
     -9.780000      6.347649
     -9.760000      6.258664
     -9.740000      6.208619
     -9.720000      6.313900
     -9.700000      6.499795
     -9.680000      6.546316
     -9.660000      6.312519
     -9.640000      5.841379
     -9.620000      5.312418
     -9.600000      4.940888
     -9.580000      4.862220
     -9.560000      5.032338
     -9.540000      5.211645
     -9.520000      5.109082
     -9.500000      4.631618
     -9.480000      4.011426
     -9.460000      3.668291
     -9.440000      3.941538
     -9.420000      4.872525
     -9.400000      6.106390
     -9.380000      7.063192
     -9.360000      7.379954
     -9.340000      7.148775
     -9.320000      6.669357
     -9.300000      6.150693
     -9.280000      5.728502
     -9.260000      5.531823
     -9.240000      5.567614
     -9.220000      5.687789
     -9.200000      5.776492
     -9.180000      5.849949
     -9.160000      5.947846
     -9.140000      6.062170
     -9.120000      6.177015
     -9.100000      6.276069
     -9.080000      6.334650
     -9.060000      6.366755
     -9.040000      6.421144
     -9.020000      6.500502
     -9.000000      6.557261
     -8.980000      6.566068
     -8.960000      6.530861
     -8.940000      6.424276
     -8.920000      6.172918
     -8.900000      5.748446
     -8.880000      5.271759
     -8.860000      4.976972
     -8.840000      5.055170
     -8.820000      5.514513
     -8.800000      6.127288
     -8.780000      6.545935
     -8.760000      6.563086
     -8.740000      6.219728
     -8.720000      5.656490
     -8.700000      4.999904
     -8.680000      4.403324
     -8.660000      4.061688
     -8.640000      4.131766
     -8.620000      4.654826
     -8.600000      5.560290
     -8.580000      6.703330
     -8.560000      7.816185
     -8.540000      8.469078
     -8.520000      8.292169
     -8.500000      7.322598
     -8.480000      6.027695
     -8.460000      4.936546
     -8.440000      4.273477
     -8.420000      3.939464
     -8.400000      3.790929
     -8.380000      3.832094
     -8.360000      4.092412
     -8.340000      4.442164
     -8.320000      4.682450
     -8.300000      4.790463
     -8.280000      4.934601
     -8.260000      5.234370
     -8.240000      5.617154
     -8.220000      5.927893
     -8.200000      6.099785
     -8.180000      6.200063
     -8.160000      6.344484
     -8.140000      6.593074
     -8.120000      6.930669
     -8.100000      7.287883
     -8.080000      7.526338
     -8.060000      7.473595
     -8.040000      7.090774
     -8.020000      6.580668
     -8.000000      6.219539
     -7.980000      6.121734
     -7.960000      6.230300
     -7.940000      6.428548
     -7.920000      6.607435
     -7.900000      6.712296
     -7.880000      6.774280
     -7.860000      6.893584
     -7.840000      7.162668
     -7.820000      7.560406
     -7.800000      7.928951
     -7.780000      8.086171
     -7.760000      7.951394
     -7.740000      7.560653
     -7.720000      7.007706
     -7.700000      6.400071
     -7.680000      5.850998
     -7.660000      5.491562
     -7.640000      5.461958
     -7.620000      5.828754
     -7.600000      6.465340
     -7.580000      7.048083
     -7.560000      7.268058
     -7.540000      7.113262
     -7.520000      6.901459
     -7.500000      6.952365
     -7.480000      7.244027
     -7.460000      7.465444
     -7.440000      7.363888
     -7.420000      6.949787
     -7.400000      6.425457
     -7.380000      6.022877
     -7.360000      5.872512
     -7.340000      5.972834
     -7.320000      6.284739
     -7.300000      6.776715
     -7.280000      7.346122
     -7.260000      7.829833
     -7.240000      8.150780
     -7.220000      8.344631
     -7.200000      8.409594
     -7.180000      8.269975
     -7.160000      7.941182
     -7.140000      7.587146
     -7.120000      7.357312
     -7.100000      7.266986
     -7.080000      7.254218
     -7.060000      7.283743
     -7.040000      7.384867
     -7.020000      7.577871
     -7.000000      7.732816
     -6.980000      7.596119
     -6.960000      7.075640
     -6.940000      6.417090
     -6.920000      5.989832
     -6.900000      5.955575
     -6.880000      6.188336
     -6.860000      6.465132
     -6.840000      6.678445
     -6.820000      6.845260
     -6.800000      6.994934
     -6.780000      7.131567
     -6.760000      7.240330
     -6.740000      7.296654
     -6.720000      7.341755
     -6.700000      7.487916
     -6.680000      7.744921
     -6.660000      7.969205
     -6.640000      8.098115
     -6.620000      8.273889
     -6.600000      8.607657
     -6.580000      8.956839
     -6.560000      9.078833
     -6.540000      8.920550
     -6.520000      8.636135
     -6.500000      8.384923
     -6.480000      8.201868
     -6.460000      8.039999
     -6.440000      7.909801
     -6.420000      7.932068
     -6.400000      8.166232
     -6.380000      8.424310
     -6.360000      8.400603
     -6.340000      8.016600
     -6.320000      7.536202
     -6.300000      7.276723
     -6.280000      7.288007
     -6.260000      7.420177
     -6.240000      7.613090
     -6.220000      7.915118
     -6.200000      8.224144
     -6.180000      8.268237
     -6.160000      7.969374
     -6.140000      7.607465
     -6.120000      7.461503
     -6.100000      7.499979
     -6.080000      7.622945
     -6.060000      8.025407
     -6.040000      9.063289
     -6.020000     10.822873
     -6.000000     13.018082
     -5.980000     15.162224
     -5.960000     16.543836
     -5.940000     16.358536
     -5.920000     14.470288
     -5.900000     11.833415
     -5.880000      9.669938
     -5.860000      8.490435
     -5.840000      8.117284
     -5.820000      8.157657
     -5.800000      8.233675
     -5.780000      8.156871
     -5.760000      8.133657
     -5.740000      8.667822
     -5.720000     10.114093
     -5.700000     12.282337
     -5.680000     14.442163
     -5.660000     15.785022
     -5.640000     16.024397
     -5.620000     15.555706
     -5.600000     15.014238
     -5.580000     14.729640
     -5.560000     14.598862
     -5.540000     14.382905
     -5.520000     14.004951
     -5.500000     13.546861
     -5.480000     13.107986
     -5.460000     12.777856
     -5.440000     12.664292
     -5.420000     12.837470
     -5.400000     13.225075
     -5.380000     13.607078
     -5.360000     13.807131
     -5.340000     13.906570
     -5.320000     14.152271
     -5.300000     14.620896
     -5.280000     15.117189
     -5.260000     15.460510
     -5.240000     15.699346
     -5.220000     15.937116
     -5.200000     16.139778
     -5.180000     16.240293
     -5.160000     16.247250
     -5.140000     16.150605
     -5.120000     15.840962
     -5.100000     15.200311
     -5.080000     14.270392
     -5.060000     13.303010
     -5.040000     12.605042
     -5.020000     12.347398
     -5.000000     12.541616
     -4.980000     13.107444
     -4.960000     13.843158
     -4.940000     14.404713
     -4.920000     14.540619
     -4.900000     14.398661
     -4.880000     14.426855
     -4.860000     14.885315
     -4.840000     15.543523
     -4.820000     15.926865
     -4.800000     15.863459
     -4.780000     15.718992
     -4.760000     15.945701
     -4.740000     16.476266
     -4.720000     16.860349
     -4.700000     16.921395
     -4.680000     16.909903
     -4.660000     17.053065
     -4.640000     17.218079
     -4.620000     17.003898
     -4.600000     16.160157
     -4.580000     14.985602
     -4.560000     14.161632
     -4.540000     14.109187
     -4.520000     14.686515
     -4.500000     15.544369
     -4.480000     16.479148
     -4.460000     17.277699
     -4.440000     17.568866
     -4.420000     17.213422
     -4.400000     16.630477
     -4.380000     16.375085
     -4.360000     16.565841
     -4.340000     16.989423
     -4.320000     17.522967
     -4.300000     18.216674
     -4.280000     19.142703
     -4.260000     20.232705
     -4.240000     21.101918
     -4.220000     21.119946
     -4.200000     19.942591
     -4.180000     18.002839
     -4.160000     16.194276
     -4.140000     14.998435
     -4.120000     14.199097
     -4.100000     13.485024
     -4.080000     13.018228
     -4.060000     13.206108
     -4.040000     13.987705
     -4.020000     14.617510
     -4.000000     14.330884
     -3.980000     13.076340
     -3.960000     11.480959
     -3.940000     10.287454
     -3.920000      9.921205
     -3.900000     10.391874
     -3.880000     11.450886
     -3.860000     12.846901
     -3.840000     14.324136
     -3.820000     15.366776
     -3.800000     15.370742
     -3.780000     14.276125
     -3.760000     12.678438
     -3.740000     11.256606
     -3.720000     10.360872
     -3.700000     10.028499
     -3.680000     10.097177
     -3.660000     10.293607
     -3.640000     10.384311
     -3.620000     10.328589
     -3.600000     10.221613
     -3.580000     10.106119
     -3.560000      9.991210
     -3.540000     10.028837
     -3.520000     10.451131
     -3.500000     11.263648
     -3.480000     12.116143
     -3.460000     12.517027
     -3.440000     12.172082
     -3.420000     11.223631
     -3.400000     10.188129
     -3.380000      9.556526
     -3.360000      9.503014
     -3.340000     10.029877
     -3.320000     11.121416
     -3.300000     12.485233
     -3.280000     13.374081
     -3.260000     13.158775
     -3.240000     12.121220
     -3.220000     11.276152
     -3.200000     11.287499
     -3.180000     11.839142
     -3.160000     12.131495
     -3.140000     11.721890
     -3.120000     10.786741
     -3.100000      9.782120
     -3.080000      9.040994
     -3.060000      8.664257
     -3.040000      8.612437
     -3.020000      8.809658
     -3.000000      9.212228
     -2.980000      9.795182
     -2.960000     10.483889
     -2.940000     11.152940
     -2.920000     11.676517
     -2.900000     11.947199
     -2.880000     11.915160
     -2.860000     11.654414
     -2.840000     11.314291
     -2.820000     11.004754
     -2.800000     10.839283
     -2.780000     11.015661
     -2.760000     11.628338
     -2.740000     12.408275
     -2.720000     12.868215
     -2.700000     12.754995
     -2.680000     12.236950
     -2.660000     11.687901
     -2.640000     11.428137
     -2.620000     11.575901
     -2.600000     11.910134
     -2.580000     11.901394
     -2.560000     11.161746
     -2.540000      9.961514
     -2.520000      9.102727
     -2.500000      9.181412
     -2.480000     10.075651
     -2.460000     11.164630
     -2.440000     11.891833
     -2.420000     12.043465
     -2.400000     11.637213
     -2.380000     10.777731
     -2.360000      9.713284
     -2.340000      8.909940
     -2.320000      8.857332
     -2.300000      9.710705
     -2.280000     11.124158
     -2.260000     12.386030
     -2.240000     12.814499
     -2.220000     12.248872
     -2.200000     11.152820
     -2.180000     10.183573
     -2.160000      9.760583
     -2.140000      9.980914
     -2.120000     10.699498
     -2.100000     11.574114
     -2.080000     12.122864
     -2.060000     11.958762
     -2.040000     11.147970
     -2.020000     10.302300
     -2.000000     10.171511
     -1.980000     11.051518
     -1.960000     12.508749
     -1.940000     13.671064
     -1.920000     13.938574
     -1.900000     13.465915
     -1.880000     12.858526
     -1.860000     12.513786
     -1.840000     12.439028
     -1.820000     12.512852
     -1.800000     12.612236
     -1.780000     12.557485
     -1.760000     12.206715
     -1.740000     11.613243
     -1.720000     10.927427
     -1.700000     10.237298
     -1.680000      9.680998
     -1.660000      9.564586
     -1.640000     10.127880
     -1.620000     11.186023
     -1.600000     12.152938
     -1.580000     12.552064
     -1.560000     12.435568
     -1.540000     12.170940
     -1.520000     11.973833
     -1.500000     11.804517
     -1.480000     11.535526
     -1.460000     11.118117
     -1.440000     10.700280
     -1.420000     10.566346
     -1.400000     10.880667
     -1.380000     11.523626
     -1.360000     12.228596
     -1.340000     12.838660
     -1.320000     13.352976
     -1.300000     13.772420
     -1.280000     14.027732
     -1.260000     14.021798
     -1.240000     13.654787
     -1.220000     12.924467
     -1.200000     12.072780
     -1.180000     11.465318
     -1.160000     11.249411
     -1.140000     11.263063
     -1.120000     11.350877
     -1.100000     11.641398
     -1.080000     12.322305
     -1.060000     13.165214
     -1.040000     13.541950
     -1.020000     13.033828
     -1.000000     11.852597
     -0.980000     10.592937
     -0.960000      9.742993
     -0.940000      9.497449
     -0.920000      9.833795
     -0.900000     10.542516
     -0.880000     11.249024
     -0.860000     11.623517
     -0.840000     11.608290
     -0.820000     11.395589
     -0.800000     11.223149
     -0.780000     11.148266
     -0.760000     10.925420
     -0.740000     10.212588
     -0.720000      8.986903
     -0.700000      7.592706
     -0.680000      6.348582
     -0.660000      5.321989
     -0.640000      4.501742
     -0.620000      3.958058
     -0.600000      3.756984
     -0.580000      3.843820
     -0.560000      4.051223
     -0.540000      4.177593
     -0.520000      4.102665
     -0.500000      3.886077
     -0.480000      3.728473
     -0.460000      3.812886
     -0.440000      4.186353
     -0.420000      4.750383
     -0.400000      5.317925
     -0.380000      5.721139
     -0.360000      5.939916
     -0.340000      6.134009
     -0.320000      6.514053
     -0.300000      7.147098
     -0.280000      7.838645
     -0.260000      8.225652
     -0.240000      8.086346
     -0.220000      7.540450
     -0.200000      6.890770
     -0.180000      6.369679
     -0.160000      6.084017
     -0.140000      6.060008
     -0.120000      6.252902
     -0.100000      6.586640
     -0.080000      7.014128
     -0.060000      7.469412
     -0.040000      7.781194
     -0.020000      7.736259
      0.000000      7.261582
      0.020000      6.517417
      0.040000      5.790301
      0.060000      5.324594
      0.080000      5.261986
      0.100000      5.603268
      0.120000      6.133940
      0.140000      6.513946
      0.160000      6.539335
      0.180000      6.257943
      0.200000      5.846747
      0.220000      5.467567
      0.240000      5.203054
      0.260000      5.037734
      0.280000      4.891977
      0.300000      4.705581
      0.320000      4.519673
      0.340000      4.489882
      0.360000      4.749057
      0.380000      5.183673
      0.400000      5.395503
      0.420000      4.997990
      0.440000      4.009328
      0.460000      2.919702
      0.480000      2.314230
      0.500000      2.402677
      0.520000      2.889047
      0.540000      3.268196
      0.560000      3.238095
      0.580000      2.843183
      0.600000      2.306287
      0.620000      1.825367
      0.640000      1.495165
      0.660000      1.303857
      0.680000      1.186998
      0.700000      1.109552
      0.720000      1.072976
      0.740000      1.066329
      0.760000      1.076414
      0.780000      1.133462
      0.800000      1.282878
      0.820000      1.520291
      0.840000      1.821935
      0.860000      2.232763
      0.880000      2.822142
      0.900000      3.500021
      0.920000      3.976091
      0.940000      4.014673
      0.960000      3.673966
      0.980000      3.205049
      1.000000      2.792569
      1.020000      2.477935
      1.040000      2.250032
      1.060000      2.097978
      1.080000      1.994355
      1.100000      1.898794
      1.120000      1.795834
      1.140000      1.706831
      1.160000      1.645172
      1.180000      1.584406
      1.200000      1.505598
      1.220000      1.434697
      1.240000      1.387418
      1.260000      1.335377
      1.280000      1.266867
      1.300000      1.209703
      1.320000      1.168684
      1.340000      1.116708
      1.360000      1.054881
      1.380000      1.007922
      1.400000      0.969212
      1.420000      0.915811
      1.440000      0.855715
      1.460000      0.804658
      1.480000      0.745432
      1.500000      0.658617
      1.520000      0.565476
      1.540000      0.497755
      1.560000      0.451680
      1.580000      0.408618
      1.600000      0.372405
      1.620000      0.352240
      1.640000      0.335433
      1.660000      0.307938
      1.680000      0.278689
      1.700000      0.259327
      1.720000      0.242878
      1.740000      0.220682
      1.760000      0.196910
      1.780000      0.173143
      1.800000      0.144119
      1.820000      0.118203
      1.840000      0.115506
      1.860000      0.138703
      1.880000      0.168876
      1.900000      0.193926
      1.920000      0.217872
      1.940000      0.241123
      1.960000      0.258861
      1.980000      0.277647
      2.000000      0.306118
      2.020000      0.335185
      2.040000      0.353990
      2.060000      0.373823
      2.080000      0.409257
      2.100000      0.453840
      2.120000      0.502257
      2.140000      0.570914
      2.160000      0.665099
      2.180000      0.755187
      2.200000      0.818635
      2.220000      0.872544
      2.240000      0.934158
      2.260000      0.989778
      2.280000      1.032703
      2.300000      1.083557
      2.320000      1.146102
      2.340000      1.199314
      2.360000      1.246739
      2.380000      1.309056
      2.400000      1.374930
      2.420000      1.426671
      2.440000      1.483811
      2.460000      1.559748
      2.480000      1.629332
      2.500000      1.685406
      2.520000      1.756991
      2.540000      1.847722
      2.560000      1.929648
      2.580000      2.002413
      2.600000      2.097320
      2.620000      2.226749
      2.640000      2.375014
      2.660000      2.543151
      2.680000      2.761510
      2.700000      3.038844
      2.720000      3.331888
      2.740000      3.566736
      2.760000      3.655561
      2.780000      3.524336
      2.800000      3.191503
      2.820000      2.817783
      2.840000      2.628269
      2.860000      2.744711
      2.880000      3.094174
      2.900000      3.504642
      2.920000      3.838587
      2.940000      3.976679
      2.960000      3.791216
      2.980000      3.294591
      3.000000      2.772712
      3.020000      2.633688
      3.040000      3.069010
      3.060000      3.882525
      3.080000      4.662526
      3.100000      5.089629
      3.120000      5.129766
      3.140000      5.072827
      3.160000      5.373151
      3.180000      6.306924
      3.200000      7.759847
      3.220000      9.411853
      3.240000     11.038431
      3.260000     12.438635
      3.280000     13.202557
      3.300000     12.974724
      3.320000     11.966473
      3.340000     10.814761
      3.360000      9.906736
      3.380000      9.189944
      3.400000      8.623525
      3.420000      8.382941
      3.440000      8.499911
      3.460000      8.650269
      3.480000      8.491474
      3.500000      8.021716
      3.520000      7.480032
      3.540000      7.034156
      3.560000      6.713653
      3.580000      6.553210
      3.600000      6.592544
      3.620000      6.751672
      3.640000      6.854376
      3.660000      6.748780
      3.680000      6.369351
      3.700000      5.781198
      3.720000      5.182728
      3.740000      4.808240
      3.760000      4.803486
      3.780000      5.143717
      3.800000      5.662550
      3.820000      6.181742
      3.840000      6.566892
      3.860000      6.695386
      3.880000      6.492600
      3.900000      6.000149
      3.920000      5.359453
      3.940000      4.753560
      3.960000      4.369060
      3.980000      4.350387
      4.000000      4.731999
      4.020000      5.399085
      4.040000      6.147307
      4.060000      6.807162
      4.080000      7.252183
      4.100000      7.294312
      4.120000      6.760130
      4.140000      5.747816
      4.160000      4.661188
      4.180000      3.933485
      4.200000      3.780820
      4.220000      4.155082
      4.240000      4.806916
      4.260000      5.410174
      4.280000      5.706554
      4.300000      5.576166
      4.320000      5.035493
      4.340000      4.228013
      4.360000      3.392224
      4.380000      2.768183
      4.400000      2.502564
      4.420000      2.634806
      4.440000      3.124581
      4.460000      3.849451
      4.480000      4.611048
      4.500000      5.202039
      4.520000      5.488141
      4.540000      5.444475
      4.560000      5.155473
      4.580000      4.787954
      4.600000      4.516366
      4.620000      4.432922
      4.640000      4.521118
      4.660000      4.705945
      4.680000      4.915862
      4.700000      5.103850
      4.720000      5.216219
      4.740000      5.153354
      4.760000      4.835183
      4.780000      4.349559
      4.800000      3.931713
      4.820000      3.735303
      4.840000      3.739514
      4.860000      3.900833
      4.880000      4.218403
      4.900000      4.590698
      4.920000      4.791631
      4.940000      4.724175
      4.960000      4.591714
      4.980000      4.702224
      5.000000      5.135184
      5.020000      5.639221
      5.040000      5.879275
      5.060000      5.753237
      5.080000      5.367125
      5.100000      4.799143
      5.120000      4.094524
      5.140000      3.419662
      5.160000      3.012735
      5.180000      2.963243
      5.200000      3.123973
      5.220000      3.257373
      5.240000      3.262390
      5.260000      3.252450
      5.280000      3.401832
      5.300000      3.764335
      5.320000      4.264525
      5.340000      4.778995
      5.360000      5.176399
      5.380000      5.335661
      5.400000      5.183527
      5.420000      4.740920
      5.440000      4.143519
      5.460000      3.578947
      5.480000      3.167502
      5.500000      2.934187
      5.520000      2.896561
      5.540000      3.105934
      5.560000      3.562420
      5.580000      4.119056
      5.600000      4.529430
      5.620000      4.630207
      5.640000      4.437918
      5.660000      4.054504
      5.680000      3.583783
      5.700000      3.155450
      5.720000      2.897109
      5.740000      2.843295
      5.760000      2.947598
      5.780000      3.187956
      5.800000      3.595574
      5.820000      4.174705
      5.840000      4.820783
      5.860000      5.309524
      5.880000      5.407429
      5.900000      5.071659
      5.920000      4.522115
      5.940000      4.068356
      5.960000      3.881908
      5.980000      3.926775
      6.000000      4.048895
      6.020000      4.112985
      6.040000      4.090679
      6.060000      4.044058
      6.080000      4.031466
      6.100000      4.057946
      6.120000      4.118224
      6.140000      4.216822
      6.160000      4.314741
      6.180000      4.310225
      6.200000      4.095992
      6.220000      3.637709
      6.240000      3.039082
      6.260000      2.528961
      6.280000      2.327189
      6.300000      2.493176
      6.320000      2.896021
      6.340000      3.317218
      6.360000      3.584168
      6.380000      3.643650
      6.400000      3.545939
      6.420000      3.360103
      6.440000      3.113377
      6.460000      2.829263
      6.480000      2.598691
      6.500000      2.566977
      6.520000      2.818564
      6.540000      3.267945
      6.560000      3.709878
      6.580000      4.002005
      6.600000      4.128040
      6.620000      4.102740
      6.640000      3.957513
      6.660000      3.793482
      6.680000      3.714169
      6.700000      3.726639
      6.720000      3.775504
      6.740000      3.828027
      6.760000      3.876788
      6.780000      3.908467
      6.800000      3.921702
      6.820000      3.940564
      6.840000      3.976206
      6.860000      4.001572
      6.880000      3.969410
      6.900000      3.835883
      6.920000      3.588767
      6.940000      3.275809
      6.960000      2.996573
      6.980000      2.846128
      7.000000      2.829003
      7.020000      2.837829
      7.040000      2.776624
      7.060000      2.674084
      7.080000      2.611564
      7.100000      2.598360
      7.120000      2.589326
      7.140000      2.579748
      7.160000      2.602623
      7.180000      2.636693
      7.200000      2.608695
      7.220000      2.513256
      7.240000      2.438006
      7.260000      2.446768
      7.280000      2.521045
      7.300000      2.633698
      7.320000      2.810849
      7.340000      3.081529
      7.360000      3.397456
      7.380000      3.649021
      7.400000      3.772009
      7.420000      3.808366
      7.440000      3.830127
      7.460000      3.826731
      7.480000      3.720905
      7.500000      3.489022
      7.520000      3.207736
      7.540000      2.988922
      7.560000      2.897682
      7.580000      2.901801
      7.600000      2.912528
      7.620000      2.895819
      7.640000      2.882149
      7.660000      2.872056
      7.680000      2.824445
      7.700000      2.735013
      7.720000      2.657911
      7.740000      2.652875
      7.760000      2.734001
      7.780000      2.865914
      7.800000      3.007527
      7.820000      3.139761
      7.840000      3.236796
      7.860000      3.249343
      7.880000      3.153965
      7.900000      2.995168
      7.920000      2.846509
      7.940000      2.750147
      7.960000      2.726959
      7.980000      2.811210
      8.000000      3.002874
      8.020000      3.206713
      8.040000      3.297494
      8.060000      3.250248
      8.080000      3.177460
      8.100000      3.215520
      8.120000      3.355430
      8.140000      3.436782
      8.160000      3.343315
      8.180000      3.120978
      8.200000      2.879901
      8.220000      2.675806
      8.240000      2.501072
      8.260000      2.333173
      8.280000      2.200939
      8.300000      2.186864
      8.320000      2.306916
      8.340000      2.463338
      8.360000      2.581590
      8.380000      2.675613
      8.400000      2.745375
      8.420000      2.741530
      8.440000      2.649326
      8.460000      2.546679
      8.480000      2.570899
      8.500000      2.786421
      8.520000      3.086058
      8.540000      3.305843
      8.560000      3.395403
      8.580000      3.390513
      8.600000      3.314997
      8.620000      3.184009
      8.640000      3.014957
      8.660000      2.808582
      8.680000      2.560923
      8.700000      2.280129
      8.720000      1.993010
      8.740000      1.747479
      8.760000      1.583188
      8.780000      1.500536
      8.800000      1.477814
      8.820000      1.501554
      8.840000      1.569786
      8.860000      1.683765
      8.880000      1.837898
      8.900000      2.010391
      8.920000      2.203973
      8.940000      2.606440
      8.960000      3.769609
      8.980000      6.345284
      9.000000     10.079679
      9.020000     13.159892
      9.040000     13.593647
      9.060000     11.466434
      9.080000      8.833717
      9.100000      7.433412
      9.120000      7.456316
      9.140000      8.247789
      9.160000      9.267913
      9.180000     10.299578
      9.200000     11.176605
      9.220000     11.647685
      9.240000     11.641875
      9.260000     11.527275
      9.280000     11.822618
      9.300000     12.636529
      9.320000     13.565219
      9.340000     14.081020
      9.360000     13.925899
      9.380000     13.290972
      9.400000     12.740649
      9.420000     12.866535
      9.440000     13.857329
      9.460000     15.297000
      9.480000     16.428567
      9.500000     16.776319
      9.520000     16.537336
      9.540000     16.307871
      9.560000     16.508519
      9.580000     17.142206
      9.600000     17.958782
      9.620000     18.665264
      9.640000     19.012097
      9.660000     18.841732
      9.680000     18.149900
      9.700000     17.159148
      9.720000     16.305276
      9.740000     15.995250
      9.760000     16.288224
      9.780000     16.842829
      9.800000     17.203418
      9.820000     17.128783
      9.840000     16.666991
      9.860000     16.027684
      9.880000     15.507825
      9.900000     15.489451
      9.920000     16.256829
      9.940000     17.649203
      9.960000     19.015304
      9.980000     19.701853
     10.000000     19.589450
