# EIG2DOS: Utility for SIESTA to obtain the electronic density of states
#
#                                                  Emilio Artacho, Apr. 1999
# --------------------------------------------------------------------------
# Nbands, Nspin, Nk   =    936     1   352
# E_F                 =    -5.8782 eV
# Broadening          =     0.0500 eV
# Number of electrons =   165.8239  165.9996 per cell
#
#        E            N
# --------------------------------------------------------------------------
     -5.000000     11.100375
     -4.990000     11.133288
     -4.980000     11.220307
     -4.970000     11.383097
     -4.960000     11.625603
     -4.950000     11.930180
     -4.940000     12.262220
     -4.930000     12.580759
     -4.920000     12.850640
     -4.910000     13.051960
     -4.900000     13.183905
     -4.890000     13.262078
     -4.880000     13.310642
     -4.870000     13.352624
     -4.860000     13.402563
     -4.850000     13.464372
     -4.840000     13.534264
     -4.830000     13.605794
     -4.820000     13.673615
     -4.810000     13.734439
     -4.800000     13.786159
     -4.790000     13.826951
     -4.780000     13.855342
     -4.770000     13.870973
     -4.760000     13.875337
     -4.750000     13.872011
     -4.740000     13.866090
     -4.730000     13.862712
     -4.720000     13.865089
     -4.710000     13.873349
     -4.700000     13.885548
     -4.690000     13.900790
     -4.680000     13.922229
     -4.670000     13.957074
     -4.660000     14.012608
     -4.650000     14.090448
     -4.640000     14.183148
     -4.630000     14.276072
     -4.620000     14.354119
     -4.610000     14.409742
     -4.600000     14.447857
     -4.590000     14.484649
     -4.580000     14.540024
     -4.570000     14.626302
     -4.560000     14.737828
     -4.550000     14.846871
     -4.540000     14.909319
     -4.530000     14.879330
     -4.520000     14.726952
     -4.510000     14.450062
     -4.500000     14.074333
     -4.490000     13.641491
     -4.480000     13.192934
     -4.470000     12.758078
     -4.460000     12.352888
     -4.450000     11.986827
     -4.440000     11.671064
     -4.430000     11.421003
     -4.420000     11.251433
     -4.410000     11.168454
     -4.400000     11.164418
     -4.390000     11.219512
     -4.380000     11.308826
     -4.370000     11.410703
     -4.360000     11.512479
     -4.350000     11.612128
     -4.340000     11.716467
     -4.330000     11.837141
     -4.320000     11.985318
     -4.310000     12.166091
     -4.300000     12.374383
     -4.290000     12.594575
     -4.280000     12.804995
     -4.270000     12.985954
     -4.260000     13.127837
     -4.250000     13.235452
     -4.240000     13.326734
     -4.230000     13.426665
     -4.220000     13.559247
     -4.210000     13.740896
     -4.200000     13.977686
     -4.190000     14.267160
     -4.180000     14.603357
     -4.170000     14.981986
     -4.160000     15.402367
     -4.150000     15.864529
     -4.140000     16.363096
     -4.130000     16.882296
     -4.120000     17.396324
     -4.110000     17.875851
     -4.100000     18.296908
     -4.090000     18.646163
     -4.080000     18.918699
     -4.070000     19.109611
     -4.060000     19.205341
     -4.050000     19.181519
     -4.040000     19.010500
     -4.030000     18.675945
     -4.020000     18.187037
     -4.010000     17.583892
     -4.000000     16.929348
     -3.990000     16.289267
     -3.980000     15.710220
     -3.970000     15.205912
     -3.960000     14.759675
     -3.950000     14.341525
     -3.940000     13.929824
     -3.930000     13.524903
     -3.920000     13.147016
     -3.910000     12.820593
     -3.900000     12.555200
     -3.890000     12.335618
     -3.880000     12.127872
     -3.870000     11.898086
     -3.860000     11.632615
     -3.850000     11.346545
     -3.840000     11.074669
     -3.830000     10.850196
     -3.820000     10.684465
     -3.810000     10.560248
     -3.800000     10.442378
     -3.790000     10.298634
     -3.780000     10.118021
     -3.770000      9.915947
     -3.760000      9.724042
     -3.750000      9.571093
     -3.740000      9.466134
     -3.730000      9.393062
     -3.720000      9.319584
     -3.710000      9.215479
     -3.700000      9.070131
     -3.690000      8.900002
     -3.680000      8.742538
     -3.670000      8.640404
     -3.660000      8.624641
     -3.650000      8.704712
     -3.640000      8.868591
     -3.630000      9.090480
     -3.620000      9.340593
     -3.610000      9.592222
     -3.600000      9.824459
     -3.590000     10.022211
     -3.580000     10.176228
     -3.570000     10.284508
     -3.560000     10.353950
     -3.550000     10.399698
     -3.540000     10.440619
     -3.530000     10.492232
     -3.520000     10.560894
     -3.510000     10.643032
     -3.500000     10.730258
     -3.490000     10.817201
     -3.480000     10.906880
     -3.470000     11.009796
     -3.460000     11.137166
     -3.450000     11.292712
     -3.440000     11.468655
     -3.430000     11.648912
     -3.420000     11.817883
     -3.410000     11.969630
     -3.400000     12.111889
     -3.390000     12.262375
     -3.380000     12.439280
     -3.370000     12.651237
     -3.360000     12.892621
     -3.350000     13.147417
     -3.340000     13.400370
     -3.330000     13.649836
     -3.320000     13.915175
     -3.310000     14.233930
     -3.300000     14.649157
     -3.290000     15.192534
     -3.280000     15.871129
     -3.270000     16.663889
     -3.260000     17.529025
     -3.250000     18.418060
     -3.240000     19.289293
     -3.230000     20.114385
     -3.220000     20.876459
     -3.210000     21.563659
     -3.200000     22.164960
     -3.190000     22.672960
     -3.180000     23.092668
     -3.170000     23.450156
     -3.160000     23.794200
     -3.150000     24.188337
     -3.140000     24.696688
     -3.130000     25.369980
     -3.120000     26.236131
     -3.110000     27.294623
     -3.100000     28.510380
     -3.090000     29.804739
     -3.080000     31.047823
     -3.070000     32.062897
     -3.060000     32.652534
     -3.050000     32.646470
     -3.040000     31.956567
     -3.030000     30.615235
     -3.020000     28.777287
     -3.010000     26.681050
     -3.000000     24.583544
     -2.990000     22.695777
     -2.980000     21.141777
     -2.970000     19.951778
     -2.960000     19.084269
     -2.950000     18.461631
     -2.940000     18.003044
     -2.930000     17.644555
     -2.920000     17.344657
     -2.910000     17.080131
     -2.900000     16.838976
     -2.890000     16.615424
     -2.880000     16.408200
     -2.870000     16.220074
     -2.860000     16.055965
     -2.850000     15.918851
     -2.840000     15.805655
     -2.830000     15.706570
     -2.820000     15.609419
     -2.810000     15.506753
     -2.800000     15.400663
     -2.790000     15.301299
     -2.780000     15.219428
     -2.770000     15.157719
     -2.760000     15.106498
     -2.750000     15.046788
     -2.740000     14.958970
     -2.730000     14.832366
     -2.720000     14.671030
     -2.710000     14.493312
     -2.700000     14.325586
     -2.690000     14.192791
     -2.680000     14.109466
     -2.670000     14.074743
     -2.660000     14.073318
     -2.650000     14.081943
     -2.640000     14.078630
     -2.630000     14.050541
     -2.620000     13.997294
     -2.610000     13.928768
     -2.600000     13.859032
     -2.590000     13.799609
     -2.580000     13.755063
     -2.570000     13.722301
     -2.560000     13.693081
     -2.550000     13.658058
     -2.540000     13.610603
     -2.530000     13.549236
     -2.520000     13.478091
     -2.510000     13.405234
     -2.500000     13.339302
     -2.490000     13.285815
     -2.480000     13.245110
     -2.470000     13.213134
     -2.460000     13.184597
     -2.450000     13.156380
     -2.440000     13.129012
     -2.430000     13.105513
     -2.420000     13.088643
     -2.410000     13.078417
     -2.400000     13.071253
     -2.390000     13.061040
     -2.380000     13.041310
     -2.370000     13.007085
     -2.360000     12.955034
     -2.350000     12.881460
     -2.340000     12.779251
     -2.330000     12.636342
     -2.320000     12.438191
     -2.310000     12.174693
     -2.300000     11.848749
     -2.290000     11.481505
     -2.280000     11.110174
     -2.270000     10.778053
     -2.260000     10.520849
     -2.250000     10.355602
     -2.240000     10.277095
     -2.230000     10.262746
     -2.220000     10.282910
     -2.210000     10.311595
     -2.200000     10.333268
     -2.190000     10.344145
     -2.180000     10.349261
     -2.170000     10.358099
     -2.160000     10.380865
     -2.150000     10.425688
     -2.140000     10.495979
     -2.130000     10.587991
     -2.120000     10.690247
     -2.110000     10.786788
     -2.100000     10.864188
     -2.090000     10.919254
     -2.080000     10.962885
     -2.070000     11.017034
     -2.060000     11.105447
     -2.050000     11.242305
     -2.040000     11.424249
     -2.030000     11.629706
     -2.020000     11.826021
     -2.010000     11.981382
     -2.000000     12.076502
     -1.990000     12.111376
     -1.980000     12.104789
     -1.970000     12.087260
     -1.960000     12.090419
     -1.950000     12.136554
     -1.940000     12.231537
     -1.930000     12.363330
     -1.920000     12.507033
     -1.910000     12.635664
     -1.900000     12.733341
     -1.890000     12.805250
     -1.880000     12.878724
     -1.870000     12.993107
     -1.860000     13.181717
     -1.850000     13.453918
     -1.840000     13.786062
     -1.830000     14.126153
     -1.820000     14.410762
     -1.810000     14.587100
     -1.800000     14.630927
     -1.790000     14.552878
     -1.780000     14.391036
     -1.770000     14.193765
     -1.760000     14.001080
     -1.750000     13.832866
     -1.740000     13.688103
     -1.730000     13.553411
     -1.720000     13.415147
     -1.710000     13.268869
     -1.700000     13.122480
     -1.690000     12.992634
     -1.680000     12.896535
     -1.670000     12.842813
     -1.660000     12.825824
     -1.650000     12.826763
     -1.640000     12.822073
     -1.630000     12.795366
     -1.620000     12.746226
     -1.610000     12.690150
     -1.600000     12.648853
     -1.590000     12.636423
     -1.580000     12.650032
     -1.570000     12.671457
     -1.560000     12.678632
     -1.550000     12.659623
     -1.540000     12.619799
     -1.530000     12.577812
     -1.520000     12.553698
     -1.510000     12.557129
     -1.500000     12.582785
     -1.490000     12.614408
     -1.480000     12.633975
     -1.470000     12.630597
     -1.460000     12.605286
     -1.450000     12.570428
     -1.440000     12.544734
     -1.430000     12.545366
     -1.420000     12.579755
     -1.410000     12.640512
     -1.400000     12.706867
     -1.390000     12.753797
     -1.380000     12.765552
     -1.370000     12.746203
     -1.360000     12.719830
     -1.350000     12.718372
     -1.340000     12.763222
     -1.330000     12.851811
     -1.320000     12.958238
     -1.310000     13.048418
     -1.300000     13.100540
     -1.290000     13.117852
     -1.280000     13.125643
     -1.270000     13.154840
     -1.260000     13.223395
     -1.250000     13.327705
     -1.240000     13.448830
     -1.230000     13.567962
     -1.220000     13.679730
     -1.210000     13.794658
     -1.200000     13.930672
     -1.190000     14.101489
     -1.180000     14.310905
     -1.170000     14.556077
     -1.160000     14.834929
     -1.150000     15.149290
     -1.140000     15.499263
     -1.130000     15.872257
     -1.120000     16.235789
     -1.110000     16.541630
     -1.100000     16.741195
     -1.090000     16.803820
     -1.080000     16.727088
     -1.070000     16.533451
     -1.060000     16.256507
     -1.050000     15.926595
     -1.040000     15.564520
     -1.030000     15.185110
     -1.020000     14.804695
     -1.010000     14.444347
     -1.000000     14.125203
     -0.990000     13.859414
     -0.980000     13.644219
     -0.970000     13.464348
     -0.960000     13.301522
     -0.950000     13.144567
     -0.940000     12.993610
     -0.930000     12.856623
     -0.920000     12.742131
     -0.910000     12.653929
     -0.900000     12.590920
     -0.890000     12.550493
     -0.880000     12.531232
     -0.870000     12.532137
     -0.860000     12.549319
     -0.850000     12.573804
     -0.840000     12.593206
     -0.830000     12.596542
     -0.820000     12.578560
     -0.810000     12.540195
     -0.800000     12.484983
     -0.790000     12.414394
     -0.780000     12.325357
     -0.770000     12.210537
     -0.760000     12.059081
     -0.750000     11.855544
     -0.740000     11.577856
     -0.730000     11.198330
     -0.720000     10.691318
     -0.710000     10.046464
     -0.700000      9.281028
     -0.690000      8.443104
     -0.680000      7.601818
     -0.670000      6.828100
     -0.660000      6.175106
     -0.650000      5.667080
     -0.640000      5.300009
     -0.630000      5.051060
     -0.620000      4.890531
     -0.610000      4.791026
     -0.600000      4.731774
     -0.590000      4.698857
     -0.580000      4.683274
     -0.570000      4.678692
     -0.560000      4.680081
     -0.550000      4.683570
     -0.540000      4.686911
     -0.530000      4.689426
     -0.520000      4.690829
     -0.510000      4.689578
     -0.500000      4.682265
     -0.490000      4.664980
     -0.480000      4.635876
     -0.470000      4.596966
     -0.460000      4.553649
     -0.450000      4.512290
     -0.440000      4.477652
     -0.430000      4.451837
     -0.420000      4.434975
     -0.410000      4.426522
     -0.400000      4.425963
     -0.390000      4.432623
     -0.380000      4.445143
     -0.370000      4.461297
     -0.360000      4.478209
     -0.350000      4.492610
     -0.340000      4.500848
     -0.330000      4.498894
     -0.320000      4.482872
     -0.310000      4.450276
     -0.300000      4.401359
     -0.290000      4.339751
     -0.280000      4.271712
     -0.270000      4.204311
     -0.260000      4.143436
     -0.250000      4.092562
     -0.240000      4.052581
     -0.230000      4.022416
     -0.220000      3.999935
     -0.210000      3.982782
     -0.200000      3.968921
     -0.190000      3.956881
     -0.180000      3.945736
     -0.170000      3.934927
     -0.160000      3.924014
     -0.150000      3.912388
     -0.140000      3.898883
     -0.130000      3.881207
     -0.120000      3.855176
     -0.110000      3.813881
     -0.100000      3.747189
     -0.090000      3.642145
     -0.080000      3.484932
     -0.070000      3.264627
     -0.060000      2.978235
     -0.050000      2.635568
     -0.040000      2.261984
     -0.030000      1.897292
     -0.020000      1.590251
     -0.010000      1.389601
      0.000000      1.333789
      0.010000      1.442076
      0.020000      1.709443
      0.030000      2.106875
      0.040000      2.587231
      0.050000      3.095409
      0.060000      3.580053
      0.070000      4.003479
      0.080000      4.346994
      0.090000      4.610356
      0.100000      4.806243
      0.110000      4.952384
      0.120000      5.064771
      0.130000      5.154499
      0.140000      5.228579
      0.150000      5.292628
      0.160000      5.352453
      0.170000      5.412871
      0.180000      5.474899
      0.190000      5.534373
      0.200000      5.584332
      0.210000      5.620583
      0.220000      5.646773
      0.230000      5.674869
      0.240000      5.719630
      0.250000      5.789864
      0.260000      5.881957
      0.270000      5.980310
      0.280000      6.065271
      0.290000      6.124429
      0.300000      6.160729
      0.310000      6.192336
      0.320000      6.243739
      0.330000      6.332576
      0.340000      6.459273
      0.350000      6.605349
      0.360000      6.741832
      0.370000      6.843846
      0.380000      6.904090
      0.390000      6.938203
      0.400000      6.978922
      0.410000      7.061390
      0.420000      7.206432
      0.430000      7.409872
      0.440000      7.643514
      0.450000      7.868193
      0.460000      8.053548
      0.470000      8.195576
      0.480000      8.323325
      0.490000      8.490440
      0.500000      8.753937
      0.510000      9.148734
      0.520000      9.669355
      0.530000     10.268018
      0.540000     10.871227
      0.550000     11.407704
      0.560000     11.833932
      0.570000     12.144118
      0.580000     12.359672
      0.590000     12.504938
      0.600000     12.583869
      0.610000     12.571556
      0.620000     12.425723
      0.630000     12.111777
      0.640000     11.627611
      0.650000     11.014780
      0.660000     10.350076
      0.670000      9.721411
      0.680000      9.199014
      0.690000      8.814114
      0.700000      8.552995
      0.710000      8.367367
      0.720000      8.195836
      0.730000      7.987831
      0.740000      7.721248
      0.750000      7.407930
      0.760000      7.085883
      0.770000      6.802114
      0.780000      6.593308
      0.790000      6.471773
      0.800000      6.421464
      0.810000      6.404774
      0.820000      6.376947
      0.830000      6.302527
      0.840000      6.167769
      0.850000      5.984552
      0.860000      5.784566
      0.870000      5.606354
      0.880000      5.480483
      0.890000      5.418567
      0.900000      5.409936
      0.910000      5.426642
      0.920000      5.434544
      0.930000      5.406276
      0.940000      5.331302
      0.950000      5.219351
      0.960000      5.095910
      0.970000      4.991640
      0.980000      4.929944
      0.990000      4.917504
      1.000000      4.941162
      1.010000      4.972020
      1.020000      4.975125
      1.030000      4.921296
      1.040000      4.796900
      1.050000      4.608026
      1.060000      4.377584
      1.070000      4.136735
      1.080000      3.914328
      1.090000      3.728476
      1.100000      3.582877
      1.110000      3.468284
      1.120000      3.367775
      1.130000      3.263846
      1.140000      3.145195
      1.150000      3.011171
      1.160000      2.872258
      1.170000      2.746185
      1.180000      2.650980
      1.190000      2.597768
      1.200000      2.586197
      1.210000      2.604211
      1.220000      2.632028
      1.230000      2.648706
      1.240000      2.638996
      1.250000      2.598234
      1.260000      2.533601
      1.270000      2.461170
      1.280000      2.399605
      1.290000      2.362758
      1.300000      2.354082
      1.310000      2.365192
      1.320000      2.379237
      1.330000      2.377627
      1.340000      2.347273
      1.350000      2.285381
      1.360000      2.200102
      1.370000      2.107190
      1.380000      2.024355
      1.390000      1.965505
      1.400000      1.936635
      1.410000      1.934281
      1.420000      1.946771
      1.430000      1.958015
      1.440000      1.952981
      1.450000      1.923200
      1.460000      1.870135
      1.470000      1.804698
      1.480000      1.742787
      1.490000      1.698665
      1.500000      1.679136
      1.510000      1.681094
      1.520000      1.693345
      1.530000      1.701595
      1.540000      1.694192
      1.550000      1.666219
      1.560000      1.620569
      1.570000      1.566108
      1.580000      1.514091
      1.590000      1.474291
      1.600000      1.452022
      1.610000      1.446641
      1.620000      1.451784
      1.630000      1.457303
      1.640000      1.452601
      1.650000      1.430522
      1.660000      1.390426
      1.670000      1.338958
      1.680000      1.287750
      1.690000      1.248680
      1.700000      1.228701
      1.710000      1.226670
      1.720000      1.233778
      1.730000      1.237483
      1.740000      1.227101
      1.750000      1.198462
      1.760000      1.155468
      1.770000      1.107935
      1.780000      1.066900
      1.790000      1.039738
      1.800000      1.027369
      1.810000      1.024621
      1.820000      1.023131
      1.830000      1.015143
      1.840000      0.996414
      1.850000      0.967259
      1.860000      0.931715
      1.870000      0.895552
      1.880000      0.864055
      1.890000      0.840387
      1.900000      0.824886
      1.910000      0.815262
      1.920000      0.807440
      1.930000      0.796794
      1.940000      0.779567
      1.950000      0.754223
      1.960000      0.722241
      1.970000      0.687860
      1.980000      0.656603
      1.990000      0.633011
      2.000000      0.618565
      2.010000      0.610817
      2.020000      0.604256
      2.030000      0.592649
      2.040000      0.571865
      2.050000      0.541878
      2.060000      0.506917
      2.070000      0.473589
      2.080000      0.447768
      2.090000      0.431785
      2.100000      0.423323
      2.110000      0.416581
      2.120000      0.405104
      2.130000      0.384854
      2.140000      0.356036
      2.150000      0.322839
      2.160000      0.291317
      2.170000      0.266473
      2.180000      0.249972
      2.190000      0.239562
      2.200000      0.230414
      2.210000      0.217660
      2.220000      0.198821
      2.230000      0.174975
      2.240000      0.150188
      2.250000      0.129629
      2.260000      0.117317
      2.270000      0.114490
      2.280000      0.119200
      2.290000      0.127193
      2.300000      0.133654
      2.310000      0.135148
      2.320000      0.130974
      2.330000      0.123450
      2.340000      0.116985
      2.350000      0.116320
      2.360000      0.124590
      2.370000      0.141999
      2.380000      0.165646
      2.390000      0.190692
      2.400000      0.212443
      2.410000      0.228501
      2.420000      0.239928
      2.430000      0.250748
      2.440000      0.265913
      2.450000      0.288690
      2.460000      0.318802
      2.470000      0.352343
      2.480000      0.383572
      2.490000      0.407733
      2.500000      0.423482
      2.510000      0.433676
      2.520000      0.444048
      2.530000      0.460398
      2.540000      0.485692
      2.550000      0.518575
      2.560000      0.554063
      2.570000      0.586028
      2.580000      0.610176
      2.590000      0.626010
      2.600000      0.636907
      2.610000      0.648391
      2.620000      0.665567
      2.630000      0.690927
      2.640000      0.723466
      2.650000      0.759323
      2.660000      0.793502
      2.670000      0.821850
      2.680000      0.842549
      2.690000      0.856706
      2.700000      0.868007
      2.710000      0.881551
      2.720000      0.902104
      2.730000      0.932176
      2.740000      0.970606
      2.750000      1.012445
      2.760000      1.050575
      2.770000      1.078722
      2.780000      1.094624
      2.790000      1.101718
      2.800000      1.108176
      2.810000      1.123379
      2.820000      1.153373
      2.830000      1.197608
      2.840000      1.248805
      2.850000      1.296202
      2.860000      1.330616
      2.870000      1.348781
      2.880000      1.354831
      2.890000      1.358368
      2.900000      1.370185
      2.910000      1.397709
      2.920000      1.442036
      2.930000      1.497554
      2.940000      1.554122
      2.950000      1.600952
      2.960000      1.630879
      2.970000      1.643483
      2.980000      1.645756
      2.990000      1.649734
      3.000000      1.667719
      3.010000      1.706941
      3.020000      1.766035
      3.030000      1.835155
      3.040000      1.899902
      3.050000      1.947424
      3.060000      1.971990
      3.070000      1.977610
      3.080000      1.976671
      3.090000      1.985224
      3.100000      2.016775
      3.110000      2.076930
      3.120000      2.160941
      3.130000      2.255303
      3.140000      2.342972
      3.150000      2.410251
      3.160000      2.452465
      3.170000      2.475975
      3.180000      2.495641
      3.190000      2.528727
      3.200000      2.587720
      3.210000      2.674947
      3.220000      2.781415
      3.230000      2.890864
      3.240000      2.988026
      3.250000      3.068022
      3.260000      3.142842
      3.270000      3.241435
      3.280000      3.402252
      3.290000      3.660092
      3.300000      4.031791
      3.310000      4.506408
      3.320000      5.044645
      3.330000      5.589052
      3.340000      6.082121
      3.350000      6.485599
      3.360000      6.793177
      3.370000      7.031074
      3.380000      7.245948
      3.390000      7.484977
      3.400000      7.776501
      3.410000      8.119934
      3.420000      8.490223
      3.430000      8.855701
      3.440000      9.201267
      3.450000      9.544833
      3.460000      9.937003
      3.470000     10.441792
      3.480000     11.106231
      3.490000     11.933201
      3.500000     12.870769
      3.510000     13.823188
      3.520000     14.678155
      3.530000     15.337959
      3.540000     15.742200
      3.550000     15.875724
      3.560000     15.762675
      3.570000     15.452137
      3.580000     15.001437
      3.590000     14.461786
      3.600000     13.869390
      3.610000     13.243974
      3.620000     12.594689
      3.630000     11.930400
      3.640000     11.268912
      3.650000     10.639766
      3.660000     10.078467
      3.670000      9.614648
      3.680000      9.260069
      3.690000      9.002562
      3.700000      8.809274
      3.710000      8.638256
      3.720000      8.453745
      3.730000      8.238785
      3.740000      7.999965
      3.750000      7.762471
      3.760000      7.557754
      3.770000      7.409110
      3.780000      7.321147
      3.790000      7.277274
      3.800000      7.246084
      3.810000      7.193872
      3.820000      7.098120
      3.830000      6.956369
      3.840000      6.786881
      3.850000      6.620890
      3.860000      6.489717
      3.870000      6.411982
      3.880000      6.386029
      3.890000      6.390533
      3.900000      6.393023
      3.910000      6.362904
      3.920000      6.283744
      3.930000      6.159847
      3.940000      6.014496
      3.950000      5.880563
      3.960000      5.787302
      3.970000      5.748604
      3.980000      5.757374
      3.990000      5.788254
      4.000000      5.807601
      4.010000      5.786793
      4.020000      5.713582
      4.030000      5.596958
      4.040000      5.463553
      4.050000      5.347030
      4.060000      5.274755
      4.070000      5.257116
      4.080000      5.283735
      4.090000      5.327934
      4.100000      5.357564
      4.110000      5.347853
      4.120000      5.291168
      4.130000      5.199872
      4.140000      5.101241
      4.150000      5.026644
      4.160000      4.999486
      4.170000      5.026681
      4.180000      5.096711
      4.190000      5.184456
      4.200000      5.260416
      4.210000      5.300453
      4.220000      5.292463
      4.230000      5.237970
      4.240000      5.149014
      4.250000      5.042643
      4.260000      4.935886
      4.270000      4.842953
      4.280000      4.774447
      4.290000      4.736891
      4.300000      4.731158
      4.310000      4.750164
      4.320000      4.778016
      4.330000      4.793016
      4.340000      4.774831
      4.350000      4.713186
      4.360000      4.613659
      4.370000      4.497094
      4.380000      4.392378
      4.390000      4.325668
      4.400000      4.310736
      4.410000      4.344068
      4.420000      4.405881
      4.430000      4.465790
      4.440000      4.490662
      4.450000      4.452278
      4.460000      4.333164
      4.470000      4.129811
      4.480000      3.853211
      4.490000      3.526861
      4.500000      3.182427
      4.510000      2.853241
      4.520000      2.566393
      4.530000      2.335403
      4.540000      2.156462
      4.550000      2.010790
      4.560000      1.873170
      4.570000      1.723471
      4.580000      1.556091
      4.590000      1.383149
      4.600000      1.230340
      4.610000      1.127526
      4.620000      1.097720
      4.630000      1.147954
      4.640000      1.264662
      4.650000      1.415204
      4.660000      1.555885
      4.670000      1.644747
      4.680000      1.655104
      4.690000      1.584746
      4.700000      1.457041
      4.710000      1.313444
      4.720000      1.200304
      4.730000      1.154616
      4.740000      1.193019
      4.750000      1.306871
      4.760000      1.464573
      4.770000      1.620743
      4.780000      1.730036
      4.790000      1.761622
      4.800000      1.709390
      4.810000      1.593966
      4.820000      1.455578
      4.830000      1.340391
      4.840000      1.285386
      4.850000      1.307076
      4.860000      1.397531
      4.870000      1.528397
      4.880000      1.661005
      4.890000      1.758992
      4.900000      1.799365
      4.910000      1.778619
      4.920000      1.712167
      4.930000      1.627597
      4.940000      1.554385
      4.950000      1.514030
      4.960000      1.514291
      4.970000      1.549387
      4.980000      1.605275
      4.990000      1.666916
      5.000000      1.723909
