# EIG2DOS: Utility for SIESTA to obtain the electronic density of states
#
#                                                  Emilio Artacho, Apr. 1999
# --------------------------------------------------------------------------
# Nbands, Nspin, Nk   =    936     1   352
# E_F                 =    -5.9655 eV
# Broadening          =     0.0500 eV
# Number of electrons =   285.4943  285.9848 per cell
#
#        E            N
# --------------------------------------------------------------------------
    -10.000000      5.242340
     -9.980000      5.180669
     -9.960000      5.132065
     -9.940000      5.161177
     -9.920000      5.260762
     -9.900000      5.402844
     -9.880000      5.546264
     -9.860000      5.623279
     -9.840000      5.615438
     -9.820000      5.619312
     -9.800000      5.737472
     -9.780000      5.937372
     -9.760000      6.114561
     -9.740000      6.253515
     -9.720000      6.429564
     -9.700000      6.681780
     -9.680000      6.939248
     -9.660000      7.041427
     -9.640000      6.870309
     -9.620000      6.533855
     -9.600000      6.303992
     -9.580000      6.281972
     -9.560000      6.262937
     -9.540000      5.993792
     -9.520000      5.448712
     -9.500000      4.836506
     -9.480000      4.421537
     -9.460000      4.322167
     -9.440000      4.425422
     -9.420000      4.525600
     -9.400000      4.568573
     -9.380000      4.709207
     -9.360000      5.127587
     -9.340000      5.823795
     -9.320000      6.566192
     -9.300000      7.041513
     -9.280000      7.085728
     -9.260000      6.747673
     -9.240000      6.204886
     -9.220000      5.738215
     -9.200000      5.635915
     -9.180000      5.911539
     -9.160000      6.241088
     -9.140000      6.341667
     -9.120000      6.264932
     -9.100000      6.183761
     -9.080000      6.072010
     -9.060000      5.781141
     -9.040000      5.319430
     -9.020000      4.881909
     -9.000000      4.649335
     -8.980000      4.670750
     -8.960000      4.911805
     -8.940000      5.311860
     -8.920000      5.767720
     -8.900000      6.119963
     -8.880000      6.217347
     -8.860000      6.024382
     -8.840000      5.665995
     -8.820000      5.356711
     -8.800000      5.279503
     -8.780000      5.490538
     -8.760000      5.865056
     -8.740000      6.136497
     -8.720000      6.088632
     -8.700000      5.768095
     -8.680000      5.454737
     -8.660000      5.378248
     -8.640000      5.518800
     -8.620000      5.725902
     -8.600000      5.952499
     -8.580000      6.274861
     -8.560000      6.692066
     -8.540000      7.004744
     -8.520000      6.986213
     -8.500000      6.646264
     -8.480000      6.222534
     -8.460000      5.946146
     -8.440000      5.887192
     -8.420000      5.917848
     -8.400000      5.773254
     -8.380000      5.308657
     -8.360000      4.712153
     -8.340000      4.309406
     -8.320000      4.212849
     -8.300000      4.293310
     -8.280000      4.398995
     -8.260000      4.485065
     -8.240000      4.587758
     -8.220000      4.746793
     -8.200000      4.942359
     -8.180000      5.101047
     -8.160000      5.186342
     -8.140000      5.265284
     -8.120000      5.453698
     -8.100000      5.813472
     -8.080000      6.311248
     -8.060000      6.854343
     -8.040000      7.377923
     -8.020000      7.873158
     -8.000000      8.275668
     -7.980000      8.429725
     -7.960000      8.290566
     -7.940000      8.046384
     -7.920000      7.920230
     -7.900000      7.959306
     -7.880000      8.070852
     -7.860000      8.143628
     -7.840000      8.097941
     -7.820000      7.896749
     -7.800000      7.551484
     -7.780000      7.122908
     -7.760000      6.699905
     -7.740000      6.335066
     -7.720000      6.016121
     -7.700000      5.742203
     -7.680000      5.585090
     -7.660000      5.619143
     -7.640000      5.787106
     -7.620000      5.879324
     -7.600000      5.729314
     -7.580000      5.421378
     -7.560000      5.218618
     -7.540000      5.288618
     -7.520000      5.554508
     -7.500000      5.818138
     -7.480000      5.991712
     -7.460000      6.176330
     -7.440000      6.511786
     -7.420000      6.981654
     -7.400000      7.411681
     -7.380000      7.650760
     -7.360000      7.691318
     -7.340000      7.623362
     -7.320000      7.532610
     -7.300000      7.454407
     -7.280000      7.418164
     -7.260000      7.472668
     -7.240000      7.608669
     -7.220000      7.747116
     -7.200000      7.844682
     -7.180000      7.907581
     -7.160000      7.914879
     -7.140000      7.822672
     -7.120000      7.627678
     -7.100000      7.399202
     -7.080000      7.254740
     -7.060000      7.278925
     -7.040000      7.452251
     -7.020000      7.665200
     -7.000000      7.794515
     -6.980000      7.773322
     -6.960000      7.620852
     -6.940000      7.417730
     -6.920000      7.252252
     -6.900000      7.192299
     -6.880000      7.267342
     -6.860000      7.426207
     -6.840000      7.533931
     -6.820000      7.475549
     -6.800000      7.288152
     -6.780000      7.139170
     -6.760000      7.132531
     -6.740000      7.196323
     -6.720000      7.205159
     -6.700000      7.135834
     -6.680000      7.049198
     -6.660000      7.001462
     -6.640000      7.041304
     -6.620000      7.231713
     -6.600000      7.593159
     -6.580000      8.020076
     -6.560000      8.310258
     -6.540000      8.330504
     -6.520000      8.147322
     -6.500000      7.970109
     -6.480000      7.972584
     -6.460000      8.165242
     -6.440000      8.414940
     -6.420000      8.590682
     -6.400000      8.674184
     -6.380000      8.681811
     -6.360000      8.554530
     -6.340000      8.250441
     -6.320000      7.877419
     -6.300000      7.600208
     -6.280000      7.455981
     -6.260000      7.341267
     -6.240000      7.142410
     -6.220000      6.845875
     -6.200000      6.558124
     -6.180000      6.437973
     -6.160000      6.576985
     -6.140000      6.888891
     -6.120000      7.132870
     -6.100000      7.138562
     -6.080000      6.998996
     -6.060000      6.957233
     -6.040000      7.137886
     -6.020000      7.460716
     -6.000000      7.781466
     -5.980000      8.085033
     -5.960000      8.553025
     -5.940000      9.401518
     -5.920000     10.634179
     -5.900000     12.027821
     -5.880000     13.360031
     -5.860000     14.515967
     -5.840000     15.314367
     -5.820000     15.371653
     -5.800000     14.365327
     -5.780000     12.520444
     -5.760000     10.660503
     -5.740000      9.619789
     -5.720000      9.696971
     -5.700000     10.640070
     -5.680000     11.875158
     -5.660000     12.804316
     -5.640000     13.229724
     -5.620000     13.472914
     -5.600000     13.892581
     -5.580000     14.430841
     -5.560000     14.775336
     -5.540000     14.796264
     -5.520000     14.696749
     -5.500000     14.799977
     -5.480000     15.222772
     -5.460000     15.744581
     -5.440000     15.997333
     -5.420000     15.736319
     -5.400000     14.939040
     -5.380000     13.809529
     -5.360000     12.751692
     -5.340000     12.178221
     -5.320000     12.237386
     -5.300000     12.746148
     -5.280000     13.373532
     -5.260000     13.889282
     -5.240000     14.305706
     -5.220000     14.807029
     -5.200000     15.512452
     -5.180000     16.286987
     -5.160000     16.789480
     -5.140000     16.723134
     -5.120000     16.063742
     -5.100000     15.087910
     -5.080000     14.183666
     -5.060000     13.590779
     -5.040000     13.316457
     -5.020000     13.264319
     -5.000000     13.364141
     -4.980000     13.587604
     -4.960000     13.900200
     -4.940000     14.216622
     -4.920000     14.416282
     -4.900000     14.411594
     -4.880000     14.204259
     -4.860000     13.959422
     -4.840000     14.035055
     -4.820000     14.684091
     -4.800000     15.615177
     -4.780000     16.135827
     -4.760000     15.864539
     -4.740000     15.068650
     -4.720000     14.283037
     -4.700000     13.895892
     -4.680000     14.122577
     -4.660000     14.997941
     -4.640000     16.189933
     -4.620000     17.112787
     -4.600000     17.487128
     -4.580000     17.551305
     -4.560000     17.573578
     -4.540000     17.529304
     -4.520000     17.355859
     -4.500000     17.128280
     -4.480000     16.948212
     -4.460000     16.925355
     -4.440000     17.168212
     -4.420000     17.608408
     -4.400000     17.986389
     -4.380000     18.138204
     -4.360000     18.177300
     -4.340000     18.349564
     -4.320000     18.764310
     -4.300000     19.230126
     -4.280000     19.387647
     -4.260000     19.076273
     -4.240000     18.470530
     -4.220000     17.862070
     -4.200000     17.454823
     -4.180000     17.270882
     -4.160000     17.078576
     -4.140000     16.507482
     -4.120000     15.414406
     -4.100000     14.106038
     -4.080000     13.094478
     -4.060000     12.711458
     -4.040000     12.981142
     -4.020000     13.659922
     -4.000000     14.356857
     -3.980000     14.749394
     -3.960000     14.675401
     -3.940000     14.086308
     -3.920000     13.125885
     -3.900000     12.188780
     -3.880000     11.658364
     -3.860000     11.604745
     -3.840000     11.854921
     -3.820000     12.264754
     -3.800000     12.809763
     -3.780000     13.480564
     -3.760000     14.199373
     -3.740000     14.862962
     -3.720000     15.405792
     -3.700000     15.735263
     -3.680000     15.671346
     -3.660000     15.094344
     -3.640000     14.112144
     -3.620000     12.985631
     -3.600000     11.955318
     -3.580000     11.205904
     -3.560000     10.862346
     -3.540000     10.871097
     -3.520000     10.978118
     -3.500000     10.953457
     -3.480000     10.762046
     -3.460000     10.474726
     -3.440000     10.170465
     -3.420000      9.967761
     -3.400000      9.967581
     -3.380000     10.099508
     -3.360000     10.161791
     -3.340000     10.034128
     -3.320000      9.742897
     -3.300000      9.364874
     -3.280000      8.984323
     -3.260000      8.719335
     -3.240000      8.708107
     -3.220000      9.000863
     -3.200000      9.437586
     -3.180000      9.721702
     -3.160000      9.711296
     -3.140000      9.591595
     -3.120000      9.662430
     -3.100000      9.974810
     -3.080000     10.284467
     -3.060000     10.366186
     -3.040000     10.229973
     -3.020000      9.981764
     -3.000000      9.645965
     -2.980000      9.218601
     -2.960000      8.758883
     -2.940000      8.364019
     -2.920000      8.128551
     -2.900000      8.130019
     -2.880000      8.402014
     -2.860000      8.899451
     -2.840000      9.478629
     -2.820000      9.942003
     -2.800000     10.167000
     -2.780000     10.195212
     -2.760000     10.176326
     -2.740000     10.261381
     -2.720000     10.554684
     -2.700000     11.080015
     -2.680000     11.736926
     -2.660000     12.344975
     -2.640000     12.784483
     -2.620000     13.069090
     -2.600000     13.254806
     -2.580000     13.315797
     -2.560000     13.148240
     -2.540000     12.671502
     -2.520000     11.902728
     -2.500000     10.942779
     -2.480000      9.918531
     -2.460000      9.015242
     -2.440000      8.554383
     -2.420000      8.877563
     -2.400000     10.060339
     -2.380000     11.760145
     -2.360000     13.348316
     -2.340000     14.186028
     -2.320000     13.871532
     -2.300000     12.471043
     -2.280000     10.630453
     -2.260000      9.280941
     -2.240000      9.071259
     -2.220000     10.000281
     -2.200000     11.444105
     -2.180000     12.534545
     -2.160000     12.727965
     -2.140000     12.164200
     -2.120000     11.474003
     -2.100000     11.200554
     -2.080000     11.399436
     -2.060000     11.739585
     -2.040000     11.874873
     -2.020000     11.712653
     -2.000000     11.408175
     -1.980000     11.159657
     -1.960000     11.081313
     -1.940000     11.257799
     -1.920000     11.753532
     -1.900000     12.496668
     -1.880000     13.233182
     -1.860000     13.619384
     -1.840000     13.357163
     -1.820000     12.369536
     -1.800000     10.964135
     -1.780000      9.741380
     -1.760000      9.244914
     -1.740000      9.671920
     -1.720000     10.772353
     -1.700000     11.928576
     -1.680000     12.489167
     -1.660000     12.182601
     -1.640000     11.257889
     -1.620000     10.307975
     -1.600000      9.935775
     -1.580000     10.375381
     -1.560000     11.303753
     -1.540000     12.118003
     -1.520000     12.473474
     -1.500000     12.468518
     -1.480000     12.328036
     -1.460000     12.114171
     -1.440000     11.787003
     -1.420000     11.347970
     -1.400000     10.842472
     -1.380000     10.349624
     -1.360000     10.018411
     -1.340000     10.031917
     -1.320000     10.489877
     -1.300000     11.333494
     -1.280000     12.396634
     -1.260000     13.477625
     -1.240000     14.317244
     -1.220000     14.646841
     -1.200000     14.380957
     -1.180000     13.714221
     -1.160000     13.006882
     -1.140000     12.545291
     -1.120000     12.326096
     -1.100000     12.085360
     -1.080000     11.597687
     -1.060000     10.938172
     -1.040000     10.437013
     -1.020000     10.367434
     -1.000000     10.652888
     -0.980000     10.902536
     -0.960000     10.761429
     -0.940000     10.196714
     -0.920000      9.458078
     -0.900000      8.843553
     -0.880000      8.514779
     -0.860000      8.499356
     -0.840000      8.867484
     -0.820000      9.806518
     -0.800000     11.314703
     -0.780000     12.820343
     -0.760000     13.402085
     -0.740000     12.595207
     -0.720000     10.883955
     -0.700000      9.278675
     -0.680000      8.448160
     -0.660000      8.282030
     -0.640000      8.206908
     -0.620000      7.840572
     -0.600000      7.285826
     -0.580000      6.834631
     -0.560000      6.589913
     -0.540000      6.469868
     -0.520000      6.402850
     -0.500000      6.386924
     -0.480000      6.442794
     -0.460000      6.575975
     -0.440000      6.755906
     -0.420000      6.906844
     -0.400000      6.929144
     -0.380000      6.778535
     -0.360000      6.560971
     -0.340000      6.511454
     -0.320000      6.803397
     -0.300000      7.354163
     -0.280000      7.866475
     -0.260000      8.068773
     -0.240000      7.878301
     -0.220000      7.400497
     -0.200000      6.861481
     -0.180000      6.492854
     -0.160000      6.414025
     -0.140000      6.609131
     -0.120000      6.964704
     -0.100000      7.320348
     -0.080000      7.579326
     -0.060000      7.785087
     -0.040000      8.005045
     -0.020000      8.156965
      0.000000      8.041653
      0.020000      7.563980
      0.040000      6.856763
      0.060000      6.136962
      0.080000      5.521840
      0.100000      5.060089
      0.120000      4.800076
      0.140000      4.728669
      0.160000      4.775799
      0.180000      4.899238
      0.200000      5.047094
      0.220000      5.117285
      0.240000      5.076719
      0.260000      5.038489
      0.280000      5.134115
      0.300000      5.326854
      0.320000      5.378299
      0.340000      5.044397
      0.360000      4.340938
      0.380000      3.575271
      0.400000      3.078362
      0.420000      2.938905
      0.440000      3.008486
      0.460000      3.085495
      0.480000      3.029662
      0.500000      2.770828
      0.520000      2.343264
      0.540000      1.934931
      0.560000      1.810879
      0.580000      2.111097
      0.600000      2.708929
      0.620000      3.277914
      0.640000      3.511737
      0.660000      3.324231
      0.680000      2.895041
      0.700000      2.532575
      0.720000      2.456956
      0.740000      2.673063
      0.760000      3.016682
      0.780000      3.294558
      0.800000      3.393761
      0.820000      3.314662
      0.840000      3.134283
      0.860000      2.932486
      0.880000      2.742960
      0.900000      2.566548
      0.920000      2.407264
      0.940000      2.275421
      0.960000      2.173564
      0.980000      2.095023
      1.000000      2.026570
      1.020000      1.957813
      1.040000      1.893073
      1.060000      1.838453
      1.080000      1.785192
      1.100000      1.725383
      1.120000      1.666988
      1.140000      1.617145
      1.160000      1.569735
      1.180000      1.518215
      1.200000      1.464756
      1.220000      1.414396
      1.240000      1.369047
      1.260000      1.324865
      1.280000      1.275829
      1.300000      1.224385
      1.320000      1.179555
      1.340000      1.139864
      1.360000      1.094178
      1.380000      1.043255
      1.400000      0.998957
      1.420000      0.960691
      1.440000      0.916884
      1.460000      0.868088
      1.480000      0.824473
      1.500000      0.784419
      1.520000      0.736779
      1.540000      0.677224
      1.560000      0.606573
      1.580000      0.524848
      1.600000      0.439579
      1.620000      0.366577
      1.640000      0.313800
      1.660000      0.275425
      1.680000      0.242333
      1.700000      0.207883
      1.720000      0.167063
      1.740000      0.119652
      1.760000      0.073142
      1.780000      0.038286
      1.800000      0.022021
      1.820000      0.025414
      1.840000      0.045699
      1.860000      0.077384
      1.880000      0.112280
      1.900000      0.142374
      1.920000      0.166135
      1.940000      0.189236
      1.960000      0.214583
      1.980000      0.237943
      2.000000      0.258069
      2.020000      0.280467
      2.040000      0.306583
      2.060000      0.330640
      2.080000      0.350953
      2.100000      0.373389
      2.120000      0.400133
      2.140000      0.425588
      2.160000      0.447118
      2.180000      0.470368
      2.200000      0.499599
      2.220000      0.533362
      2.240000      0.576470
      2.260000      0.644550
      2.280000      0.745034
      2.300000      0.861229
      2.320000      0.967704
      2.340000      1.054527
      2.360000      1.126122
      2.380000      1.186776
      2.400000      1.240776
      2.420000      1.296523
      2.440000      1.356013
      2.460000      1.413977
      2.480000      1.472649
      2.500000      1.536493
      2.520000      1.600579
      2.540000      1.663918
      2.560000      1.733610
      2.580000      1.807294
      2.600000      1.878655
      2.620000      1.954615
      2.640000      2.042340
      2.660000      2.136474
      2.680000      2.240566
      2.700000      2.376231
      2.720000      2.549439
      2.740000      2.735895
      2.760000      2.921332
      2.780000      3.122459
      2.800000      3.338118
      2.820000      3.504046
      2.840000      3.534363
      2.860000      3.416898
      2.880000      3.247565
      2.900000      3.157925
      2.920000      3.226742
      2.940000      3.452479
      2.960000      3.742839
      2.980000      3.918117
      3.000000      3.818557
      3.020000      3.457844
      3.040000      3.038506
      3.060000      2.835735
      3.080000      3.068613
      3.100000      3.754160
      3.120000      4.603000
      3.140000      5.159553
      3.160000      5.178509
      3.180000      4.874928
      3.200000      4.737556
      3.220000      5.083106
      3.240000      5.844828
      3.260000      6.789339
      3.280000      7.813713
      3.300000      8.923768
      3.320000     10.020422
      3.340000     10.910716
      3.360000     11.519511
      3.380000     11.905670
      3.400000     12.046925
      3.420000     11.759654
      3.440000     10.920023
      3.460000      9.696581
      3.480000      8.465419
      3.500000      7.526689
      3.520000      6.971038
      3.540000      6.763419
      3.560000      6.827796
      3.580000      7.019162
      3.600000      7.126606
      3.620000      7.018195
      3.640000      6.768267
      3.660000      6.579995
      3.680000      6.592731
      3.700000      6.770819
      3.720000      6.934122
      3.740000      6.906746
      3.760000      6.672937
      3.780000      6.372231
      3.800000      6.170029
      3.820000      6.178906
      3.840000      6.427459
      3.860000      6.820828
      3.880000      7.174875
      3.900000      7.326175
      3.920000      7.196653
      3.940000      6.801197
      3.960000      6.246944
      3.980000      5.695938
      4.000000      5.276896
      4.020000      5.023850
      4.040000      4.912129
      4.060000      4.930866
      4.080000      5.088647
      4.100000      5.362010
      4.120000      5.662833
      4.140000      5.855110
      4.160000      5.815618
      4.180000      5.510747
      4.200000      5.011416
      4.220000      4.433190
      4.240000      3.920267
      4.260000      3.685012
      4.280000      3.922990
      4.300000      4.599610
      4.320000      5.405077
      4.340000      5.985943
      4.360000      6.176422
      4.380000      6.022854
      4.400000      5.675204
      4.420000      5.264725
      4.440000      4.839504
      4.460000      4.405322
      4.480000      4.004910
      4.500000      3.714424
      4.520000      3.580866
      4.540000      3.599080
      4.560000      3.724920
      4.580000      3.900023
      4.600000      4.099928
      4.620000      4.337564
      4.640000      4.588072
      4.660000      4.777953
      4.680000      4.881046
      4.700000      4.937143
      4.720000      4.952276
      4.740000      4.871557
      4.760000      4.677561
      4.780000      4.448571
      4.800000      4.299889
      4.820000      4.314678
      4.840000      4.515277
      4.860000      4.828596
      4.880000      5.094580
      4.900000      5.163776
      4.920000      4.975509
      4.940000      4.569528
      4.960000      4.095433
      4.980000      3.774866
      5.000000      3.775714
      5.020000      4.105994
      5.040000      4.618452
      5.060000      5.114975
      5.080000      5.461657
      5.100000      5.607536
      5.120000      5.524507
      5.140000      5.205545
      5.160000      4.740972
      5.180000      4.300143
      5.200000      3.979226
      5.220000      3.743925
      5.240000      3.565595
      5.260000      3.517233
      5.280000      3.663394
      5.300000      3.936501
      5.320000      4.200133
      5.340000      4.371498
      5.360000      4.437005
      5.380000      4.423480
      5.400000      4.379733
      5.420000      4.326138
      5.440000      4.223072
      5.460000      4.018020
      5.480000      3.716230
      5.500000      3.409760
      5.520000      3.225356
      5.540000      3.217836
      5.560000      3.340091
      5.580000      3.538470
      5.600000      3.836301
      5.620000      4.271953
      5.640000      4.747863
      5.660000      4.997137
      5.680000      4.785396
      5.700000      4.162667
      5.720000      3.450588
      5.740000      2.967407
      5.760000      2.817256
      5.780000      2.922797
      5.800000      3.167226
      5.820000      3.475164
      5.840000      3.810645
      5.860000      4.142053
      5.880000      4.414193
      5.900000      4.571065
      5.920000      4.607904
      5.940000      4.561995
      5.960000      4.466145
      5.980000      4.356609
      6.000000      4.287258
      6.020000      4.279357
      6.040000      4.280562
      6.060000      4.217630
      6.080000      4.097838
      6.100000      4.023335
      6.120000      4.065367
      6.140000      4.164810
      6.160000      4.209329
      6.180000      4.157155
      6.200000      4.038845
      6.220000      3.883745
      6.240000      3.686785
      6.260000      3.446461
      6.280000      3.215840
      6.300000      3.077216
      6.320000      3.055919
      6.340000      3.095639
      6.360000      3.130739
      6.380000      3.145118
      6.400000      3.145411
      6.420000      3.121330
      6.440000      3.062135
      6.460000      2.989869
      6.480000      2.958887
      6.500000      3.020865
      6.520000      3.168256
      6.540000      3.315531
      6.560000      3.388512
      6.580000      3.410013
      6.600000      3.433417
      6.620000      3.454829
      6.640000      3.451627
      6.660000      3.431595
      6.680000      3.408207
      6.700000      3.384544
      6.720000      3.366013
      6.740000      3.355967
      6.760000      3.349597
      6.780000      3.343575
      6.800000      3.343317
      6.820000      3.372684
      6.840000      3.471607
      6.860000      3.645593
      6.880000      3.828570
      6.900000      3.935171
      6.920000      3.930317
      6.940000      3.827283
      6.960000      3.654431
      6.980000      3.439651
      7.000000      3.199457
      7.020000      2.941260
      7.040000      2.695470
      7.060000      2.537339
      7.080000      2.545950
      7.100000      2.720324
      7.120000      2.947476
      7.140000      3.087420
      7.160000      3.097280
      7.180000      3.037996
      7.200000      2.964488
      7.220000      2.875319
      7.240000      2.775401
      7.260000      2.711296
      7.280000      2.713964
      7.300000      2.747410
      7.320000      2.742690
      7.340000      2.676940
      7.360000      2.604970
      7.380000      2.605332
      7.400000      2.707094
      7.420000      2.882196
      7.440000      3.089508
      7.460000      3.302495
      7.480000      3.498674
      7.500000      3.640956
      7.520000      3.682848
      7.540000      3.589656
      7.560000      3.364110
      7.580000      3.072371
      7.600000      2.824350
      7.620000      2.703145
      7.640000      2.719204
      7.660000      2.821057
      7.680000      2.936661
      7.700000      3.016887
      7.720000      3.044262
      7.740000      3.011472
      7.760000      2.930647
      7.780000      2.863855
      7.800000      2.895166
      7.820000      3.054655
      7.840000      3.293075
      7.860000      3.541911
      7.880000      3.769867
      7.900000      3.947554
      7.920000      3.987321
      7.940000      3.788002
      7.960000      3.352028
      7.980000      2.820496
      8.000000      2.374586
      8.020000      2.120639
      8.040000      2.076608
      8.060000      2.207891
      8.080000      2.431977
      8.100000      2.654208
      8.120000      2.845136
      8.140000      3.022449
      8.160000      3.146353
      8.180000      3.123471
      8.200000      2.931926
      8.220000      2.664840
      8.240000      2.442558
      8.260000      2.334739
      8.280000      2.354954
      8.300000      2.474670
      8.320000      2.624114
      8.340000      2.717373
      8.360000      2.728149
      8.380000      2.732984
      8.400000      2.835867
      8.420000      3.068173
      8.440000      3.398251
      8.460000      3.783844
      8.480000      4.148935
      8.500000      4.360990
      8.520000      4.325494
      8.540000      4.099338
      8.560000      3.844246
      8.580000      3.665928
      8.600000      3.549235
      8.620000      3.436703
      8.640000      3.303257
      8.660000      3.150045
      8.680000      2.978113
      8.700000      2.788711
      8.720000      2.597905
      8.740000      2.442319
      8.760000      2.358955
      8.780000      2.357003
      8.800000      2.413330
      8.820000      2.481989
      8.840000      2.510290
      8.860000      2.461917
      8.880000      2.329041
      8.900000      2.145311
      8.920000      1.984571
      8.940000      1.895975
      8.960000      1.840158
      8.980000      1.726593
      9.000000      1.503027
      9.020000      1.194733
      9.040000      0.904407
      9.060000      0.820564
      9.080000      1.200859
      9.100000      2.293391
      9.120000      4.218766
      9.140000      6.829133
      9.160000      9.623254
      9.180000     11.939800
      9.200000     13.409874
      9.220000     14.132838
      9.240000     14.315663
      9.260000     14.038613
      9.280000     13.579960
      9.300000     13.508865
      9.320000     14.073088
      9.340000     14.875631
      9.360000     15.359354
      9.380000     15.207811
      9.400000     14.331701
      9.420000     12.953423
      9.440000     11.677940
      9.460000     11.151916
      9.480000     11.552692
      9.500000     12.495142
      9.520000     13.513614
      9.540000     14.508440
      9.560000     15.579723
      9.580000     16.611926
      9.600000     17.287830
      9.620000     17.493843
      9.640000     17.539069
      9.660000     17.847672
      9.680000     18.441866
      9.700000     18.890226
      9.720000     18.859755
      9.740000     18.553387
      9.760000     18.415280
      9.780000     18.531249
      9.800000     18.576704
      9.820000     18.288568
      9.840000     17.737417
      9.860000     17.152802
      9.880000     16.657219
      9.900000     16.200294
      9.920000     15.695962
      9.940000     15.207852
      9.960000     14.962200
      9.980000     15.118437
     10.000000     15.600321
