# EIG2DOS: Utility for SIESTA to obtain the electronic density of states
#
#                                                  Emilio Artacho, Apr. 1999
# --------------------------------------------------------------------------
# Nbands, Nspin, Nk   =    936     1   352
# E_F                 =    -5.9469 eV
# Broadening          =     0.0500 eV
# Number of electrons =   285.8807  286.2607 per cell
#
#        E            N
# --------------------------------------------------------------------------
    -10.000000      5.762432
     -9.980000      5.918982
     -9.960000      5.983020
     -9.940000      5.993041
     -9.920000      6.011038
     -9.900000      6.052606
     -9.880000      6.080737
     -9.860000      6.079649
     -9.840000      6.100137
     -9.820000      6.218137
     -9.800000      6.489115
     -9.780000      6.920024
     -9.760000      7.388943
     -9.740000      7.621411
     -9.720000      7.383513
     -9.700000      6.730320
     -9.680000      6.016142
     -9.660000      5.631904
     -9.640000      5.704959
     -9.620000      6.044107
     -9.600000      6.366838
     -9.580000      6.517347
     -9.560000      6.437274
     -9.540000      6.071039
     -9.520000      5.469489
     -9.500000      4.903551
     -9.480000      4.699300
     -9.460000      4.962349
     -9.440000      5.498556
     -9.420000      5.976566
     -9.400000      6.183349
     -9.380000      6.121591
     -9.360000      5.864903
     -9.340000      5.455350
     -9.320000      5.005293
     -9.300000      4.723174
     -9.280000      4.721664
     -9.260000      4.905115
     -9.240000      5.109342
     -9.220000      5.278856
     -9.200000      5.469692
     -9.180000      5.718197
     -9.160000      5.949868
     -9.140000      6.024853
     -9.120000      5.852924
     -9.100000      5.463090
     -9.080000      4.987458
     -9.060000      4.592357
     -9.040000      4.418289
     -9.020000      4.550667
     -9.000000      4.981484
     -8.980000      5.563666
     -8.960000      6.052878
     -8.940000      6.257951
     -8.920000      6.147464
     -8.900000      5.805263
     -8.880000      5.336710
     -8.860000      4.851883
     -8.840000      4.475381
     -8.820000      4.276812
     -8.800000      4.201809
     -8.780000      4.147853
     -8.760000      4.102245
     -8.740000      4.151793
     -8.720000      4.363254
     -8.700000      4.684342
     -8.680000      4.961919
     -8.660000      5.071770
     -8.640000      5.047875
     -8.620000      5.049866
     -8.600000      5.188015
     -8.580000      5.416994
     -8.560000      5.590305
     -8.540000      5.585520
     -8.520000      5.411239
     -8.500000      5.210868
     -8.480000      5.126842
     -8.460000      5.160886
     -8.440000      5.179839
     -8.420000      5.054687
     -8.400000      4.808475
     -8.380000      4.611717
     -8.360000      4.607606
     -8.340000      4.784828
     -8.320000      5.039803
     -8.300000      5.311343
     -8.280000      5.629326
     -8.260000      6.047339
     -8.240000      6.536957
     -8.220000      6.973475
     -8.200000      7.269660
     -8.180000      7.485262
     -8.160000      7.709254
     -8.140000      7.881553
     -8.120000      7.862440
     -8.100000      7.629635
     -8.080000      7.286918
     -8.060000      6.946947
     -8.040000      6.713826
     -8.020000      6.702752
     -8.000000      6.942771
     -7.980000      7.272183
     -7.960000      7.445780
     -7.940000      7.390205
     -7.920000      7.291294
     -7.900000      7.402704
     -7.880000      7.807819
     -7.860000      8.364976
     -7.840000      8.841700
     -7.820000      9.069110
     -7.800000      8.987805
     -7.780000      8.647086
     -7.760000      8.206543
     -7.740000      7.846618
     -7.720000      7.578264
     -7.700000      7.180581
     -7.680000      6.457273
     -7.660000      5.536801
     -7.640000      4.768035
     -7.620000      4.347521
     -7.600000      4.202241
     -7.580000      4.193205
     -7.560000      4.268457
     -7.540000      4.429195
     -7.520000      4.679590
     -7.500000      5.009087
     -7.480000      5.354986
     -7.460000      5.630785
     -7.440000      5.834887
     -7.420000      6.073678
     -7.400000      6.453846
     -7.380000      6.976230
     -7.360000      7.533079
     -7.340000      7.993377
     -7.320000      8.277661
     -7.300000      8.367944
     -7.280000      8.299961
     -7.260000      8.166317
     -7.240000      8.083440
     -7.220000      8.102659
     -7.200000      8.144834
     -7.180000      8.070796
     -7.160000      7.872985
     -7.140000      7.747990
     -7.120000      7.870837
     -7.100000      8.143540
     -7.080000      8.297815
     -7.060000      8.213245
     -7.040000      8.019185
     -7.020000      7.891351
     -7.000000      7.837994
     -6.980000      7.740736
     -6.960000      7.577226
     -6.940000      7.485512
     -6.920000      7.548598
     -6.900000      7.655136
     -6.880000      7.688947
     -6.860000      7.715429
     -6.840000      7.835733
     -6.820000      7.980549
     -6.800000      8.010762
     -6.780000      7.921725
     -6.760000      7.791843
     -6.740000      7.636242
     -6.720000      7.454744
     -6.700000      7.318434
     -6.680000      7.290623
     -6.660000      7.347141
     -6.640000      7.442229
     -6.620000      7.555372
     -6.600000      7.631649
     -6.580000      7.600886
     -6.560000      7.506532
     -6.540000      7.491152
     -6.520000      7.610886
     -6.500000      7.777834
     -6.480000      7.899494
     -6.460000      7.976573
     -6.440000      8.060843
     -6.420000      8.157964
     -6.400000      8.178676
     -6.380000      8.032324
     -6.360000      7.770048
     -6.340000      7.537601
     -6.320000      7.386189
     -6.300000      7.237729
     -6.280000      7.022023
     -6.260000      6.764432
     -6.240000      6.580276
     -6.220000      6.615054
     -6.200000      6.908182
     -6.180000      7.305422
     -6.160000      7.594899
     -6.140000      7.742249
     -6.120000      7.885182
     -6.100000      8.058739
     -6.080000      8.104550
     -6.060000      7.966675
     -6.040000      7.905951
     -6.020000      8.307362
     -6.000000      9.351268
     -5.980000     10.862943
     -5.960000     12.458797
     -5.940000     13.882593
     -5.920000     15.065446
     -5.900000     15.753692
     -5.880000     15.413213
     -5.860000     13.852996
     -5.840000     11.695795
     -5.820000      9.840479
     -5.800000      8.642958
     -5.780000      7.916072
     -5.760000      7.507153
     -5.740000      7.581879
     -5.720000      8.411189
     -5.700000     10.027414
     -5.680000     12.075181
     -5.660000     13.945281
     -5.640000     15.099805
     -5.620000     15.363920
     -5.600000     14.964134
     -5.580000     14.326042
     -5.560000     13.845635
     -5.540000     13.743628
     -5.520000     13.986910
     -5.500000     14.356856
     -5.480000     14.662752
     -5.460000     14.852663
     -5.440000     14.913985
     -5.420000     14.765037
     -5.400000     14.308610
     -5.380000     13.603256
     -5.360000     12.937717
     -5.340000     12.636985
     -5.320000     12.794732
     -5.300000     13.278064
     -5.280000     13.947484
     -5.260000     14.756084
     -5.240000     15.649606
     -5.220000     16.478160
     -5.200000     17.051950
     -5.180000     17.241569
     -5.160000     17.024903
     -5.140000     16.507106
     -5.120000     15.898294
     -5.100000     15.411852
     -5.080000     15.136736
     -5.060000     14.992366
     -5.040000     14.825875
     -5.020000     14.553908
     -5.000000     14.212450
     -4.980000     13.913091
     -4.960000     13.779957
     -4.940000     13.900097
     -4.920000     14.266882
     -4.900000     14.781977
     -4.880000     15.382906
     -4.860000     16.068281
     -4.840000     16.649857
     -4.820000     16.645150
     -4.800000     15.689576
     -4.780000     14.025574
     -4.760000     12.413780
     -4.740000     11.535236
     -4.720000     11.527552
     -4.700000     12.088848
     -4.680000     12.926512
     -4.660000     13.966685
     -4.640000     15.128657
     -4.620000     16.147928
     -4.600000     16.833763
     -4.580000     17.308798
     -4.560000     17.735547
     -4.540000     18.031876
     -4.520000     18.102235
     -4.500000     18.046045
     -4.480000     17.978158
     -4.460000     17.953631
     -4.440000     18.077856
     -4.420000     18.413507
     -4.400000     18.812846
     -4.380000     19.054765
     -4.360000     19.120444
     -4.340000     19.108283
     -4.320000     18.925120
     -4.300000     18.387993
     -4.280000     17.600158
     -4.260000     16.934778
     -4.240000     16.708077
     -4.220000     17.027767
     -4.200000     17.794469
     -4.180000     18.661758
     -4.160000     19.097444
     -4.140000     18.695569
     -4.120000     17.479628
     -4.100000     15.886270
     -4.080000     14.519742
     -4.060000     13.844512
     -4.040000     13.917400
     -4.020000     14.420665
     -4.000000     14.985114
     -3.980000     15.386769
     -3.960000     15.490825
     -3.940000     15.190157
     -3.920000     14.481798
     -3.900000     13.590311
     -3.880000     12.915362
     -3.860000     12.736893
     -3.840000     13.014342
     -3.820000     13.551350
     -3.800000     14.203569
     -3.780000     14.817884
     -3.760000     15.201161
     -3.740000     15.319364
     -3.720000     15.368273
     -3.700000     15.539628
     -3.680000     15.801094
     -3.660000     15.916672
     -3.640000     15.600546
     -3.620000     14.657120
     -3.600000     13.109141
     -3.580000     11.287856
     -3.560000      9.710760
     -3.540000      8.752825
     -3.520000      8.422441
     -3.500000      8.464855
     -3.480000      8.684199
     -3.460000      9.128731
     -3.440000      9.860607
     -3.420000     10.581207
     -3.400000     10.742479
     -3.380000     10.129067
     -3.360000      9.125059
     -3.340000      8.315922
     -3.320000      7.973123
     -3.300000      7.979466
     -3.280000      8.112129
     -3.260000      8.267105
     -3.240000      8.445364
     -3.220000      8.643619
     -3.200000      8.815898
     -3.180000      8.911687
     -3.160000      8.919924
     -3.140000      8.861374
     -3.120000      8.705535
     -3.100000      8.328134
     -3.080000      7.649346
     -3.060000      6.806430
     -3.040000      6.109085
     -3.020000      5.824263
     -3.000000      6.020631
     -2.980000      6.559255
     -2.960000      7.178452
     -2.940000      7.648549
     -2.920000      7.950302
     -2.900000      8.304888
     -2.880000      8.959986
     -2.860000      9.926086
     -2.840000     10.933740
     -2.820000     11.630566
     -2.800000     11.798271
     -2.780000     11.416832
     -2.760000     10.619238
     -2.740000      9.650660
     -2.720000      8.831615
     -2.700000      8.449977
     -2.680000      8.622934
     -2.660000      9.277105
     -2.640000     10.240600
     -2.620000     11.317936
     -2.600000     12.295346
     -2.580000     12.886905
     -2.560000     12.773993
     -2.540000     11.875079
     -2.520000     10.531081
     -2.500000      9.253648
     -2.480000      8.357534
     -2.460000      7.924576
     -2.440000      7.937120
     -2.420000      8.293547
     -2.400000      8.798344
     -2.380000      9.264149
     -2.360000      9.648442
     -2.340000     10.116949
     -2.320000     10.959512
     -2.300000     12.299710
     -2.280000     13.809291
     -2.260000     14.841417
     -2.240000     14.974492
     -2.220000     14.394334
     -2.200000     13.669463
     -2.180000     13.179341
     -2.160000     12.856828
     -2.140000     12.476776
     -2.120000     12.045738
     -2.100000     11.810293
     -2.080000     11.924905
     -2.060000     12.197805
     -2.040000     12.256078
     -2.020000     11.988994
     -2.000000     11.697660
     -1.980000     11.719666
     -1.960000     12.033719
     -1.940000     12.357711
     -1.920000     12.538517
     -1.900000     12.667814
     -1.880000     12.831926
     -1.860000     12.896159
     -1.840000     12.599612
     -1.820000     11.854789
     -1.800000     10.920144
     -1.780000     10.271575
     -1.760000     10.317129
     -1.740000     11.141375
     -1.720000     12.378455
     -1.700000     13.338507
     -1.680000     13.461912
     -1.660000     12.797238
     -1.640000     11.947029
     -1.620000     11.485514
     -1.600000     11.525141
     -1.580000     11.802779
     -1.560000     11.990042
     -1.540000     11.914269
     -1.520000     11.641143
     -1.500000     11.396289
     -1.480000     11.352244
     -1.460000     11.471297
     -1.440000     11.580789
     -1.420000     11.585976
     -1.400000     11.542725
     -1.380000     11.543698
     -1.360000     11.637025
     -1.340000     11.861972
     -1.320000     12.260140
     -1.300000     12.783503
     -1.280000     13.243788
     -1.260000     13.435032
     -1.240000     13.294568
     -1.220000     12.917194
     -1.200000     12.464193
     -1.180000     12.096679
     -1.160000     11.965976
     -1.140000     12.189621
     -1.120000     12.744183
     -1.100000     13.390827
     -1.080000     13.795026
     -1.060000     13.762019
     -1.040000     13.349002
     -1.020000     12.728742
     -1.000000     11.989640
     -0.980000     11.138689
     -0.960000     10.222277
     -0.940000      9.355614
     -0.920000      8.716671
     -0.900000      8.521408
     -0.880000      8.816182
     -0.860000      9.229629
     -0.840000      9.150348
     -0.820000      8.325350
     -0.800000      7.154106
     -0.780000      6.269990
     -0.760000      5.959616
     -0.740000      6.045558
     -0.720000      6.164660
     -0.700000      6.062362
     -0.680000      5.698203
     -0.660000      5.160424
     -0.640000      4.527788
     -0.620000      3.849204
     -0.600000      3.209772
     -0.580000      2.717914
     -0.560000      2.436537
     -0.540000      2.376039
     -0.520000      2.533042
     -0.500000      2.901902
     -0.480000      3.437584
     -0.460000      4.038720
     -0.440000      4.614902
     -0.420000      5.152693
     -0.400000      5.667025
     -0.380000      6.110887
     -0.360000      6.405539
     -0.340000      6.586044
     -0.320000      6.895864
     -0.300000      7.677963
     -0.280000      9.089248
     -0.260000     10.933601
     -0.240000     12.813400
     -0.220000     14.371128
     -0.200000     15.368330
     -0.180000     15.662990
     -0.160000     15.224979
     -0.140000     14.175531
     -0.120000     12.779659
     -0.100000     11.375088
     -0.080000     10.225390
     -0.060000      9.393374
     -0.040000      8.768469
     -0.020000      8.182918
      0.000000      7.523189
      0.020000      6.804678
      0.040000      6.133288
      0.060000      5.590535
      0.080000      5.199269
      0.100000      4.972275
      0.120000      4.913023
      0.140000      4.976069
      0.160000      5.095639
      0.180000      5.227066
      0.200000      5.300722
      0.220000      5.217539
      0.240000      4.973875
      0.260000      4.717700
      0.280000      4.613167
      0.300000      4.677031
      0.320000      4.768971
      0.340000      4.731487
      0.360000      4.556245
      0.380000      4.425086
      0.400000      4.518611
      0.420000      4.742516
      0.440000      4.738968
      0.460000      4.252832
      0.480000      3.430860
      0.500000      2.708981
      0.520000      2.445624
      0.540000      2.648666
      0.560000      2.986620
      0.580000      3.075899
      0.600000      2.798090
      0.620000      2.333416
      0.640000      1.914380
      0.660000      1.619048
      0.680000      1.411144
      0.700000      1.291596
      0.720000      1.334076
      0.740000      1.610020
      0.760000      2.139240
      0.780000      2.852656
      0.800000      3.535790
      0.820000      3.909803
      0.840000      3.865729
      0.860000      3.550339
      0.880000      3.190391
      0.900000      2.906148
      0.920000      2.692777
      0.940000      2.505902
      0.960000      2.330289
      0.980000      2.182706
      1.000000      2.078263
      1.020000      2.006714
      1.040000      1.939579
      1.060000      1.862194
      1.080000      1.787980
      1.100000      1.731056
      1.120000      1.682506
      1.140000      1.625259
      1.160000      1.560037
      1.180000      1.503401
      1.200000      1.460130
      1.220000      1.413632
      1.240000      1.355237
      1.260000      1.300982
      1.280000      1.260111
      1.300000      1.216553
      1.320000      1.162333
      1.340000      1.113230
      1.360000      1.074048
      1.380000      1.029316
      1.400000      0.978092
      1.420000      0.934578
      1.440000      0.895618
      1.460000      0.849030
      1.480000      0.800353
      1.500000      0.755976
      1.520000      0.702820
      1.540000      0.629217
      1.560000      0.542894
      1.580000      0.458008
      1.600000      0.383940
      1.620000      0.328012
      1.640000      0.291514
      1.660000      0.264596
      1.680000      0.235961
      1.700000      0.200631
      1.720000      0.156407
      1.740000      0.105562
      1.760000      0.058445
      1.780000      0.025595
      1.800000      0.008673
      1.820000      0.002244
      1.840000      0.000467
      1.860000      0.000297
      1.880000      0.001322
      1.900000      0.005579
      1.920000      0.017982
      1.940000      0.044639
      1.960000      0.086929
      1.980000      0.136893
      2.000000      0.183033
      2.020000      0.220633
      2.040000      0.250890
      2.060000      0.275408
      2.080000      0.299478
      2.100000      0.330869
      2.120000      0.372879
      2.140000      0.430659
      2.160000      0.512625
      2.180000      0.610831
      2.200000      0.700642
      2.220000      0.770578
      2.240000      0.830057
      2.260000      0.885984
      2.280000      0.935257
      2.300000      0.980950
      2.320000      1.032728
      2.340000      1.088413
      2.360000      1.138568
      2.380000      1.187885
      2.400000      1.245671
      2.420000      1.305378
      2.440000      1.358919
      2.460000      1.414245
      2.480000      1.479225
      2.500000      1.546290
      2.520000      1.607344
      2.540000      1.670120
      2.560000      1.746096
      2.580000      1.828729
      2.600000      1.904199
      2.620000      1.981459
      2.640000      2.081846
      2.660000      2.204615
      2.680000      2.340330
      2.700000      2.510555
      2.720000      2.755515
      2.740000      3.087187
      2.760000      3.482001
      2.780000      3.887805
      2.800000      4.182780
      2.820000      4.177872
      2.840000      3.762875
      2.860000      3.046448
      2.880000      2.297788
      2.900000      1.757932
      2.920000      1.536213
      2.940000      1.672753
      2.960000      2.195923
      2.980000      2.997714
      3.000000      3.714044
      3.020000      3.937955
      3.040000      3.610091
      3.060000      3.091999
      3.080000      2.853960
      3.100000      3.151267
      3.120000      3.908444
      3.140000      4.783454
      3.160000      5.399047
      3.180000      5.672348
      3.200000      5.948054
      3.220000      6.714806
      3.240000      8.167734
      3.260000     10.063870
      3.280000     11.908303
      3.300000     13.206339
      3.320000     13.633503
      3.340000     13.136410
      3.360000     11.990487
      3.380000     10.706101
      3.400000      9.712269
      3.420000      9.121525
      3.440000      8.841540
      3.460000      8.759313
      3.480000      8.748514
      3.500000      8.682627
      3.520000      8.510031
      3.540000      8.238116
      3.560000      7.910118
      3.580000      7.641677
      3.600000      7.544425
      3.620000      7.574029
      3.640000      7.546389
      3.660000      7.307646
      3.680000      6.851721
      3.700000      6.311015
      3.720000      5.885262
      3.740000      5.744956
      3.760000      5.917758
      3.780000      6.269206
      3.800000      6.628001
      3.820000      6.873317
      3.840000      6.902578
      3.860000      6.653627
      3.880000      6.198931
      3.900000      5.727344
      3.920000      5.408869
      3.940000      5.296483
      3.960000      5.344343
      3.980000      5.493593
      4.000000      5.711224
      4.020000      5.951980
      4.040000      6.126369
      4.060000      6.157448
      4.080000      6.086732
      4.100000      6.047302
      4.120000      6.049127
      4.140000      5.852976
      4.160000      5.212417
      4.180000      4.254675
      4.200000      3.452526
      4.220000      3.174896
      4.240000      3.407154
      4.260000      3.897188
      4.280000      4.405991
      4.300000      4.810524
      4.320000      5.072435
      4.340000      5.136185
      4.360000      4.887582
      4.380000      4.287574
      4.400000      3.517610
      4.420000      2.896654
      4.440000      2.665579
      4.460000      2.882384
      4.480000      3.449696
      4.500000      4.172243
      4.520000      4.801329
      4.540000      5.087859
      4.560000      4.908027
      4.580000      4.415772
      4.600000      3.992887
      4.620000      3.938458
      4.640000      4.220829
      4.660000      4.570201
      4.680000      4.757692
      4.700000      4.737039
      4.720000      4.590498
      4.740000      4.429285
      4.760000      4.336703
      4.780000      4.345224
      4.800000      4.422123
      4.820000      4.485928
      4.840000      4.464662
      4.860000      4.338378
      4.880000      4.144573
      4.900000      3.959566
      4.920000      3.855728
      4.940000      3.860319
      4.960000      3.943302
      4.980000      4.045298
      5.000000      4.126722
      5.020000      4.184370
      5.040000      4.229893
      5.060000      4.276255
      5.080000      4.333637
      5.100000      4.390331
      5.120000      4.413702
      5.140000      4.398759
      5.160000      4.396734
      5.180000      4.469873
      5.200000      4.632441
      5.220000      4.845246
      5.240000      5.053509
      5.260000      5.228804
      5.280000      5.365614
      5.300000      5.430531
      5.320000      5.355013
      5.340000      5.101306
      5.360000      4.719847
      5.380000      4.349297
      5.400000      4.147745
      5.420000      4.169783
      5.440000      4.301007
      5.460000      4.355988
      5.480000      4.263844
      5.500000      4.122070
      5.520000      4.031780
      5.540000      3.949285
      5.560000      3.797294
      5.580000      3.658149
      5.600000      3.713968
      5.620000      3.999192
      5.640000      4.311628
      5.660000      4.387458
      5.680000      4.141344
      5.700000      3.762054
      5.720000      3.578650
      5.740000      3.774169
      5.760000      4.203682
      5.780000      4.526793
      5.800000      4.532319
      5.820000      4.311878
      5.840000      4.117615
      5.860000      4.078651
      5.880000      4.095759
      5.900000      4.030517
      5.920000      3.905107
      5.940000      3.834436
      5.960000      3.866481
      5.980000      3.957906
      6.000000      4.010212
      6.020000      3.936031
      6.040000      3.765583
      6.060000      3.627389
      6.080000      3.599891
      6.100000      3.660345
      6.120000      3.753880
      6.140000      3.833948
      6.160000      3.860122
      6.180000      3.816448
      6.200000      3.739712
      6.220000      3.694075
      6.240000      3.696744
      6.260000      3.706711
      6.280000      3.691111
      6.300000      3.640311
      6.320000      3.538915
      6.340000      3.403101
      6.360000      3.318099
      6.380000      3.360613
      6.400000      3.494508
      6.420000      3.599609
      6.440000      3.612630
      6.460000      3.585935
      6.480000      3.584451
      6.500000      3.595891
      6.520000      3.577131
      6.540000      3.522294
      6.560000      3.451503
      6.580000      3.377993
      6.600000      3.316314
      6.620000      3.296616
      6.640000      3.334004
      6.660000      3.387802
      6.680000      3.389747
      6.700000      3.325370
      6.720000      3.255154
      6.740000      3.237625
      6.760000      3.262689
      6.780000      3.279333
      6.800000      3.261104
      6.820000      3.226854
      6.840000      3.214842
      6.860000      3.247361
      6.880000      3.309601
      6.900000      3.365860
      6.920000      3.400128
      6.940000      3.413573
      6.960000      3.388419
      6.980000      3.302242
      7.000000      3.168585
      7.020000      3.031604
      7.040000      2.941609
      7.060000      2.929250
      7.080000      2.965555
      7.100000      2.980512
      7.120000      2.959428
      7.140000      2.967399
      7.160000      3.039075
      7.180000      3.116630
      7.200000      3.148255
      7.220000      3.157613
      7.240000      3.155679
      7.260000      3.096645
      7.280000      2.986500
      7.300000      2.913494
      7.320000      2.918640
      7.340000      2.952899
      7.360000      2.985480
      7.380000      3.046631
      7.400000      3.150749
      7.420000      3.248504
      7.440000      3.269525
      7.460000      3.193512
      7.480000      3.070802
      7.500000      2.967257
      7.520000      2.904102
      7.540000      2.867018
      7.560000      2.844972
      7.580000      2.832177
      7.600000      2.812266
      7.620000      2.764861
      7.640000      2.694802
      7.660000      2.652392
      7.680000      2.696725
      7.700000      2.832523
      7.720000      3.012454
      7.740000      3.180663
      7.760000      3.285599
      7.780000      3.294304
      7.800000      3.221225
      7.820000      3.114318
      7.840000      3.010658
      7.860000      2.935607
      7.880000      2.931948
      7.900000      3.027295
      7.920000      3.157656
      7.940000      3.185852
      7.960000      3.038355
      7.980000      2.791416
      8.000000      2.595442
      8.020000      2.552146
      8.040000      2.679604
      8.060000      2.932812
      8.080000      3.223541
      8.100000      3.467574
      8.120000      3.641397
      8.140000      3.761924
      8.160000      3.807068
      8.180000      3.717119
      8.200000      3.494861
      8.220000      3.244327
      8.240000      3.084665
      8.260000      3.058739
      8.280000      3.142567
      8.300000      3.313339
      8.320000      3.551369
      8.340000      3.780964
      8.360000      3.897587
      8.380000      3.884776
      8.400000      3.827992
      8.420000      3.784677
      8.440000      3.721205
      8.460000      3.605027
      8.480000      3.477420
      8.500000      3.393468
      8.520000      3.344109
      8.540000      3.283468
      8.560000      3.201195
      8.580000      3.122391
      8.600000      3.055915
      8.620000      2.979434
      8.640000      2.870252
      8.660000      2.727930
      8.680000      2.564226
      8.700000      2.398318
      8.720000      2.260421
      8.740000      2.164031
      8.760000      2.097420
      8.780000      2.071855
      8.800000      2.131308
      8.820000      2.280214
      8.840000      2.423224
      8.860000      2.414304
      8.880000      2.186395
      8.900000      1.801383
      8.920000      1.358299
      8.940000      0.917536
      8.960000      0.529250
      8.980000      0.251854
      9.000000      0.118325
      9.020000      0.146372
      9.040000      0.414497
      9.060000      1.115645
      9.080000      2.499295
      9.100000      4.667658
      9.120000      7.327726
      9.140000      9.791825
      9.160000     11.396859
      9.180000     12.001984
      9.200000     12.050339
      9.220000     12.119478
      9.240000     12.397256
      9.260000     12.675730
      9.280000     12.868767
      9.300000     13.271668
      9.320000     14.137101
      9.340000     15.204629
      9.360000     15.923557
      9.380000     16.069724
      9.400000     15.879457
      9.420000     15.677622
      9.440000     15.712429
      9.460000     16.230971
      9.480000     17.296612
      9.500000     18.565760
      9.520000     19.558753
      9.540000     20.101412
      9.560000     20.283923
      9.580000     20.113406
      9.600000     19.503943
      9.620000     18.602553
      9.640000     17.831946
      9.660000     17.469516
      9.680000     17.338220
      9.700000     17.016456
      9.720000     16.246210
      9.740000     15.104691
      9.760000     13.939711
      9.780000     13.199761
      9.800000     13.155771
      9.820000     13.671548
      9.840000     14.292075
      9.860000     14.576755
      9.880000     14.378715
      9.900000     13.922969
      9.920000     13.665806
      9.940000     13.954302
      9.960000     14.678894
      9.980000     15.325284
     10.000000     15.508038
