# EIG2DOS: Utility for SIESTA to obtain the electronic density of states
#
#                                                  Emilio Artacho, Apr. 1999
# --------------------------------------------------------------------------
# Nbands, Nspin, Nk   =    936     1   352
# E_F                 =    -5.9098 eV
# Broadening          =     0.0500 eV
# Number of electrons =   286.7557  287.3387 per cell
#
#        E            N
# --------------------------------------------------------------------------
    -10.000000      5.827021
     -9.980000      5.419279
     -9.960000      5.263582
     -9.940000      5.371143
     -9.920000      5.725618
     -9.900000      6.184936
     -9.880000      6.498178
     -9.860000      6.518458
     -9.840000      6.341053
     -9.820000      6.163008
     -9.800000      6.057846
     -9.780000      5.948557
     -9.760000      5.767298
     -9.740000      5.558806
     -9.720000      5.422195
     -9.700000      5.428564
     -9.680000      5.603255
     -9.660000      5.928733
     -9.640000      6.338514
     -9.620000      6.699765
     -9.600000      6.847527
     -9.580000      6.723907
     -9.560000      6.445889
     -9.540000      6.141397
     -9.520000      5.791201
     -9.500000      5.349856
     -9.480000      4.949324
     -9.460000      4.836829
     -9.440000      5.106527
     -9.420000      5.569711
     -9.400000      5.910246
     -9.380000      5.967076
     -9.360000      5.887397
     -9.340000      5.976866
     -9.320000      6.344464
     -9.300000      6.731294
     -9.280000      6.757253
     -9.260000      6.306057
     -9.240000      5.622103
     -9.220000      5.069849
     -9.200000      4.855838
     -9.180000      4.978656
     -9.160000      5.346494
     -9.140000      5.832536
     -9.120000      6.265972
     -9.100000      6.490405
     -9.080000      6.453603
     -9.060000      6.234264
     -9.040000      5.983833
     -9.020000      5.804668
     -9.000000      5.663000
     -8.980000      5.451802
     -8.960000      5.150996
     -8.940000      4.880540
     -8.920000      4.770177
     -8.900000      4.827076
     -8.880000      4.967078
     -8.860000      5.119063
     -8.840000      5.247110
     -8.820000      5.313802
     -8.800000      5.277749
     -8.780000      5.123203
     -8.760000      4.872534
     -8.740000      4.576245
     -8.720000      4.308383
     -8.700000      4.159099
     -8.680000      4.197036
     -8.660000      4.416147
     -8.640000      4.713017
     -8.620000      4.942251
     -8.600000      5.030842
     -8.580000      5.023989
     -8.560000      4.995494
     -8.540000      4.967116
     -8.520000      4.962831
     -8.500000      5.067918
     -8.480000      5.355096
     -8.460000      5.781126
     -8.440000      6.177601
     -8.420000      6.336458
     -8.400000      6.162304
     -8.380000      5.778476
     -8.360000      5.442071
     -8.340000      5.324884
     -8.320000      5.390788
     -8.300000      5.509738
     -8.280000      5.666761
     -8.260000      5.960827
     -8.240000      6.379340
     -8.220000      6.722008
     -8.200000      6.817239
     -8.180000      6.694021
     -8.160000      6.493861
     -8.140000      6.322400
     -8.120000      6.221561
     -8.100000      6.191400
     -8.080000      6.213565
     -8.060000      6.326361
     -8.040000      6.658019
     -8.020000      7.289947
     -8.000000      8.075271
     -7.980000      8.641632
     -7.960000      8.627297
     -7.940000      7.975480
     -7.920000      7.017333
     -7.900000      6.232180
     -7.880000      5.893029
     -7.860000      5.943135
     -7.840000      6.180095
     -7.820000      6.470570
     -7.800000      6.766053
     -7.780000      6.992863
     -7.760000      7.039737
     -7.740000      6.913141
     -7.720000      6.809335
     -7.700000      6.912033
     -7.680000      7.184443
     -7.660000      7.446657
     -7.640000      7.581314
     -7.620000      7.587666
     -7.600000      7.488550
     -7.580000      7.291876
     -7.560000      7.071030
     -7.540000      6.970179
     -7.520000      7.026452
     -7.500000      7.055065
     -7.480000      6.824337
     -7.460000      6.327621
     -7.440000      5.822406
     -7.420000      5.618457
     -7.400000      5.846891
     -7.380000      6.389367
     -7.360000      6.980017
     -7.340000      7.390485
     -7.320000      7.583802
     -7.300000      7.700423
     -7.280000      7.854130
     -7.260000      7.994791
     -7.240000      8.018243
     -7.220000      7.902580
     -7.200000      7.685462
     -7.180000      7.422014
     -7.160000      7.191331
     -7.140000      7.049036
     -7.120000      6.987246
     -7.100000      6.990679
     -7.080000      7.065261
     -7.060000      7.186102
     -7.040000      7.277693
     -7.020000      7.272302
     -7.000000      7.196401
     -6.980000      7.179213
     -6.960000      7.316914
     -6.940000      7.544697
     -6.920000      7.710129
     -6.900000      7.729263
     -6.880000      7.583290
     -6.860000      7.245686
     -6.840000      6.767642
     -6.820000      6.372916
     -6.800000      6.302912
     -6.780000      6.578537
     -6.760000      6.987354
     -6.740000      7.274952
     -6.720000      7.338118
     -6.700000      7.281703
     -6.680000      7.292783
     -6.660000      7.473806
     -6.640000      7.828984
     -6.620000      8.320889
     -6.600000      8.834587
     -6.580000      9.148266
     -6.560000      9.068530
     -6.540000      8.640585
     -6.520000      8.157183
     -6.500000      7.881093
     -6.480000      7.797588
     -6.460000      7.718127
     -6.440000      7.576010
     -6.420000      7.494023
     -6.400000      7.566740
     -6.380000      7.714263
     -6.360000      7.800269
     -6.340000      7.790573
     -6.320000      7.748391
     -6.300000      7.761885
     -6.280000      7.898507
     -6.260000      8.147574
     -6.240000      8.384078
     -6.220000      8.422676
     -6.200000      8.147635
     -6.180000      7.641225
     -6.160000      7.160989
     -6.140000      6.917549
     -6.120000      6.903716
     -6.100000      7.007484
     -6.080000      7.212149
     -6.060000      7.581094
     -6.040000      8.162821
     -6.020000      9.026042
     -6.000000     10.242592
     -5.980000     11.770575
     -5.960000     13.474048
     -5.940000     15.138618
     -5.920000     16.276685
     -5.900000     16.181593
     -5.880000     14.575758
     -5.860000     12.090189
     -5.840000      9.794038
     -5.820000      8.364965
     -5.800000      7.862101
     -5.780000      8.077630
     -5.760000      8.910098
     -5.740000     10.389789
     -5.720000     12.356504
     -5.700000     14.251415
     -5.680000     15.436691
     -5.660000     15.698078
     -5.640000     15.309479
     -5.620000     14.707209
     -5.600000     14.225627
     -5.580000     14.025424
     -5.560000     14.101605
     -5.540000     14.314635
     -5.520000     14.456234
     -5.500000     14.359188
     -5.480000     14.003112
     -5.460000     13.541917
     -5.440000     13.184143
     -5.420000     12.966616
     -5.400000     12.696964
     -5.380000     12.231949
     -5.360000     11.748171
     -5.340000     11.626977
     -5.320000     12.141412
     -5.300000     13.289464
     -5.280000     14.788682
     -5.260000     16.180465
     -5.240000     17.050449
     -5.220000     17.219227
     -5.200000     16.757291
     -5.180000     15.903758
     -5.160000     14.992054
     -5.140000     14.343153
     -5.120000     14.103645
     -5.100000     14.148139
     -5.080000     14.193179
     -5.060000     14.067621
     -5.040000     13.863162
     -5.020000     13.800451
     -5.000000     14.023553
     -4.980000     14.556986
     -4.960000     15.290668
     -4.940000     15.925619
     -4.920000     16.126348
     -4.900000     15.847469
     -4.880000     15.419332
     -4.860000     15.226647
     -4.840000     15.303266
     -4.820000     15.275001
     -4.800000     14.743787
     -4.780000     13.719908
     -4.760000     12.648496
     -4.740000     12.075972
     -4.720000     12.296929
     -4.700000     13.186588
     -4.680000     14.309361
     -4.660000     15.244379
     -4.640000     15.850142
     -4.620000     16.257956
     -4.600000     16.645582
     -4.580000     17.025710
     -4.560000     17.341793
     -4.540000     17.765090
     -4.520000     18.588493
     -4.500000     19.663863
     -4.480000     20.283344
     -4.460000     19.890134
     -4.440000     18.676392
     -4.420000     17.303559
     -4.400000     16.280790
     -4.380000     15.770348
     -4.360000     15.770425
     -4.340000     16.229280
     -4.320000     16.959099
     -4.300000     17.616758
     -4.280000     17.941914
     -4.260000     17.953666
     -4.240000     17.798957
     -4.220000     17.520303
     -4.200000     17.071383
     -4.180000     16.427344
     -4.160000     15.588720
     -4.140000     14.618972
     -4.120000     13.773939
     -4.100000     13.444821
     -4.080000     13.884358
     -4.060000     15.034465
     -4.040000     16.473559
     -4.020000     17.435379
     -4.000000     17.193243
     -3.980000     15.676105
     -3.960000     13.576570
     -3.940000     11.761414
     -3.920000     10.659579
     -3.900000     10.207409
     -3.880000     10.231689
     -3.860000     10.755828
     -3.840000     11.884590
     -3.820000     13.388689
     -3.800000     14.538906
     -3.780000     14.590508
     -3.760000     13.466634
     -3.740000     11.839097
     -3.720000     10.552515
     -3.700000     10.032860
     -3.680000     10.189054
     -3.660000     10.703187
     -3.640000     11.257700
     -3.620000     11.562892
     -3.600000     11.434284
     -3.580000     10.983136
     -3.560000     10.615578
     -3.540000     10.702676
     -3.520000     11.294183
     -3.500000     12.216203
     -3.480000     13.331363
     -3.460000     14.559929
     -3.440000     15.639830
     -3.420000     16.055639
     -3.400000     15.463622
     -3.380000     14.107453
     -3.360000     12.566856
     -3.340000     11.237274
     -3.320000     10.200860
     -3.300000      9.368637
     -3.280000      8.641675
     -3.260000      8.072111
     -3.240000      7.889786
     -3.220000      8.312800
     -3.200000      9.310493
     -3.180000     10.523533
     -3.160000     11.399387
     -3.140000     11.464001
     -3.120000     10.599187
     -3.100000      9.152213
     -3.080000      7.751900
     -3.060000      6.958212
     -3.040000      6.991847
     -3.020000      7.657276
     -3.000000      8.495879
     -2.980000      9.124508
     -2.960000      9.491603
     -2.940000      9.787079
     -2.920000     10.141024
     -2.900000     10.499146
     -2.880000     10.785352
     -2.860000     11.046778
     -2.840000     11.338016
     -2.820000     11.542899
     -2.800000     11.453747
     -2.780000     11.050805
     -2.760000     10.597695
     -2.740000     10.385039
     -2.720000     10.463202
     -2.700000     10.704737
     -2.680000     11.001894
     -2.660000     11.287946
     -2.640000     11.474520
     -2.620000     11.470395
     -2.600000     11.235266
     -2.580000     10.812078
     -2.560000     10.321451
     -2.540000      9.914287
     -2.520000      9.703395
     -2.500000      9.673100
     -2.480000      9.645013
     -2.460000      9.424576
     -2.440000      9.037556
     -2.420000      8.795564
     -2.400000      9.070305
     -2.380000      9.957276
     -2.360000     11.162639
     -2.340000     12.247766
     -2.320000     13.004390
     -2.300000     13.564717
     -2.280000     14.110037
     -2.260000     14.596395
     -2.240000     14.897497
     -2.220000     15.017612
     -2.200000     14.955429
     -2.180000     14.576906
     -2.160000     13.863662
     -2.140000     13.120647
     -2.120000     12.712897
     -2.100000     12.644353
     -2.080000     12.540173
     -2.060000     12.102118
     -2.040000     11.499284
     -2.020000     11.193552
     -2.000000     11.432765
     -1.980000     12.007206
     -1.960000     12.442604
     -1.940000     12.369432
     -1.920000     11.776679
     -1.900000     11.011194
     -1.880000     10.523264
     -1.860000     10.527432
     -1.840000     10.903193
     -1.820000     11.421229
     -1.800000     11.931538
     -1.780000     12.319626
     -1.760000     12.489259
     -1.740000     12.440704
     -1.720000     12.243414
     -1.700000     11.967410
     -1.680000     11.717211
     -1.660000     11.613655
     -1.640000     11.662636
     -1.620000     11.763768
     -1.600000     11.861433
     -1.580000     11.942595
     -1.560000     11.942515
     -1.540000     11.794986
     -1.520000     11.496589
     -1.500000     11.060771
     -1.480000     10.540152
     -1.460000     10.137189
     -1.440000     10.128477
     -1.420000     10.591795
     -1.400000     11.325269
     -1.380000     12.071711
     -1.360000     12.691576
     -1.340000     13.112911
     -1.320000     13.257397
     -1.300000     13.072324
     -1.280000     12.611873
     -1.260000     12.079710
     -1.240000     11.773411
     -1.220000     11.927880
     -1.200000     12.521116
     -1.180000     13.199557
     -1.160000     13.502609
     -1.140000     13.269817
     -1.120000     12.804301
     -1.100000     12.573799
     -1.080000     12.733264
     -1.060000     12.975419
     -1.040000     12.885107
     -1.020000     12.387924
     -1.000000     11.799492
     -0.980000     11.507643
     -0.960000     11.659576
     -0.940000     12.064802
     -0.920000     12.324123
     -0.900000     12.115962
     -0.880000     11.428410
     -0.860000     10.522400
     -0.840000      9.723542
     -0.820000      9.248933
     -0.800000      9.082997
     -0.780000      8.984369
     -0.760000      8.724053
     -0.740000      8.290294
     -0.720000      7.782665
     -0.700000      7.204949
     -0.680000      6.497613
     -0.660000      5.712286
     -0.640000      5.031920
     -0.620000      4.635274
     -0.600000      4.566338
     -0.580000      4.701634
     -0.560000      4.835444
     -0.540000      4.809414
     -0.520000      4.596317
     -0.500000      4.299803
     -0.480000      4.064383
     -0.460000      3.970066
     -0.440000      4.021786
     -0.420000      4.212730
     -0.400000      4.541389
     -0.380000      4.955027
     -0.360000      5.332090
     -0.340000      5.576669
     -0.320000      5.706776
     -0.300000      5.811670
     -0.280000      5.959167
     -0.260000      6.188373
     -0.240000      6.555851
     -0.220000      7.090399
     -0.200000      7.673186
     -0.180000      8.065544
     -0.160000      8.118168
     -0.140000      7.891984
     -0.120000      7.552978
     -0.100000      7.207838
     -0.080000      6.878055
     -0.060000      6.585617
     -0.040000      6.356729
     -0.020000      6.136370
      0.000000      5.806376
      0.020000      5.326509
      0.040000      4.817948
      0.060000      4.480879
      0.080000      4.421549
      0.100000      4.566688
      0.120000      4.736596
      0.140000      4.763039
      0.160000      4.564987
      0.180000      4.204907
      0.200000      3.916128
      0.220000      4.016534
      0.240000      4.668818
      0.260000      5.664413
      0.280000      6.509526
      0.300000      6.783744
      0.320000      6.432838
      0.340000      5.779681
      0.360000      5.292737
      0.380000      5.266220
      0.400000      5.608487
      0.420000      5.875188
      0.440000      5.553568
      0.460000      4.464190
      0.480000      2.949076
      0.500000      1.606259
      0.520000      0.852484
      0.540000      0.768745
      0.560000      1.219732
      0.580000      1.951571
      0.600000      2.622773
      0.620000      2.936342
      0.640000      2.836085
      0.660000      2.505878
      0.680000      2.150489
      0.700000      1.859829
      0.720000      1.660258
      0.740000      1.562256
      0.760000      1.558348
      0.780000      1.675034
      0.800000      2.017709
      0.820000      2.662943
      0.840000      3.470575
      0.860000      4.093749
      0.880000      4.269496
      0.900000      4.045970
      0.920000      3.653970
      0.940000      3.254079
      0.960000      2.894372
      0.980000      2.601384
      1.000000      2.391759
      1.020000      2.240803
      1.040000      2.110985
      1.060000      1.993493
      1.080000      1.900555
      1.100000      1.831616
      1.120000      1.764561
      1.140000      1.686460
      1.160000      1.611929
      1.180000      1.553609
      1.200000      1.500141
      1.220000      1.439341
      1.240000      1.377017
      1.260000      1.322353
      1.280000      1.272894
      1.300000      1.221160
      1.320000      1.166785
      1.340000      1.115520
      1.360000      1.068679
      1.380000      1.020729
      1.400000      0.970150
      1.420000      0.922642
      1.440000      0.878775
      1.460000      0.831868
      1.480000      0.782643
      1.500000      0.738519
      1.520000      0.696439
      1.540000      0.647148
      1.560000      0.591325
      1.580000      0.531388
      1.600000      0.461603
      1.620000      0.384152
      1.640000      0.316516
      1.660000      0.269782
      1.680000      0.236612
      1.700000      0.207281
      1.720000      0.180561
      1.740000      0.154652
      1.760000      0.123694
      1.780000      0.087026
      1.800000      0.052142
      1.820000      0.028087
      1.840000      0.020286
      1.860000      0.030145
      1.880000      0.055672
      1.900000      0.090884
      1.920000      0.126601
      1.940000      0.156162
      1.960000      0.181710
      1.980000      0.210105
      2.000000      0.244186
      2.020000      0.287230
      2.040000      0.348202
      2.060000      0.427178
      2.080000      0.506631
      2.100000      0.572455
      2.120000      0.628971
      2.140000      0.683167
      2.160000      0.733902
      2.180000      0.781190
      2.200000      0.829142
      2.220000      0.880227
      2.240000      0.933539
      2.260000      0.985876
      2.280000      1.035896
      2.300000      1.088243
      2.320000      1.146731
      2.340000      1.205945
      2.360000      1.259677
      2.380000      1.313966
      2.400000      1.378934
      2.420000      1.449100
      2.440000      1.510128
      2.460000      1.567227
      2.480000      1.640847
      2.500000      1.728296
      2.520000      1.805064
      2.540000      1.872143
      2.560000      1.959468
      2.580000      2.074700
      2.600000      2.193376
      2.620000      2.312865
      2.640000      2.478248
      2.660000      2.734210
      2.680000      3.077020
      2.700000      3.467987
      2.720000      3.847263
      2.740000      4.104914
      2.760000      4.108629
      2.780000      3.823137
      2.800000      3.368577
      2.820000      2.939584
      2.840000      2.692313
      2.860000      2.685900
      2.880000      2.877282
      2.900000      3.151361
      2.920000      3.358175
      2.940000      3.345234
      2.960000      3.019367
      2.980000      2.434257
      3.000000      1.806581
      3.020000      1.418508
      3.040000      1.501487
      3.060000      2.164704
      3.080000      3.325792
      3.100000      4.668383
      3.120000      5.787673
      3.140000      6.514932
      3.160000      7.034697
      3.180000      7.601208
      3.200000      8.295388
      3.220000      9.121853
      3.240000     10.085929
      3.260000     11.035682
      3.280000     11.628349
      3.300000     11.633378
      3.320000     11.194593
      3.340000     10.664289
      3.360000     10.214464
      3.380000      9.755542
      3.400000      9.253791
      3.420000      8.902040
      3.440000      8.835554
      3.460000      8.893109
      3.480000      8.825101
      3.500000      8.566563
      3.520000      8.224440
      3.540000      7.948781
      3.560000      7.816457
      3.580000      7.760035
      3.600000      7.667486
      3.620000      7.534323
      3.640000      7.424059
      3.660000      7.336848
      3.680000      7.206506
      3.700000      6.985417
      3.720000      6.695204
      3.740000      6.419948
      3.760000      6.233514
      3.780000      6.135048
      3.800000      6.100460
      3.820000      6.129901
      3.840000      6.165127
      3.860000      6.063574
      3.880000      5.763527
      3.900000      5.410162
      3.920000      5.235143
      3.940000      5.346756
      3.960000      5.678154
      3.980000      6.087077
      4.000000      6.448734
      4.020000      6.678624
      4.040000      6.721888
      4.060000      6.530637
      4.080000      6.047611
      4.100000      5.262594
      4.120000      4.331622
      4.140000      3.571644
      4.160000      3.253593
      4.180000      3.432102
      4.200000      3.978366
      4.220000      4.679491
      4.240000      5.284555
      4.260000      5.562929
      4.280000      5.415073
      4.300000      4.920489
      4.320000      4.258653
      4.340000      3.615887
      4.360000      3.135984
      4.380000      2.877328
      4.400000      2.831435
      4.420000      3.019995
      4.440000      3.517555
      4.460000      4.309500
      4.480000      5.149899
      4.500000      5.660298
      4.520000      5.621355
      4.540000      5.129698
      4.560000      4.478216
      4.580000      3.953440
      4.600000      3.721439
      4.620000      3.789741
      4.640000      4.027110
      4.660000      4.261817
      4.680000      4.386379
      4.700000      4.365713
      4.720000      4.207646
      4.740000      3.978225
      4.760000      3.780603
      4.780000      3.680801
      4.800000      3.689998
      4.820000      3.789638
      4.840000      3.929942
      4.860000      4.028113
      4.880000      3.989806
      4.900000      3.756947
      4.920000      3.378362
      4.940000      3.009369
      4.960000      2.792067
      4.980000      2.769060
      5.000000      2.932168
      5.020000      3.265697
      5.040000      3.708377
      5.060000      4.166671
      5.080000      4.583665
      5.100000      4.926634
      5.120000      5.136797
      5.140000      5.161735
      5.160000      5.031504
      5.180000      4.865157
      5.200000      4.777160
      5.220000      4.796369
      5.240000      4.893059
      5.260000      5.025108
      5.280000      5.137172
      5.300000      5.180094
      5.320000      5.157570
      5.340000      5.146312
      5.360000      5.243541
      5.380000      5.431338
      5.400000      5.515020
      5.420000      5.290924
      5.440000      4.770787
      5.460000      4.174379
      5.480000      3.723815
      5.500000      3.510696
      5.520000      3.531275
      5.540000      3.740613
      5.560000      4.040300
      5.580000      4.287935
      5.600000      4.362537
      5.620000      4.219486
      5.640000      3.922293
      5.660000      3.641946
      5.680000      3.567542
      5.700000      3.752538
      5.720000      4.049587
      5.740000      4.248390
      5.760000      4.268127
      5.780000      4.165012
      5.800000      4.019581
      5.820000      3.897291
      5.840000      3.838696
      5.860000      3.808355
      5.880000      3.714672
      5.900000      3.526878
      5.920000      3.323702
      5.940000      3.207376
      5.960000      3.206928
      5.980000      3.278961
      6.000000      3.375633
      6.020000      3.482442
      6.040000      3.602923
      6.060000      3.740596
      6.080000      3.902004
      6.100000      4.096331
      6.120000      4.309695
      6.140000      4.488174
      6.160000      4.559714
      6.180000      4.456787
      6.200000      4.136841
      6.220000      3.642956
      6.240000      3.140504
      6.260000      2.833021
      6.280000      2.827777
      6.300000      3.083471
      6.320000      3.441941
      6.340000      3.708775
      6.360000      3.778944
      6.380000      3.693870
      6.400000      3.536588
      6.420000      3.333646
      6.440000      3.114596
      6.460000      2.970553
      6.480000      2.971102
      6.500000      3.070061
      6.520000      3.143046
      6.540000      3.122552
      6.560000      3.075707
      6.580000      3.110330
      6.600000      3.231331
      6.620000      3.352329
      6.640000      3.412557
      6.660000      3.426195
      6.680000      3.451694
      6.700000      3.538481
      6.720000      3.677360
      6.740000      3.797764
      6.760000      3.831272
      6.780000      3.784611
      6.800000      3.730381
      6.820000      3.717768
      6.840000      3.726913
      6.860000      3.711512
      6.880000      3.646914
      6.900000      3.545471
      6.920000      3.445482
      6.940000      3.368112
      6.960000      3.285139
      6.980000      3.159570
      7.000000      3.020322
      7.020000      2.956228
      7.040000      3.017479
      7.060000      3.145653
      7.080000      3.223832
      7.100000      3.201060
      7.120000      3.139078
      7.140000      3.113998
      7.160000      3.121806
      7.180000      3.115060
      7.200000      3.075342
      7.220000      3.017312
      7.240000      2.960667
      7.260000      2.913327
      7.280000      2.871434
      7.300000      2.838397
      7.320000      2.837337
      7.340000      2.893480
      7.360000      3.002483
      7.380000      3.121177
      7.400000      3.205349
      7.420000      3.259632
      7.440000      3.326907
      7.460000      3.416682
      7.480000      3.462362
      7.500000      3.379860
      7.520000      3.178837
      7.540000      2.987310
      7.560000      2.941279
      7.580000      3.058909
      7.600000      3.231746
      7.620000      3.327675
      7.640000      3.291935
      7.660000      3.164182
      7.680000      3.027340
      7.700000      2.944486
      7.720000      2.927659
      7.740000      2.940113
      7.760000      2.921216
      7.780000      2.843138
      7.800000      2.744269
      7.820000      2.680846
      7.840000      2.668034
      7.860000      2.677945
      7.880000      2.661074
      7.900000      2.576489
      7.920000      2.430149
      7.940000      2.274019
      7.960000      2.166040
      7.980000      2.138653
      8.000000      2.181705
      8.020000      2.243433
      8.040000      2.269069
      8.060000      2.253215
      8.080000      2.246441
      8.100000      2.301881
      8.120000      2.431224
      8.140000      2.618424
      8.160000      2.843786
      8.180000      3.084306
      8.200000      3.316759
      8.220000      3.524380
      8.240000      3.691746
      8.260000      3.795975
      8.280000      3.807590
      8.300000      3.715673
      8.320000      3.564184
      8.340000      3.451546
      8.360000      3.464449
      8.380000      3.595452
      8.400000      3.752996
      8.420000      3.861645
      8.440000      3.905419
      8.460000      3.873404
      8.480000      3.745170
      8.500000      3.554959
      8.520000      3.390344
      8.540000      3.292146
      8.560000      3.220524
      8.580000      3.138837
      8.600000      3.062316
      8.620000      3.003526
      8.640000      2.928627
      8.660000      2.793447
      8.680000      2.590742
      8.700000      2.350601
      8.720000      2.110594
      8.740000      1.891824
      8.760000      1.703232
      8.780000      1.560403
      8.800000      1.494714
      8.820000      1.566875
      8.840000      1.956167
      8.860000      3.130114
      8.880000      5.707655
      8.900000      9.534214
      8.920000     12.807415
      8.940000     13.209122
      8.960000     10.428793
      8.980000      6.511513
      9.000000      3.532030
      9.020000      2.043343
      9.040000      1.620343
      9.060000      1.792634
      9.080000      2.341860
      9.100000      3.239710
      9.120000      4.491071
      9.140000      5.950769
      9.160000      7.302585
      9.180000      8.335133
      9.200000      9.216175
      9.220000     10.266931
      9.240000     11.416045
      9.260000     12.242317
      9.280000     12.711051
      9.300000     13.345631
      9.320000     14.413182
      9.340000     15.484233
      9.360000     16.015779
      9.380000     15.973614
      9.400000     15.811855
      9.420000     16.032353
      9.440000     16.733741
      9.460000     17.555213
      9.480000     18.090165
      9.500000     18.281988
      9.520000     18.358731
      9.540000     18.491055
      9.560000     18.668504
      9.580000     18.834660
      9.600000     18.890587
      9.620000     18.595848
      9.640000     17.777121
      9.660000     16.657749
      9.680000     15.741788
      9.700000     15.354451
      9.720000     15.411766
      9.740000     15.593239
      9.760000     15.627212
      9.780000     15.430999
      9.800000     15.081273
      9.820000     14.680595
      9.840000     14.265572
      9.860000     13.898845
      9.880000     13.798441
      9.900000     14.225365
      9.920000     15.189204
      9.940000     16.337108
      9.960000     17.226649
      9.980000     17.709759
     10.000000     17.944875
