# EIG2DOS: Utility for SIESTA to obtain the electronic density of states
#
#                                                  Emilio Artacho, Apr. 1999
# --------------------------------------------------------------------------
# Nbands, Nspin, Nk   =    936     1   352
# E_F                 =    -5.2850 eV
# Broadening          =     0.0500 eV
# Number of electrons =   298.8977  299.1972 per cell
#
#        E            N
# --------------------------------------------------------------------------
    -10.000000      4.098320
     -9.980000      4.178282
     -9.960000      4.319229
     -9.940000      4.552001
     -9.920000      4.939408
     -9.900000      5.546071
     -9.880000      6.341386
     -9.860000      7.086693
     -9.840000      7.441114
     -9.820000      7.276589
     -9.800000      6.796406
     -9.780000      6.327021
     -9.760000      6.095722
     -9.740000      6.150607
     -9.720000      6.355881
     -9.700000      6.474137
     -9.680000      6.350369
     -9.660000      6.039174
     -9.640000      5.705581
     -9.620000      5.426908
     -9.600000      5.161505
     -9.580000      4.879114
     -9.560000      4.656203
     -9.540000      4.649293
     -9.520000      4.963188
     -9.500000      5.526746
     -9.480000      6.151837
     -9.460000      6.694602
     -9.440000      7.084024
     -9.420000      7.278975
     -9.400000      7.278554
     -9.380000      7.118695
     -9.360000      6.875604
     -9.340000      6.676486
     -9.320000      6.607157
     -9.300000      6.621620
     -9.280000      6.613004
     -9.260000      6.538700
     -9.240000      6.440507
     -9.220000      6.376907
     -9.200000      6.380806
     -9.180000      6.483202
     -9.160000      6.698721
     -9.140000      6.956705
     -9.120000      7.163065
     -9.100000      7.341416
     -9.080000      7.558456
     -9.060000      7.748342
     -9.040000      7.774866
     -9.020000      7.599327
     -9.000000      7.268359
     -8.980000      6.822111
     -8.960000      6.300992
     -8.940000      5.780831
     -8.920000      5.362548
     -8.900000      5.153044
     -8.880000      5.211863
     -8.860000      5.482642
     -8.840000      5.835384
     -8.820000      6.199966
     -8.800000      6.606034
     -8.780000      7.057750
     -8.760000      7.446208
     -8.740000      7.676929
     -8.720000      7.792693
     -8.700000      7.849773
     -8.680000      7.765742
     -8.660000      7.425475
     -8.640000      6.904233
     -8.620000      6.491896
     -8.600000      6.482658
     -8.580000      6.930024
     -8.560000      7.531394
     -8.540000      7.800084
     -8.520000      7.522851
     -8.500000      6.991793
     -8.480000      6.633294
     -8.460000      6.544356
     -8.440000      6.529258
     -8.420000      6.440653
     -8.400000      6.334950
     -8.380000      6.342395
     -8.360000      6.508282
     -8.340000      6.773651
     -8.320000      7.028503
     -8.300000      7.185849
     -8.280000      7.244470
     -8.260000      7.251515
     -8.240000      7.222766
     -8.220000      7.159683
     -8.200000      7.090947
     -8.180000      7.035445
     -8.160000      6.986219
     -8.140000      6.939500
     -8.120000      6.873522
     -8.100000      6.741885
     -8.080000      6.546051
     -8.060000      6.378975
     -8.040000      6.364095
     -8.020000      6.556582
     -8.000000      6.928969
     -7.980000      7.417357
     -7.960000      7.882110
     -7.940000      8.080744
     -7.920000      7.841539
     -7.900000      7.262911
     -7.880000      6.685913
     -7.860000      6.468039
     -7.840000      6.726237
     -7.820000      7.258682
     -7.800000      7.739966
     -7.780000      7.992578
     -7.760000      8.062599
     -7.740000      8.074513
     -7.720000      8.079373
     -7.700000      8.049110
     -7.680000      7.939835
     -7.660000      7.723489
     -7.640000      7.412672
     -7.620000      7.082097
     -7.600000      6.850653
     -7.580000      6.847129
     -7.560000      7.150982
     -7.540000      7.681505
     -7.520000      8.173438
     -7.500000      8.376246
     -7.480000      8.273548
     -7.460000      8.019810
     -7.440000      7.722357
     -7.420000      7.412880
     -7.400000      7.153271
     -7.380000      7.018596
     -7.360000      7.024403
     -7.340000      7.164737
     -7.320000      7.451094
     -7.300000      7.833547
     -7.280000      8.149409
     -7.260000      8.225111
     -7.240000      8.044321
     -7.220000      7.808266
     -7.200000      7.753878
     -7.180000      7.890344
     -7.160000      8.014381
     -7.140000      7.973671
     -7.120000      7.809819
     -7.100000      7.682987
     -7.080000      7.744001
     -7.060000      8.034065
     -7.040000      8.441053
     -7.020000      8.763695
     -7.000000      8.850055
     -6.980000      8.707445
     -6.960000      8.477416
     -6.940000      8.269514
     -6.920000      8.104133
     -6.900000      8.119726
     -6.880000      8.662835
     -6.860000      9.924739
     -6.840000     11.573208
     -6.820000     13.003194
     -6.800000     13.937971
     -6.780000     14.544175
     -6.760000     14.964519
     -6.740000     15.049725
     -6.720000     14.645399
     -6.700000     13.900920
     -6.680000     13.172248
     -6.660000     12.738989
     -6.640000     12.700665
     -6.620000     13.037909
     -6.600000     13.587802
     -6.580000     14.008042
     -6.560000     13.997056
     -6.540000     13.549179
     -6.520000     12.889820
     -6.500000     12.256241
     -6.480000     11.767431
     -6.460000     11.414962
     -6.440000     11.201378
     -6.420000     11.263372
     -6.400000     11.757735
     -6.380000     12.663257
     -6.360000     13.795262
     -6.340000     14.990634
     -6.320000     16.147264
     -6.300000     17.063630
     -6.280000     17.433144
     -6.260000     17.111589
     -6.240000     16.299549
     -6.220000     15.410378
     -6.200000     14.783690
     -6.180000     14.534549
     -6.160000     14.640069
     -6.140000     15.004571
     -6.120000     15.345922
     -6.100000     15.237301
     -6.080000     14.511366
     -6.060000     13.551348
     -6.040000     12.959099
     -6.020000     12.956699
     -6.000000     13.295695
     -5.980000     13.715828
     -5.960000     14.265430
     -5.940000     15.067407
     -5.920000     15.951018
     -5.900000     16.602537
     -5.880000     17.018094
     -5.860000     17.446511
     -5.840000     17.884402
     -5.820000     18.002461
     -5.800000     17.670238
     -5.780000     17.274269
     -5.760000     17.361649
     -5.740000     18.096586
     -5.720000     19.087061
     -5.700000     19.654239
     -5.680000     19.404091
     -5.660000     18.629603
     -5.640000     17.995595
     -5.620000     17.802093
     -5.600000     17.740873
     -5.580000     17.356615
     -5.560000     16.505625
     -5.540000     15.356642
     -5.520000     14.146313
     -5.500000     13.032734
     -5.480000     12.169748
     -5.460000     11.732324
     -5.440000     11.725137
     -5.420000     11.985730
     -5.400000     12.498319
     -5.380000     13.399473
     -5.360000     14.523513
     -5.340000     15.259269
     -5.320000     15.144117
     -5.300000     14.503113
     -5.280000     14.198994
     -5.260000     14.619298
     -5.240000     15.166923
     -5.220000     15.047764
     -5.200000     14.352907
     -5.180000     13.959168
     -5.160000     14.506301
     -5.140000     15.822512
     -5.120000     17.197756
     -5.100000     17.968658
     -5.080000     17.901526
     -5.060000     17.091109
     -5.040000     15.726914
     -5.020000     14.246425
     -5.000000     13.347462
     -4.980000     13.333153
     -4.960000     13.678159
     -4.940000     13.648924
     -4.920000     13.189238
     -4.900000     12.852555
     -4.880000     12.997570
     -4.860000     13.418701
     -4.840000     13.719292
     -4.820000     13.754484
     -4.800000     13.671375
     -4.780000     13.647113
     -4.760000     13.672051
     -4.740000     13.621529
     -4.720000     13.458231
     -4.700000     13.244730
     -4.680000     13.017063
     -4.660000     12.760694
     -4.640000     12.441705
     -4.620000     12.005672
     -4.600000     11.474411
     -4.580000     11.036795
     -4.560000     10.848522
     -4.540000     10.787141
     -4.520000     10.622509
     -4.500000     10.367447
     -4.480000     10.264397
     -4.460000     10.514796
     -4.440000     11.203941
     -4.420000     12.365496
     -4.400000     13.909901
     -4.380000     15.553227
     -4.360000     16.896786
     -4.340000     17.506386
     -4.320000     17.054227
     -4.300000     15.663240
     -4.280000     14.040281
     -4.260000     13.013734
     -4.240000     12.884487
     -4.220000     13.227488
     -4.200000     13.292474
     -4.180000     12.643244
     -4.160000     11.463355
     -4.140000     10.310903
     -4.120000      9.679184
     -4.100000      9.731637
     -4.080000     10.261063
     -4.060000     10.868318
     -4.040000     11.288142
     -4.020000     11.531125
     -4.000000     11.673668
     -3.980000     11.662077
     -3.960000     11.402706
     -3.940000     10.905872
     -3.920000     10.301000
     -3.900000      9.761618
     -3.880000      9.380434
     -3.860000      9.149870
     -3.840000      9.086667
     -3.820000      9.196484
     -3.800000      9.307015
     -3.780000      9.224347
     -3.760000      9.071025
     -3.740000      9.190650
     -3.720000      9.722122
     -3.700000     10.480731
     -3.680000     11.216001
     -3.660000     11.814208
     -3.640000     12.258391
     -3.620000     12.495748
     -3.600000     12.394965
     -3.580000     11.857243
     -3.560000     10.996084
     -3.540000     10.194647
     -3.520000      9.904585
     -3.500000     10.323049
     -3.480000     11.230843
     -3.460000     12.068101
     -3.440000     12.230957
     -3.420000     11.516969
     -3.400000     10.310035
     -3.380000      9.236366
     -3.360000      8.684156
     -3.340000      8.640443
     -3.320000      8.842858
     -3.300000      9.064771
     -3.280000      9.330639
     -3.260000      9.858243
     -3.240000     10.788140
     -3.220000     12.000896
     -3.200000     13.176958
     -3.180000     13.983806
     -3.160000     14.209025
     -3.140000     13.790791
     -3.120000     12.845225
     -3.100000     11.690249
     -3.080000     10.687806
     -3.060000      9.957052
     -3.040000      9.306412
     -3.020000      8.498516
     -3.000000      7.558183
     -2.980000      6.788655
     -2.960000      6.449076
     -2.940000      6.412284
     -2.920000      6.242239
     -2.900000      5.703537
     -2.880000      5.088705
     -2.860000      4.893756
     -2.840000      5.228581
     -2.820000      5.707622
     -2.800000      5.952294
     -2.780000      6.029990
     -2.760000      6.267591
     -2.740000      6.802223
     -2.720000      7.534268
     -2.700000      8.432729
     -2.680000      9.658645
     -2.660000     11.361911
     -2.640000     13.437488
     -2.620000     15.432490
     -2.600000     16.676307
     -2.580000     16.688757
     -2.560000     15.570121
     -2.540000     13.896978
     -2.520000     12.257084
     -2.500000     10.983492
     -2.480000     10.184183
     -2.460000      9.780334
     -2.440000      9.507817
     -2.420000      9.037679
     -2.400000      8.236920
     -2.380000      7.347739
     -2.360000      6.758197
     -2.340000      6.513000
     -2.320000      6.266831
     -2.300000      5.826249
     -2.280000      5.446484
     -2.260000      5.409048
     -2.240000      5.584729
     -2.220000      5.666931
     -2.200000      5.661313
     -2.180000      5.865075
     -2.160000      6.387076
     -2.140000      6.935196
     -2.120000      7.156648
     -2.100000      7.028824
     -2.080000      6.832518
     -2.060000      6.828513
     -2.040000      7.066757
     -2.020000      7.555534
     -2.000000      8.492951
     -1.980000     10.064178
     -1.960000     11.995830
     -1.940000     13.645124
     -1.920000     14.648847
     -1.900000     15.242518
     -1.880000     15.871378
     -1.860000     16.669902
     -1.840000     17.390280
     -1.820000     17.764640
     -1.800000     17.737425
     -1.780000     17.194577
     -1.760000     15.800484
     -1.740000     13.480200
     -1.720000     10.868117
     -1.700000      8.962345
     -1.680000      8.274108
     -1.660000      8.361408
     -1.640000      8.289708
     -1.620000      7.547614
     -1.600000      6.406280
     -1.580000      5.464882
     -1.560000      5.037289
     -1.540000      5.008476
     -1.520000      5.152907
     -1.500000      5.413308
     -1.480000      5.836490
     -1.460000      6.389945
     -1.440000      6.924589
     -1.420000      7.266563
     -1.400000      7.338288
     -1.380000      7.201440
     -1.360000      6.948150
     -1.340000      6.603476
     -1.320000      6.220171
     -1.300000      5.981638
     -1.280000      6.072946
     -1.260000      6.454763
     -1.240000      6.839193
     -1.220000      6.942056
     -1.200000      6.730562
     -1.180000      6.347520
     -1.160000      5.876550
     -1.140000      5.333657
     -1.120000      4.821832
     -1.100000      4.550293
     -1.080000      4.704159
     -1.060000      5.287981
     -1.040000      6.007467
     -1.020000      6.361162
     -1.000000      6.035873
     -0.980000      5.214426
     -0.960000      4.379595
     -0.940000      3.875045
     -0.920000      3.732335
     -0.900000      3.802697
     -0.880000      3.930549
     -0.860000      4.039741
     -0.840000      4.143549
     -0.820000      4.293525
     -0.800000      4.499266
     -0.780000      4.691213
     -0.760000      4.764376
     -0.740000      4.672136
     -0.720000      4.493388
     -0.700000      4.376678
     -0.680000      4.393364
     -0.660000      4.475795
     -0.640000      4.502388
     -0.620000      4.415542
     -0.600000      4.259150
     -0.580000      4.113733
     -0.560000      4.004325
     -0.540000      3.897271
     -0.520000      3.776160
     -0.500000      3.656153
     -0.480000      3.534674
     -0.460000      3.394330
     -0.440000      3.219366
     -0.420000      2.985343
     -0.400000      2.721450
     -0.380000      2.578782
     -0.360000      2.720271
     -0.340000      3.146329
     -0.320000      3.686727
     -0.300000      4.083407
     -0.280000      4.061669
     -0.260000      3.512686
     -0.240000      2.662132
     -0.220000      1.893329
     -0.200000      1.403924
     -0.180000      1.159715
     -0.160000      1.112205
     -0.140000      1.316192
     -0.120000      1.848540
     -0.100000      2.669051
     -0.080000      3.546577
     -0.060000      4.148920
     -0.040000      4.269853
     -0.020000      3.964384
      0.000000      3.463520
      0.020000      2.995153
      0.040000      2.661929
      0.060000      2.433606
      0.080000      2.242926
      0.100000      2.077874
      0.120000      1.966202
      0.140000      1.900904
      0.160000      1.829008
      0.180000      1.725509
      0.200000      1.632012
      0.220000      1.581449
      0.240000      1.539218
      0.260000      1.466991
      0.280000      1.384411
      0.300000      1.326737
      0.320000      1.289551
      0.340000      1.243339
      0.360000      1.176599
      0.380000      1.109258
      0.400000      1.065687
      0.420000      1.035910
      0.440000      0.985738
      0.460000      0.915187
      0.480000      0.863162
      0.500000      0.838180
      0.520000      0.800610
      0.540000      0.734920
      0.560000      0.677832
      0.580000      0.648856
      0.600000      0.616808
      0.620000      0.561029
      0.640000      0.504912
      0.660000      0.467636
      0.680000      0.434766
      0.700000      0.391729
      0.720000      0.345672
      0.740000      0.306437
      0.760000      0.273339
      0.780000      0.240024
      0.800000      0.199754
      0.820000      0.153577
      0.840000      0.116161
      0.860000      0.102731
      0.880000      0.109244
      0.900000      0.118195
      0.920000      0.125749
      0.940000      0.144800
      0.960000      0.176341
      0.980000      0.201201
      1.000000      0.211131
      1.020000      0.226130
      1.040000      0.264437
      1.060000      0.315395
      1.080000      0.363256
      1.100000      0.416736
      1.120000      0.488737
      1.140000      0.564360
      1.160000      0.617485
      1.180000      0.650587
      1.200000      0.692102
      1.220000      0.752852
      1.240000      0.808064
      1.260000      0.840507
      1.280000      0.876308
      1.300000      0.938870
      1.320000      1.000884
      1.340000      1.035421
      1.360000      1.071141
      1.380000      1.136768
      1.400000      1.202280
      1.420000      1.239151
      1.440000      1.278926
      1.460000      1.348867
      1.480000      1.417144
      1.500000      1.458408
      1.520000      1.504024
      1.540000      1.578245
      1.560000      1.652696
      1.580000      1.703720
      1.600000      1.754792
      1.620000      1.832940
      1.640000      1.922809
      1.660000      1.992801
      1.680000      2.053244
      1.700000      2.149607
      1.720000      2.290947
      1.740000      2.441310
      1.760000      2.599676
      1.780000      2.817855
      1.800000      3.114845
      1.820000      3.420717
      1.840000      3.617093
      1.860000      3.615566
      1.880000      3.405429
      1.900000      3.059647
      1.920000      2.734416
      1.940000      2.649807
      1.960000      2.974851
      1.980000      3.657418
      2.000000      4.385594
      2.020000      4.781574
      2.040000      4.692181
      2.060000      4.297385
      2.080000      3.931755
      2.100000      3.832098
      2.120000      4.026557
      2.140000      4.364966
      2.160000      4.636114
      2.180000      4.739420
      2.200000      4.774946
      2.220000      4.920796
      2.240000      5.261399
      2.260000      5.760012
      2.280000      6.272616
      2.300000      6.597634
      2.320000      6.646377
      2.340000      6.504673
      2.360000      6.319624
      2.380000      6.303647
      2.400000      6.797353
      2.420000      8.093515
      2.440000     10.132537
      2.460000     12.385009
      2.480000     14.062823
      2.500000     14.588781
      2.520000     13.944717
      2.540000     12.539970
      2.560000     10.826857
      2.580000      9.143971
      2.600000      7.787429
      2.620000      6.951405
      2.640000      6.554073
      2.660000      6.308984
      2.680000      6.019542
      2.700000      5.712980
      2.720000      5.498711
      2.740000      5.402331
      2.760000      5.371693
      2.780000      5.360436
      2.800000      5.349697
      2.820000      5.332744
      2.840000      5.307368
      2.860000      5.300641
      2.880000      5.406085
      2.900000      5.691211
      2.920000      6.031675
      2.940000      6.199926
      2.960000      6.172006
      2.980000      6.189623
      3.000000      6.488763
      3.020000      7.079743
      3.040000      7.748901
      3.060000      8.170473
      3.080000      8.106841
      3.100000      7.603773
      3.120000      6.941293
      3.140000      6.388279
      3.160000      6.050521
      3.180000      5.888943
      3.200000      5.798374
      3.220000      5.696109
      3.240000      5.589687
      3.260000      5.551818
      3.280000      5.615150
      3.300000      5.702684
      3.320000      5.657632
      3.340000      5.364585
      3.360000      4.906940
      3.380000      4.588590
      3.400000      4.703590
      3.420000      5.259365
      3.440000      5.974798
      3.460000      6.528485
      3.480000      6.738411
      3.500000      6.560691
      3.520000      6.055287
      3.540000      5.364401
      3.560000      4.645547
      3.580000      4.006680
      3.600000      3.514241
      3.620000      3.211726
      3.640000      3.084391
      3.660000      3.060020
      3.680000      3.092059
      3.700000      3.205476
      3.720000      3.439789
      3.740000      3.773169
      3.760000      4.133130
      3.780000      4.465496
      3.800000      4.752469
      3.820000      4.992184
      3.840000      5.193418
      3.860000      5.358698
      3.880000      5.446835
      3.900000      5.390203
      3.920000      5.197742
      3.940000      4.980247
      3.960000      4.818556
      3.980000      4.692551
      4.000000      4.574705
      4.020000      4.509546
      4.040000      4.557912
      4.060000      4.680590
      4.080000      4.723679
      4.100000      4.571656
      4.120000      4.302006
      4.140000      4.115432
      4.160000      4.104538
      4.180000      4.178199
      4.200000      4.236318
      4.220000      4.308209
      4.240000      4.442039
      4.260000      4.557473
      4.280000      4.536668
      4.300000      4.396564
      4.320000      4.256588
      4.340000      4.207646
      4.360000      4.286503
      4.380000      4.483617
      4.400000      4.710984
      4.420000      4.823893
      4.440000      4.738424
      4.460000      4.532495
      4.480000      4.392277
      4.500000      4.421995
      4.520000      4.517653
      4.540000      4.466671
      4.560000      4.179932
      4.580000      3.798784
      4.600000      3.556973
      4.620000      3.539434
      4.640000      3.588270
      4.660000      3.486953
      4.680000      3.237130
      4.700000      3.058358
      4.720000      3.109943
      4.740000      3.345483
      4.760000      3.632227
      4.780000      3.876030
      4.800000      4.047003
      4.820000      4.173496
      4.840000      4.288881
      4.860000      4.368738
      4.880000      4.349430
      4.900000      4.198018
      4.920000      3.969055
      4.940000      3.800462
      4.960000      3.803045
      4.980000      3.928944
      5.000000      4.010986
      5.020000      3.960157
      5.040000      3.841105
      5.060000      3.747712
      5.080000      3.728578
      5.100000      3.807357
      5.120000      3.922948
      5.140000      3.919413
      5.160000      3.759265
      5.180000      3.635492
      5.200000      3.714132
      5.220000      3.901740
      5.240000      4.007788
      5.260000      4.002055
      5.280000      3.978375
      5.300000      3.949198
      5.320000      3.815861
      5.340000      3.555996
      5.360000      3.300979
      5.380000      3.144983
      5.400000      3.023345
      5.420000      2.864726
      5.440000      2.719172
      5.460000      2.680204
      5.480000      2.785891
      5.500000      3.021768
      5.520000      3.352606
      5.540000      3.715318
      5.560000      3.999474
      5.580000      4.085205
      5.600000      3.944960
      5.620000      3.693603
      5.640000      3.493420
      5.660000      3.408207
      5.680000      3.373558
      5.700000      3.312589
      5.720000      3.248302
      5.740000      3.255727
      5.760000      3.332301
      5.780000      3.395909
      5.800000      3.394380
      5.820000      3.348552
      5.840000      3.302197
      5.860000      3.276033
      5.880000      3.264065
      5.900000      3.250136
      5.920000      3.235041
      5.940000      3.239824
      5.960000      3.257403
      5.980000      3.237344
      6.000000      3.156638
      6.020000      3.062639
      6.040000      3.012049
      6.060000      3.005540
      6.080000      3.011901
      6.100000      3.029607
      6.120000      3.082751
      6.140000      3.159109
      6.160000      3.198226
      6.180000      3.154268
      6.200000      3.060788
      6.220000      3.027799
      6.240000      3.128587
      6.260000      3.283492
      6.280000      3.337438
      6.300000      3.257156
      6.320000      3.168480
      6.340000      3.193384
      6.360000      3.318091
      6.380000      3.435977
      6.400000      3.458563
      6.420000      3.357771
      6.440000      3.167588
      6.460000      2.990015
      6.480000      2.935412
      6.500000      3.001260
      6.520000      3.057567
      6.540000      2.998841
      6.560000      2.872102
      6.580000      2.810378
      6.600000      2.866273
      6.620000      2.962272
      6.640000      2.999963
      6.660000      2.978041
      6.680000      2.985020
      6.700000      3.081262
      6.720000      3.217257
      6.740000      3.290020
      6.760000      3.256065
      6.780000      3.157447
      6.800000      3.033166
      6.820000      2.838270
      6.840000      2.509861
      6.860000      2.117720
      6.880000      1.881806
      6.900000      1.998396
      6.920000      2.451025
      6.940000      2.994804
      6.960000      3.340076
      6.980000      3.377167
      7.000000      3.233176
      7.020000      3.106238
      7.040000      3.059292
      7.060000      3.010990
      7.080000      2.905735
      7.100000      2.800900
      7.120000      2.764798
      7.140000      2.779881
      7.160000      2.781486
      7.180000      2.732155
      7.200000      2.643240
      7.220000      2.543547
      7.240000      2.436729
      7.260000      2.313425
      7.280000      2.193168
      7.300000      2.121526
      7.320000      2.134731
      7.340000      2.224668
      7.360000      2.323588
      7.380000      2.343705
      7.400000      2.265023
      7.420000      2.187286
      7.440000      2.243228
      7.460000      2.443545
      7.480000      2.676189
      7.500000      2.856533
      7.520000      2.988868
      7.540000      3.085761
      7.560000      3.111409
      7.580000      3.027000
      7.600000      2.867307
      7.620000      2.745289
      7.640000      2.742957
      7.660000      2.800853
      7.680000      2.781794
      7.700000      2.652592
      7.720000      2.511526
      7.740000      2.432973
      7.760000      2.402997
      7.780000      2.400719
      7.800000      2.423010
      7.820000      2.445567
      7.840000      2.440492
      7.860000      2.399396
      7.880000      2.323682
      7.900000      2.250238
      7.920000      2.252590
      7.940000      2.346469
      7.960000      2.441158
      7.980000      2.448294
      8.000000      2.396487
      8.020000      2.383422
      8.040000      2.455922
      8.060000      2.586265
      8.080000      2.728957
      8.100000      2.883662
      8.120000      3.190835
      8.140000      3.970180
      8.160000      5.440024
      8.180000      7.283625
      8.200000      8.783322
      8.220000      9.554945
      8.240000      9.824192
      8.260000      9.887817
      8.280000      9.735387
      8.300000      9.304273
      8.320000      8.715370
      8.340000      8.134830
      8.360000      7.636397
      8.380000      7.222038
      8.400000      6.872359
      8.420000      6.706384
      8.440000      7.066607
      8.460000      8.213515
      8.480000     10.011245
      8.500000     11.955333
      8.520000     13.336285
      8.540000     13.632461
      8.560000     13.053200
      8.580000     12.371977
      8.600000     12.038210
      8.620000     11.875602
      8.640000     11.715453
      8.660000     11.748992
      8.680000     12.086540
      8.700000     12.500986
      8.720000     12.833739
      8.740000     13.243788
      8.760000     13.901830
      8.780000     14.757653
      8.800000     15.713534
      8.820000     16.849343
      8.840000     18.362511
      8.860000     20.290641
      8.880000     22.325357
      8.900000     23.889794
      8.920000     24.430571
      8.940000     23.712350
      8.960000     21.894659
      8.980000     19.462978
      9.000000     17.179066
      9.020000     15.889885
      9.040000     16.035644
      9.060000     17.272195
      9.080000     18.781137
      9.100000     20.024211
      9.120000     21.071546
      9.140000     22.176150
      9.160000     23.189363
      9.180000     23.598147
      9.200000     23.110148
      9.220000     21.925337
      9.240000     20.453768
      9.260000     19.076762
      9.280000     18.175620
      9.300000     18.091756
      9.320000     18.877058
      9.340000     20.137151
      9.360000     21.204332
      9.380000     21.436938
      9.400000     20.490656
      9.420000     18.633151
      9.440000     16.751853
      9.460000     15.677396
      9.480000     15.471383
      9.500000     15.607206
      9.520000     15.729878
      9.540000     15.934350
      9.560000     16.341202
      9.580000     16.701070
      9.600000     16.596317
      9.620000     15.919013
      9.640000     14.931080
      9.660000     13.901896
      9.680000     12.944523
      9.700000     12.196814
      9.720000     11.871923
      9.740000     12.030664
      9.760000     12.432538
      9.780000     12.678337
      9.800000     12.525869
      9.820000     12.118905
      9.840000     11.832415
      9.860000     11.861283
      9.880000     12.166514
      9.900000     12.774230
      9.920000     13.716649
      9.940000     14.683249
      9.960000     15.173527
      9.980000     15.037240
     10.000000     14.586109
