# EIG2DOS: Utility for SIESTA to obtain the electronic density of states
#
#                                                  Emilio Artacho, Apr. 1999
# --------------------------------------------------------------------------
# Nbands, Nspin, Nk   =    936     1   352
# E_F                 =    -5.5888 eV
# Broadening          =     0.0500 eV
# Number of electrons =   296.8920  297.2319 per cell
#
#        E            N
# --------------------------------------------------------------------------
    -10.000000      5.202329
     -9.980000      5.332563
     -9.960000      5.176236
     -9.940000      4.731610
     -9.920000      4.183717
     -9.900000      3.722922
     -9.880000      3.411409
     -9.860000      3.230851
     -9.840000      3.189564
     -9.820000      3.336855
     -9.800000      3.698910
     -9.780000      4.214375
     -9.760000      4.701921
     -9.740000      4.919702
     -9.720000      4.745010
     -9.700000      4.303036
     -9.680000      3.849156
     -9.660000      3.534503
     -9.640000      3.366584
     -9.620000      3.381127
     -9.600000      3.721993
     -9.580000      4.456411
     -9.560000      5.355975
     -9.540000      5.991138
     -9.520000      6.093934
     -9.500000      5.765883
     -9.480000      5.321972
     -9.460000      5.036069
     -9.440000      5.056464
     -9.420000      5.403604
     -9.400000      5.918511
     -9.380000      6.299879
     -9.360000      6.348703
     -9.340000      6.171976
     -9.320000      6.058397
     -9.300000      6.203491
     -9.280000      6.618476
     -9.260000      7.168472
     -9.240000      7.605304
     -9.220000      7.712650
     -9.200000      7.494146
     -9.180000      7.125537
     -9.160000      6.741206
     -9.140000      6.376222
     -9.120000      6.108906
     -9.100000      6.119821
     -9.080000      6.489560
     -9.060000      7.020546
     -9.040000      7.425328
     -9.020000      7.623076
     -9.000000      7.722252
     -8.980000      7.840417
     -8.960000      8.051904
     -8.940000      8.368276
     -8.920000      8.655246
     -8.900000      8.683692
     -8.880000      8.378790
     -8.860000      7.936630
     -8.840000      7.589677
     -8.820000      7.323614
     -8.800000      6.947382
     -8.780000      6.404177
     -8.760000      5.868771
     -8.740000      5.534639
     -8.720000      5.441961
     -8.700000      5.529302
     -8.680000      5.708822
     -8.660000      5.853457
     -8.640000      5.839795
     -8.620000      5.655722
     -8.600000      5.404410
     -8.580000      5.193963
     -8.560000      5.056120
     -8.540000      4.973942
     -8.520000      4.952562
     -8.500000      5.028165
     -8.480000      5.243015
     -8.460000      5.630563
     -8.440000      6.144757
     -8.420000      6.598753
     -8.400000      6.792384
     -8.380000      6.712885
     -8.360000      6.526713
     -8.340000      6.379721
     -8.320000      6.255912
     -8.300000      6.050444
     -8.280000      5.750646
     -8.260000      5.491148
     -8.240000      5.447168
     -8.220000      5.695674
     -8.200000      6.129827
     -8.180000      6.497201
     -8.160000      6.592731
     -8.140000      6.461690
     -8.120000      6.363278
     -8.100000      6.484556
     -8.080000      6.761638
     -8.060000      7.021971
     -8.040000      7.180234
     -8.020000      7.236020
     -8.000000      7.211454
     -7.980000      7.177968
     -7.960000      7.248240
     -7.940000      7.484370
     -7.920000      7.870453
     -7.900000      8.306849
     -7.880000      8.552677
     -7.860000      8.332897
     -7.840000      7.613737
     -7.820000      6.665706
     -7.800000      5.818555
     -7.780000      5.231846
     -7.760000      4.902947
     -7.740000      4.816333
     -7.720000      5.004902
     -7.700000      5.443876
     -7.680000      5.960692
     -7.660000      6.342762
     -7.640000      6.532974
     -7.620000      6.652166
     -7.600000      6.816046
     -7.580000      7.000626
     -7.560000      7.126872
     -7.540000      7.197958
     -7.520000      7.280141
     -7.500000      7.403017
     -7.480000      7.539453
     -7.460000      7.654101
     -7.440000      7.725204
     -7.420000      7.738941
     -7.400000      7.733685
     -7.380000      7.836835
     -7.360000      8.133158
     -7.340000      8.484245
     -7.320000      8.624057
     -7.300000      8.448748
     -7.280000      8.109990
     -7.260000      7.858778
     -7.240000      7.860369
     -7.220000      8.094550
     -7.200000      8.381813
     -7.180000      8.526888
     -7.160000      8.435702
     -7.140000      8.106951
     -7.120000      7.594289
     -7.100000      7.027892
     -7.080000      6.600933
     -7.060000      6.429969
     -7.040000      6.443155
     -7.020000      6.488564
     -7.000000      6.539798
     -6.980000      6.727637
     -6.960000      7.164009
     -6.940000      7.761728
     -6.920000      8.283169
     -6.900000      8.600533
     -6.880000      8.790717
     -6.860000      8.896983
     -6.840000      8.754194
     -6.820000      8.189949
     -6.800000      7.355315
     -6.780000      6.751581
     -6.760000      6.829128
     -6.740000      7.549357
     -6.720000      8.504359
     -6.700000      9.535069
     -6.680000     10.937623
     -6.660000     12.832853
     -6.640000     14.638866
     -6.620000     15.532195
     -6.600000     15.281039
     -6.580000     14.343519
     -6.560000     13.263899
     -6.540000     12.259820
     -6.520000     11.416451
     -6.500000     10.958985
     -6.480000     11.061168
     -6.460000     11.570060
     -6.440000     12.165828
     -6.420000     12.631936
     -6.400000     12.843180
     -6.380000     12.728970
     -6.360000     12.385487
     -6.340000     12.077622
     -6.320000     12.077807
     -6.300000     12.502053
     -6.280000     13.176369
     -6.260000     13.673422
     -6.240000     13.642219
     -6.220000     13.114625
     -6.200000     12.420392
     -6.180000     11.840106
     -6.160000     11.391621
     -6.140000     10.930175
     -6.120000     10.390014
     -6.100000      9.908771
     -6.080000      9.773522
     -6.060000     10.220260
     -6.040000     11.164604
     -6.020000     12.169612
     -6.000000     12.836206
     -5.980000     13.157643
     -5.960000     13.363706
     -5.940000     13.614855
     -5.920000     14.020915
     -5.900000     14.712203
     -5.880000     15.646625
     -5.860000     16.420446
     -5.840000     16.429496
     -5.820000     15.373738
     -5.800000     13.685477
     -5.780000     12.324679
     -5.760000     12.052254
     -5.740000     12.961831
     -5.720000     14.604177
     -5.700000     16.358561
     -5.680000     17.731714
     -5.660000     18.486766
     -5.640000     18.631686
     -5.620000     18.360840
     -5.600000     17.917777
     -5.580000     17.375678
     -5.560000     16.623994
     -5.540000     15.658851
     -5.520000     14.718657
     -5.500000     14.005984
     -5.480000     13.465842
     -5.460000     12.990567
     -5.440000     12.603576
     -5.420000     12.271790
     -5.400000     11.840875
     -5.380000     11.310415
     -5.360000     10.897619
     -5.340000     10.764425
     -5.320000     10.859332
     -5.300000     11.007147
     -5.280000     11.088174
     -5.260000     11.170805
     -5.240000     11.436821
     -5.220000     11.957946
     -5.200000     12.615015
     -5.180000     13.192955
     -5.160000     13.496888
     -5.140000     13.488679
     -5.120000     13.355820
     -5.100000     13.335314
     -5.080000     13.486957
     -5.060000     13.724938
     -5.040000     13.942050
     -5.020000     14.013745
     -5.000000     13.893129
     -4.980000     13.773507
     -4.960000     13.901252
     -4.940000     14.194490
     -4.920000     14.324448
     -4.900000     14.170069
     -4.880000     13.893490
     -4.860000     13.579769
     -4.840000     13.111030
     -4.820000     12.428799
     -4.800000     11.709873
     -4.780000     11.272360
     -4.760000     11.388614
     -4.740000     12.071859
     -4.720000     12.947913
     -4.700000     13.474900
     -4.680000     13.355960
     -4.660000     12.634841
     -4.640000     11.524402
     -4.620000     10.367217
     -4.600000      9.602205
     -4.580000      9.514511
     -4.560000     10.045055
     -4.540000     10.940220
     -4.520000     12.026274
     -4.500000     13.212084
     -4.480000     14.310238
     -4.460000     15.105876
     -4.440000     15.535027
     -4.420000     15.534511
     -4.400000     14.904962
     -4.380000     13.636905
     -4.360000     12.158392
     -4.340000     11.001420
     -4.320000     10.381335
     -4.300000     10.214810
     -4.280000     10.387439
     -4.260000     10.848941
     -4.240000     11.456082
     -4.220000     11.917381
     -4.200000     12.066945
     -4.180000     12.070915
     -4.160000     12.196052
     -4.140000     12.478086
     -4.120000     12.732968
     -4.100000     12.806437
     -4.080000     12.754306
     -4.060000     12.852807
     -4.040000     13.380783
     -4.020000     14.229427
     -4.000000     14.873138
     -3.980000     14.969108
     -3.960000     14.786724
     -3.940000     14.844994
     -3.920000     15.334008
     -3.900000     15.965729
     -3.880000     16.216870
     -3.860000     15.737912
     -3.840000     14.666996
     -3.820000     13.541937
     -3.800000     12.874051
     -3.780000     12.859817
     -3.760000     13.423082
     -3.740000     14.290112
     -3.720000     15.018719
     -3.700000     15.220962
     -3.680000     14.841792
     -3.660000     14.118317
     -3.640000     13.322923
     -3.620000     12.680333
     -3.600000     12.443926
     -3.580000     12.810865
     -3.560000     13.717681
     -3.540000     14.832287
     -3.520000     15.691677
     -3.500000     15.793965
     -3.480000     14.843094
     -3.460000     13.131037
     -3.440000     11.424890
     -3.420000     10.279959
     -3.400000      9.681246
     -3.380000      9.430518
     -3.360000      9.614852
     -3.340000     10.489647
     -3.320000     11.890644
     -3.300000     12.998822
     -3.280000     13.035168
     -3.260000     12.098410
     -3.240000     10.983859
     -3.220000     10.271086
     -3.200000      9.848390
     -3.180000      9.300772
     -3.160000      8.569001
     -3.140000      8.069580
     -3.120000      8.248724
     -3.100000      9.258447
     -3.080000     10.942688
     -3.060000     12.824869
     -3.040000     14.268494
     -3.020000     14.906720
     -3.000000     14.829971
     -2.980000     14.368538
     -2.960000     13.804675
     -2.940000     13.196960
     -2.920000     12.407210
     -2.900000     11.356727
     -2.880000     10.239433
     -2.860000      9.404696
     -2.840000      9.034140
     -2.820000      8.988523
     -2.800000      9.034162
     -2.780000      9.212301
     -2.760000      9.828725
     -2.740000     10.971332
     -2.720000     12.167626
     -2.700000     12.748470
     -2.680000     12.578215
     -2.660000     12.153844
     -2.640000     11.842926
     -2.620000     11.426325
     -2.600000     10.700432
     -2.580000     10.037405
     -2.560000      9.906824
     -2.540000     10.197930
     -2.520000     10.377491
     -2.500000     10.145811
     -2.480000      9.668264
     -2.460000      9.205467
     -2.440000      8.783849
     -2.420000      8.337196
     -2.400000      8.002477
     -2.380000      8.068744
     -2.360000      8.612372
     -2.340000      9.312248
     -2.320000      9.725606
     -2.300000      9.747264
     -2.280000      9.696780
     -2.260000      9.895394
     -2.240000     10.273751
     -2.220000     10.488730
     -2.200000     10.348967
     -2.180000     10.005029
     -2.160000      9.695004
     -2.140000      9.428927
     -2.120000      9.088489
     -2.100000      8.754100
     -2.080000      8.670620
     -2.060000      8.904980
     -2.040000      9.278309
     -2.020000      9.642872
     -2.000000      9.986158
     -1.980000     10.214304
     -1.960000     10.094822
     -1.940000      9.515367
     -1.920000      8.655438
     -1.900000      7.873240
     -1.880000      7.435244
     -1.860000      7.324207
     -1.840000      7.337838
     -1.820000      7.292362
     -1.800000      7.074557
     -1.780000      6.703858
     -1.760000      6.426516
     -1.740000      6.595705
     -1.720000      7.383309
     -1.700000      8.534648
     -1.680000      9.392708
     -1.660000      9.411417
     -1.640000      8.750146
     -1.620000      8.156098
     -1.600000      8.238814
     -1.580000      9.017687
     -1.560000     10.080688
     -1.540000     10.986039
     -1.520000     11.585574
     -1.500000     12.038572
     -1.480000     12.410715
     -1.460000     12.355750
     -1.440000     11.417094
     -1.420000      9.626889
     -1.400000      7.640908
     -1.380000      6.224286
     -1.360000      5.681057
     -1.340000      5.778748
     -1.320000      6.069945
     -1.300000      6.223197
     -1.280000      6.167939
     -1.260000      6.027082
     -1.240000      5.900731
     -1.220000      5.772303
     -1.200000      5.660059
     -1.180000      5.660283
     -1.160000      5.773047
     -1.140000      5.904886
     -1.120000      6.067225
     -1.100000      6.342333
     -1.080000      6.615892
     -1.060000      6.587152
     -1.040000      6.162323
     -1.020000      5.640660
     -1.000000      5.379498
     -0.980000      5.435625
     -0.960000      5.642626
     -0.940000      5.880891
     -0.920000      6.176478
     -0.900000      6.675538
     -0.880000      7.579617
     -0.860000      8.954518
     -0.840000     10.457898
     -0.820000     11.353886
     -0.800000     11.148829
     -0.780000     10.261082
     -0.760000      9.627165
     -0.740000      9.573552
     -0.720000      9.537866
     -0.700000      8.973353
     -0.680000      8.028319
     -0.660000      7.189725
     -0.640000      6.727603
     -0.620000      6.645991
     -0.600000      6.818109
     -0.580000      7.077584
     -0.560000      7.358684
     -0.540000      7.719401
     -0.520000      8.146707
     -0.500000      8.397347
     -0.480000      8.140337
     -0.460000      7.330701
     -0.440000      6.336190
     -0.420000      5.586854
     -0.400000      5.230046
     -0.380000      5.193043
     -0.360000      5.404050
     -0.340000      5.839451
     -0.320000      6.427207
     -0.300000      6.983686
     -0.280000      7.269897
     -0.260000      7.137881
     -0.240000      6.648427
     -0.220000      6.028213
     -0.200000      5.501539
     -0.180000      5.172179
     -0.160000      5.031346
     -0.140000      5.039018
     -0.120000      5.207975
     -0.100000      5.627382
     -0.080000      6.360416
     -0.060000      7.265789
     -0.040000      8.013731
     -0.020000      8.416211
      0.000000      8.642064
      0.020000      8.930799
      0.040000      9.172417
      0.060000      8.962256
      0.080000      8.101260
      0.100000      6.895355
      0.120000      5.878574
      0.140000      5.361934
      0.160000      5.292217
      0.180000      5.370378
      0.200000      5.248895
      0.220000      4.784296
      0.240000      4.147640
      0.260000      3.598031
      0.280000      3.230870
      0.300000      3.022117
      0.320000      2.947307
      0.340000      2.978687
      0.360000      3.094496
      0.380000      3.319291
      0.400000      3.676793
      0.420000      4.092184
      0.440000      4.379446
      0.460000      4.363960
      0.480000      4.033642
      0.500000      3.546859
      0.520000      3.093862
      0.540000      2.768052
      0.560000      2.546738
      0.580000      2.372638
      0.600000      2.231190
      0.620000      2.124301
      0.640000      2.025781
      0.660000      1.921547
      0.680000      1.834804
      0.700000      1.770078
      0.720000      1.697398
      0.740000      1.612432
      0.760000      1.544431
      0.780000      1.494854
      0.800000      1.434024
      0.820000      1.360710
      0.840000      1.301510
      0.860000      1.256287
      0.880000      1.202071
      0.900000      1.138850
      0.920000      1.084362
      0.940000      1.038960
      0.960000      0.989181
      0.980000      0.933415
      1.000000      0.881784
      1.020000      0.836261
      1.040000      0.788465
      1.060000      0.736953
      1.080000      0.687790
      1.100000      0.638865
      1.120000      0.581962
      1.140000      0.511585
      1.160000      0.421060
      1.180000      0.308046
      1.200000      0.189293
      1.220000      0.093333
      1.240000      0.035744
      1.260000      0.010398
      1.280000      0.002263
      1.300000      0.000365
      1.320000      0.000043
      1.340000      0.000004
      1.360000      0.000001
      1.380000      0.000006
      1.400000      0.000061
      1.420000      0.000463
      1.440000      0.002591
      1.460000      0.010799
      1.480000      0.033864
      1.500000      0.081100
      1.520000      0.152065
      1.540000      0.232004
      1.560000      0.304205
      1.580000      0.366823
      1.600000      0.433858
      1.620000      0.517421
      1.640000      0.609448
      1.660000      0.691393
      1.680000      0.761404
      1.700000      0.829906
      1.720000      0.894036
      1.740000      0.948191
      1.760000      1.006692
      1.780000      1.078922
      1.800000      1.148340
      1.820000      1.209396
      1.840000      1.279776
      1.860000      1.360757
      1.880000      1.440668
      1.900000      1.524276
      1.920000      1.615288
      1.940000      1.707599
      1.960000      1.810698
      1.980000      1.937301
      2.000000      2.074489
      2.020000      2.212196
      2.040000      2.382477
      2.060000      2.632579
      2.080000      2.983277
      2.100000      3.449984
      2.120000      4.049980
      2.140000      4.700938
      2.160000      5.162179
      2.180000      5.216892
      2.200000      4.913222
      2.220000      4.514432
      2.240000      4.216197
      2.260000      4.010529
      2.280000      3.820718
      2.300000      3.652550
      2.320000      3.560061
      2.340000      3.529783
      2.360000      3.482054
      2.380000      3.391875
      2.400000      3.334382
      2.420000      3.371316
      2.440000      3.453738
      2.460000      3.513712
      2.480000      3.580354
      2.500000      3.681910
      2.520000      3.751638
      2.540000      3.755549
      2.560000      3.775595
      2.580000      3.917638
      2.600000      4.251186
      2.620000      4.834796
      2.640000      5.763297
      2.660000      7.163142
      2.680000      9.005336
      2.700000     10.869037
      2.720000     12.070519
      2.740000     12.191515
      2.760000     11.421929
      2.780000     10.310409
      2.800000      9.286000
      2.820000      8.491040
      2.840000      7.915946
      2.860000      7.520098
      2.880000      7.271689
      2.900000      7.147891
      2.920000      7.064821
      2.940000      6.877079
      2.960000      6.522758
      2.980000      6.076898
      3.000000      5.640760
      3.020000      5.271946
      3.040000      5.001003
      3.060000      4.849205
      3.080000      4.828049
      3.100000      4.906946
      3.120000      4.993203
      3.140000      5.014049
      3.160000      5.036011
      3.180000      5.243644
      3.200000      5.744956
      3.220000      6.404880
      3.240000      6.919803
      3.260000      7.065100
      3.280000      6.845620
      3.300000      6.444184
      3.320000      6.104215
      3.340000      6.061012
      3.360000      6.467224
      3.380000      7.244344
      3.400000      7.990114
      3.420000      8.190421
      3.440000      7.669334
      3.460000      6.750443
      3.480000      5.900605
      3.500000      5.376818
      3.520000      5.234125
      3.540000      5.396026
      3.560000      5.647911
      3.580000      5.776397
      3.600000      5.745682
      3.620000      5.620183
      3.640000      5.408009
      3.660000      5.103655
      3.680000      4.774539
      3.700000      4.507389
      3.720000      4.328221
      3.740000      4.205558
      3.760000      4.106344
      3.780000      4.021793
      3.800000      3.915516
      3.820000      3.709590
      3.840000      3.388387
      3.860000      3.042137
      3.880000      2.767619
      3.900000      2.603589
      3.920000      2.557562
      3.940000      2.628496
      3.960000      2.818921
      3.980000      3.137893
      4.000000      3.552683
      4.020000      3.944626
      4.040000      4.177471
      4.060000      4.227072
      4.080000      4.184797
      4.100000      4.132323
      4.120000      4.074112
      4.140000      3.960674
      4.160000      3.745812
      4.180000      3.479361
      4.200000      3.321057
      4.220000      3.399271
      4.240000      3.703866
      4.260000      4.139590
      4.280000      4.609751
      4.300000      5.034931
      4.320000      5.366518
      4.340000      5.613854
      4.360000      5.811865
      4.380000      5.939075
      4.400000      5.912455
      4.420000      5.699999
      4.440000      5.403350
      4.460000      5.188115
      4.480000      5.132855
      4.500000      5.151879
      4.520000      5.080814
      4.540000      4.835027
      4.560000      4.464726
      4.580000      4.089300
      4.600000      3.829784
      4.620000      3.779787
      4.640000      3.967082
      4.660000      4.318228
      4.680000      4.673521
      4.700000      4.852167
      4.720000      4.751350
      4.740000      4.413414
      4.760000      3.986184
      4.780000      3.635271
      4.800000      3.486076
      4.820000      3.574310
      4.840000      3.829635
      4.860000      4.138822
      4.880000      4.410805
      4.900000      4.574521
      4.920000      4.576909
      4.940000      4.429460
      4.960000      4.225023
      4.980000      4.069858
      5.000000      4.005191
      5.020000      3.991290
      5.040000      3.934560
      5.060000      3.739256
      5.080000      3.394573
      5.100000      3.030400
      5.120000      2.841667
      5.140000      2.924042
      5.160000      3.178761
      5.180000      3.390410
      5.200000      3.421034
      5.220000      3.316363
      5.240000      3.213574
      5.260000      3.191537
      5.280000      3.220837
      5.300000      3.214228
      5.320000      3.126011
      5.340000      3.020075
      5.360000      3.020345
      5.380000      3.192951
      5.400000      3.484044
      5.420000      3.751051
      5.440000      3.859118
      5.460000      3.771587
      5.480000      3.555911
      5.500000      3.323758
      5.520000      3.161731
      5.540000      3.076183
      5.560000      3.006306
      5.580000      2.919263
      5.600000      2.870116
      5.620000      2.935513
      5.640000      3.105725
      5.660000      3.289110
      5.680000      3.440715
      5.700000      3.623123
      5.720000      3.872507
      5.740000      4.070273
      5.760000      4.047008
      5.780000      3.769995
      5.800000      3.354908
      5.820000      2.951701
      5.840000      2.699520
      5.860000      2.739253
      5.880000      3.133687
      5.900000      3.731389
      5.920000      4.217964
      5.940000      4.404467
      5.960000      4.415264
      5.980000      4.509176
      6.000000      4.772934
      6.020000      5.062309
      6.040000      5.175765
      6.060000      5.019860
      6.080000      4.653054
      6.100000      4.212653
      6.120000      3.802112
      6.140000      3.471091
      6.160000      3.256067
      6.180000      3.137874
      6.200000      3.026570
      6.220000      2.901132
      6.240000      2.864109
      6.260000      2.968796
      6.280000      3.108364
      6.300000      3.159908
      6.320000      3.151768
      6.340000      3.190737
      6.360000      3.265190
      6.380000      3.241111
      6.400000      3.066294
      6.420000      2.871998
      6.440000      2.828035
      6.460000      2.952728
      6.480000      3.106105
      6.500000      3.161487
      6.520000      3.154372
      6.540000      3.229511
      6.560000      3.442398
      6.580000      3.674431
      6.600000      3.774452
      6.620000      3.717985
      6.640000      3.593901
      6.660000      3.499325
      6.680000      3.483536
      6.700000      3.533807
      6.720000      3.575625
      6.740000      3.542384
      6.760000      3.472099
      6.780000      3.481976
      6.800000      3.617031
      6.820000      3.755998
      6.840000      3.723186
      6.860000      3.500053
      6.880000      3.257211
      6.900000      3.154736
      6.920000      3.174444
      6.940000      3.164452
      6.960000      3.019706
      6.980000      2.810472
      7.000000      2.701803
      7.020000      2.755872
      7.040000      2.889653
      7.060000      3.007035
      7.080000      3.079581
      7.100000      3.125906
      7.120000      3.195697
      7.140000      3.330900
      7.160000      3.490187
      7.180000      3.573157
      7.200000      3.535171
      7.220000      3.418284
      7.240000      3.289180
      7.260000      3.195195
      7.280000      3.140100
      7.300000      3.071589
      7.320000      2.921674
      7.340000      2.663640
      7.360000      2.341348
      7.380000      2.078315
      7.400000      2.019824
      7.420000      2.210889
      7.440000      2.547628
      7.460000      2.853372
      7.480000      2.995912
      7.500000      2.977231
      7.520000      2.924030
      7.540000      2.942238
      7.560000      2.993256
      7.580000      2.972072
      7.600000      2.856458
      7.620000      2.711871
      7.640000      2.617272
      7.660000      2.618368
      7.680000      2.696300
      7.700000      2.792163
      7.720000      2.874771
      7.740000      2.943303
      7.760000      2.974989
      7.780000      2.918476
      7.800000      2.757198
      7.820000      2.566260
      7.840000      2.457787
      7.860000      2.450236
      7.880000      2.456311
      7.900000      2.424932
      7.920000      2.412962
      7.940000      2.492193
      7.960000      2.653470
      7.980000      2.812271
      8.000000      2.884313
      8.020000      2.860968
      8.040000      2.792692
      8.060000      2.710128
      8.080000      2.631230
      8.100000      2.617399
      8.120000      2.711015
      8.140000      2.837522
      8.160000      2.880670
      8.180000      2.849964
      8.200000      2.903054
      8.220000      3.223187
      8.240000      3.898003
      8.260000      4.817087
      8.280000      5.631578
      8.300000      5.958680
      8.320000      5.722709
      8.340000      5.202582
      8.360000      4.722945
      8.380000      4.405021
      8.400000      4.222809
      8.420000      4.137516
      8.440000      4.088527
      8.460000      3.980487
      8.480000      3.761973
      8.500000      3.489800
      8.520000      3.310600
      8.540000      3.327037
      8.560000      3.501198
      8.580000      3.781467
      8.600000      4.222523
      8.620000      4.903815
      8.640000      5.882662
      8.660000      7.219632
      8.680000      8.875864
      8.700000     10.692815
      8.720000     12.595362
      8.740000     14.549024
      8.760000     16.209551
      8.780000     16.944311
      8.800000     16.362395
      8.820000     14.756594
      8.840000     13.081907
      8.860000     12.406673
      8.880000     13.085052
      8.900000     14.559239
      8.920000     16.166772
      8.940000     17.750361
      8.960000     19.264775
      8.980000     20.336098
      9.000000     20.562449
      9.020000     20.035654
      9.040000     19.407429
      9.060000     19.377256
      9.080000     19.989091
      9.100000     20.514884
      9.120000     20.218822
      9.140000     19.148978
      9.160000     18.038813
      9.180000     17.560391
      9.200000     17.780143
      9.220000     18.237343
      9.240000     18.471079
      9.260000     18.472494
      9.280000     18.627860
      9.300000     19.259921
      9.320000     20.223404
      9.340000     20.919566
      9.360000     20.840652
      9.380000     20.134576
      9.400000     19.386948
      9.420000     18.920981
      9.440000     18.673875
      9.460000     18.569816
      9.480000     18.564457
      9.500000     18.473779
      9.520000     18.161959
      9.540000     17.831079
      9.560000     17.742306
      9.580000     17.597631
      9.600000     16.664945
      9.620000     14.833381
      9.640000     13.139546
      9.660000     12.758251
      9.680000     13.670285
      9.700000     14.719701
      9.720000     14.910407
      9.740000     14.361122
      9.760000     13.923708
      9.780000     14.084219
      9.800000     14.510615
      9.820000     14.663236
      9.840000     14.548263
      9.860000     14.671346
      9.880000     15.379503
      9.900000     16.488500
      9.920000     17.495404
      9.940000     17.894381
      9.960000     17.399034
      9.980000     16.177901
     10.000000     14.782843
