# EIG2DOS: Utility for SIESTA to obtain the electronic density of states
#
#                                                  Emilio Artacho, Apr. 1999
# --------------------------------------------------------------------------
# Nbands, Nspin, Nk   =    936     1   352
# E_F                 =    -5.1557 eV
# Broadening          =     0.0500 eV
# Number of electrons =   301.3125  301.6767 per cell
#
#        E            N
# --------------------------------------------------------------------------
    -10.000000      6.119376
     -9.980000      6.108752
     -9.960000      6.117106
     -9.940000      6.184701
     -9.920000      6.362691
     -9.900000      6.621263
     -9.880000      6.803512
     -9.860000      6.756840
     -9.840000      6.494033
     -9.820000      6.171366
     -9.800000      5.920165
     -9.780000      5.751674
     -9.760000      5.611228
     -9.740000      5.452723
     -9.720000      5.279891
     -9.700000      5.185509
     -9.680000      5.311017
     -9.660000      5.686988
     -9.640000      6.128424
     -9.620000      6.377970
     -9.600000      6.373097
     -9.580000      6.267304
     -9.560000      6.172572
     -9.540000      6.041247
     -9.520000      5.848842
     -9.500000      5.730235
     -9.480000      5.844076
     -9.460000      6.187315
     -9.440000      6.594266
     -9.420000      6.869578
     -9.400000      6.917412
     -9.380000      6.786739
     -9.360000      6.604214
     -9.340000      6.463281
     -9.320000      6.389734
     -9.300000      6.395462
     -9.280000      6.514688
     -9.260000      6.766654
     -9.240000      7.107443
     -9.220000      7.436360
     -9.200000      7.642131
     -9.180000      7.647769
     -9.160000      7.429722
     -9.140000      7.023443
     -9.120000      6.537959
     -9.100000      6.117841
     -9.080000      5.839933
     -9.060000      5.692492
     -9.040000      5.666763
     -9.020000      5.806162
     -9.000000      6.151327
     -8.980000      6.684828
     -8.960000      7.344639
     -8.940000      8.009033
     -8.920000      8.456968
     -8.900000      8.502425
     -8.880000      8.205511
     -8.860000      7.822825
     -8.840000      7.540611
     -8.820000      7.316844
     -8.800000      6.993119
     -8.780000      6.546635
     -8.760000      6.154586
     -8.740000      5.992096
     -8.720000      6.082308
     -8.700000      6.342589
     -8.680000      6.637312
     -8.660000      6.806275
     -8.640000      6.787651
     -8.620000      6.702164
     -8.600000      6.723199
     -8.580000      6.892414
     -8.560000      7.104424
     -8.540000      7.232030
     -8.520000      7.254263
     -8.500000      7.260718
     -8.480000      7.306557
     -8.460000      7.339263
     -8.440000      7.320619
     -8.420000      7.287428
     -8.400000      7.247524
     -8.380000      7.154634
     -8.360000      7.007071
     -8.340000      6.884184
     -8.320000      6.864749
     -8.300000      6.917045
     -8.280000      6.917374
     -8.260000      6.818688
     -8.240000      6.699773
     -8.220000      6.609404
     -8.200000      6.513881
     -8.180000      6.431205
     -8.160000      6.466356
     -8.140000      6.650255
     -8.120000      6.829878
     -8.100000      6.813695
     -8.080000      6.612575
     -8.060000      6.433394
     -8.040000      6.430078
     -8.020000      6.595345
     -8.000000      6.898438
     -7.980000      7.356354
     -7.960000      7.928713
     -7.940000      8.452926
     -7.920000      8.743608
     -7.900000      8.735012
     -7.880000      8.475771
     -7.860000      8.030506
     -7.840000      7.501497
     -7.820000      7.075080
     -7.800000      6.895451
     -7.780000      6.945079
     -7.760000      7.133060
     -7.740000      7.402985
     -7.720000      7.673919
     -7.700000      7.809161
     -7.680000      7.761419
     -7.660000      7.640894
     -7.640000      7.575414
     -7.620000      7.610578
     -7.600000      7.746613
     -7.580000      7.948114
     -7.560000      8.105569
     -7.540000      8.098973
     -7.520000      7.943765
     -7.500000      7.782377
     -7.480000      7.682845
     -7.460000      7.553334
     -7.440000      7.324840
     -7.420000      7.081312
     -7.400000      6.917513
     -7.380000      6.835234
     -7.360000      6.865963
     -7.340000      7.123177
     -7.320000      7.654566
     -7.300000      8.307433
     -7.280000      8.764826
     -7.260000      8.792169
     -7.240000      8.496383
     -7.220000      8.211709
     -7.200000      8.099467
     -7.180000      8.041537
     -7.160000      7.941611
     -7.140000      7.897149
     -7.120000      7.992493
     -7.100000      8.116157
     -7.080000      8.124842
     -7.060000      8.059627
     -7.040000      8.064106
     -7.020000      8.236728
     -7.000000      8.718027
     -6.980000      9.738492
     -6.960000     11.324951
     -6.940000     13.062873
     -6.920000     14.420211
     -6.900000     15.263898
     -6.880000     15.810912
     -6.860000     16.093381
     -6.840000     15.781187
     -6.820000     14.704468
     -6.800000     13.334941
     -6.780000     12.464689
     -6.760000     12.464186
     -6.740000     13.037578
     -6.720000     13.625838
     -6.700000     13.858016
     -6.680000     13.657004
     -6.660000     13.134111
     -6.640000     12.501976
     -6.620000     12.004859
     -6.600000     11.767709
     -6.580000     11.699256
     -6.560000     11.663960
     -6.540000     11.722534
     -6.520000     12.060015
     -6.500000     12.721899
     -6.480000     13.584427
     -6.460000     14.544002
     -6.440000     15.567856
     -6.420000     16.544538
     -6.400000     17.192736
     -6.380000     17.221917
     -6.360000     16.639137
     -6.340000     15.836947
     -6.320000     15.281476
     -6.300000     15.113750
     -6.280000     15.101038
     -6.260000     14.978077
     -6.240000     14.747788
     -6.220000     14.549605
     -6.200000     14.343198
     -6.180000     13.941289
     -6.160000     13.320683
     -6.140000     12.715636
     -6.120000     12.419092
     -6.100000     12.595644
     -6.080000     13.226558
     -6.060000     14.151105
     -6.040000     15.205110
     -6.020000     16.350804
     -6.000000     17.620749
     -5.980000     18.908739
     -5.960000     19.906760
     -5.940000     20.335976
     -5.920000     20.194991
     -5.900000     19.759988
     -5.880000     19.393282
     -5.860000     19.326621
     -5.840000     19.538526
     -5.820000     19.782513
     -5.800000     19.727642
     -5.780000     19.153220
     -5.760000     18.130255
     -5.740000     17.002140
     -5.720000     16.132419
     -5.700000     15.662235
     -5.680000     15.441729
     -5.660000     15.177641
     -5.640000     14.693809
     -5.620000     14.041218
     -5.600000     13.436450
     -5.580000     13.172611
     -5.560000     13.409565
     -5.540000     13.930616
     -5.520000     14.281755
     -5.500000     14.184113
     -5.480000     13.693308
     -5.460000     13.077972
     -5.440000     12.641173
     -5.420000     12.552147
     -5.400000     12.806565
     -5.380000     13.297410
     -5.360000     13.848898
     -5.340000     14.284111
     -5.320000     14.557479
     -5.300000     14.756913
     -5.280000     14.964175
     -5.260000     15.182618
     -5.240000     15.342060
     -5.220000     15.335367
     -5.200000     15.199852
     -5.180000     15.221603
     -5.160000     15.605471
     -5.140000     16.101037
     -5.120000     16.200034
     -5.100000     15.689616
     -5.080000     14.895149
     -5.060000     14.354497
     -5.040000     14.267471
     -5.020000     14.341077
     -5.000000     14.213172
     -4.980000     13.886160
     -4.960000     13.619450
     -4.940000     13.511612
     -4.920000     13.385071
     -4.900000     13.060744
     -4.880000     12.563543
     -4.860000     12.047879
     -4.840000     11.665114
     -4.820000     11.490232
     -4.800000     11.465904
     -4.780000     11.438961
     -4.760000     11.309937
     -4.740000     11.110375
     -4.720000     10.923037
     -4.700000     10.787853
     -4.680000     10.681150
     -4.660000     10.551720
     -4.640000     10.420158
     -4.620000     10.443501
     -4.600000     10.781462
     -4.580000     11.400337
     -4.560000     12.112540
     -4.540000     12.775925
     -4.520000     13.376815
     -4.500000     13.944088
     -4.480000     14.414155
     -4.460000     14.628852
     -4.440000     14.479448
     -4.420000     14.007196
     -4.400000     13.376016
     -4.380000     12.727319
     -4.360000     12.060656
     -4.340000     11.356744
     -4.320000     10.759592
     -4.300000     10.501836
     -4.280000     10.699136
     -4.260000     11.238098
     -4.240000     11.798623
     -4.220000     12.071614
     -4.200000     12.029259
     -4.180000     11.886119
     -4.160000     11.810164
     -4.140000     11.797951
     -4.120000     11.752777
     -4.100000     11.529363
     -4.080000     10.995261
     -4.060000     10.226576
     -4.040000      9.602127
     -4.020000      9.516370
     -4.000000      9.956936
     -3.980000     10.538528
     -3.960000     10.954420
     -3.940000     11.150365
     -3.920000     11.122437
     -3.900000     10.853726
     -3.880000     10.433100
     -3.860000     10.065245
     -3.840000      9.955711
     -3.820000     10.167261
     -3.800000     10.560011
     -3.780000     10.968898
     -3.760000     11.424806
     -3.740000     11.987297
     -3.720000     12.373498
     -3.700000     12.092716
     -3.680000     11.083122
     -3.660000      9.943205
     -3.640000      9.353874
     -3.620000      9.456776
     -3.600000      9.950475
     -3.580000     10.591603
     -3.560000     11.297676
     -3.540000     11.821134
     -3.520000     11.774458
     -3.500000     11.191586
     -3.480000     10.678619
     -3.460000     10.694573
     -3.440000     10.999623
     -3.420000     11.089870
     -3.400000     10.854378
     -3.380000     10.567545
     -3.360000     10.498798
     -3.340000     10.668755
     -3.320000     10.842889
     -3.300000     10.794660
     -3.280000     10.649523
     -3.260000     10.804310
     -3.240000     11.418022
     -3.220000     12.169600
     -3.200000     12.591287
     -3.180000     12.407548
     -3.160000     11.520596
     -3.140000     10.034647
     -3.120000      8.414074
     -3.100000      7.350798
     -3.080000      7.345419
     -3.060000      8.382447
     -3.040000      9.891695
     -3.020000     11.074307
     -3.000000     11.473746
     -2.980000     11.247451
     -2.960000     10.798405
     -2.940000     10.296739
     -2.920000      9.703119
     -2.900000      9.062532
     -2.880000      8.583586
     -2.860000      8.475759
     -2.840000      8.765106
     -2.820000      9.308186
     -2.800000     10.036812
     -2.780000     11.057493
     -2.760000     12.317887
     -2.740000     13.290265
     -2.720000     13.276351
     -2.700000     12.079625
     -2.680000     10.246327
     -2.660000      8.608849
     -2.640000      7.602886
     -2.620000      7.044216
     -2.600000      6.599144
     -2.580000      6.290141
     -2.560000      6.310767
     -2.540000      6.533916
     -2.520000      6.562258
     -2.500000      6.239492
     -2.480000      5.850181
     -2.460000      5.745249
     -2.440000      5.897134
     -2.420000      5.956119
     -2.400000      5.749184
     -2.380000      5.555356
     -2.360000      5.752512
     -2.340000      6.294463
     -2.320000      6.731350
     -2.300000      6.753269
     -2.280000      6.537058
     -2.260000      6.470364
     -2.240000      6.640168
     -2.220000      6.749114
     -2.200000      6.580944
     -2.180000      6.372610
     -2.160000      6.525823
     -2.140000      7.042144
     -2.120000      7.511862
     -2.100000      7.735416
     -2.080000      8.098764
     -2.060000      9.098514
     -2.040000     10.696158
     -2.020000     12.457553
     -2.000000     14.141001
     -1.980000     15.681055
     -1.960000     16.678458
     -1.940000     16.534240
     -1.920000     15.287039
     -1.900000     13.852563
     -1.880000     13.194449
     -1.860000     13.515323
     -1.840000     14.298520
     -1.820000     14.811477
     -1.800000     14.514709
     -1.780000     13.336610
     -1.760000     11.699905
     -1.740000     10.133239
     -1.720000      8.924344
     -1.700000      8.165017
     -1.680000      7.791540
     -1.660000      7.549678
     -1.640000      7.236359
     -1.620000      6.940437
     -1.600000      6.864986
     -1.580000      7.031017
     -1.560000      7.275449
     -1.540000      7.445947
     -1.520000      7.499650
     -1.500000      7.444659
     -1.480000      7.293941
     -1.460000      7.108004
     -1.440000      6.993172
     -1.420000      7.022272
     -1.400000      7.196380
     -1.380000      7.431639
     -1.360000      7.546687
     -1.340000      7.366983
     -1.320000      6.881033
     -1.300000      6.241942
     -1.280000      5.659963
     -1.260000      5.326881
     -1.240000      5.319639
     -1.220000      5.494502
     -1.200000      5.555075
     -1.180000      5.275236
     -1.160000      4.646452
     -1.140000      3.859419
     -1.120000      3.184776
     -1.100000      2.819693
     -1.080000      2.780351
     -1.060000      2.929524
     -1.040000      3.135975
     -1.020000      3.387228
     -1.000000      3.677254
     -0.980000      3.869572
     -0.960000      3.841413
     -0.940000      3.660935
     -0.920000      3.453960
     -0.900000      3.234847
     -0.880000      2.984115
     -0.860000      2.733241
     -0.840000      2.508477
     -0.820000      2.321051
     -0.800000      2.216247
     -0.780000      2.246106
     -0.760000      2.448303
     -0.740000      2.888497
     -0.720000      3.623404
     -0.700000      4.622722
     -0.680000      5.809862
     -0.660000      7.083107
     -0.640000      8.156046
     -0.620000      8.487105
     -0.600000      7.636997
     -0.580000      5.796270
     -0.560000      3.800447
     -0.540000      2.493488
     -0.520000      2.124316
     -0.500000      2.338823
     -0.480000      2.605535
     -0.460000      2.623571
     -0.440000      2.416900
     -0.420000      2.137773
     -0.400000      1.877753
     -0.380000      1.663263
     -0.360000      1.510155
     -0.340000      1.416155
     -0.320000      1.344643
     -0.300000      1.260453
     -0.280000      1.172546
     -0.260000      1.112258
     -0.240000      1.079198
     -0.220000      1.044544
     -0.200000      0.995413
     -0.180000      0.948397
     -0.160000      0.939740
     -0.140000      1.024248
     -0.120000      1.269285
     -0.100000      1.727255
     -0.080000      2.389119
     -0.060000      3.137945
     -0.040000      3.757174
     -0.020000      4.044903
      0.000000      3.978339
      0.020000      3.743077
      0.040000      3.539922
      0.060000      3.390257
      0.080000      3.186908
      0.100000      2.884292
      0.120000      2.551464
      0.140000      2.261335
      0.160000      2.021447
      0.180000      1.820510
      0.200000      1.665947
      0.220000      1.557600
      0.240000      1.468497
      0.260000      1.373296
      0.280000      1.280625
      0.300000      1.209081
      0.320000      1.147551
      0.340000      1.078201
      0.360000      1.009459
      0.380000      0.951711
      0.400000      0.897036
      0.420000      0.839986
      0.440000      0.783899
      0.460000      0.729420
      0.480000      0.678852
      0.500000      0.633007
      0.520000      0.582112
      0.540000      0.525079
      0.560000      0.478262
      0.580000      0.442764
      0.600000      0.398457
      0.620000      0.345671
      0.640000      0.306534
      0.660000      0.277022
      0.680000      0.229179
      0.700000      0.163461
      0.720000      0.112560
      0.740000      0.095348
      0.760000      0.100112
      0.780000      0.109702
      0.800000      0.121635
      0.820000      0.140716
      0.840000      0.163960
      0.860000      0.183597
      0.880000      0.202965
      0.900000      0.237066
      0.920000      0.292942
      0.940000      0.358383
      0.960000      0.415178
      0.980000      0.460208
      1.000000      0.507100
      1.020000      0.562012
      1.040000      0.611667
      1.060000      0.649402
      1.080000      0.690861
      1.100000      0.745362
      1.120000      0.797908
      1.140000      0.838906
      1.160000      0.882622
      1.180000      0.937564
      1.200000      0.989887
      1.220000      1.032943
      1.240000      1.081946
      1.260000      1.141785
      1.280000      1.193866
      1.300000      1.235180
      1.320000      1.289702
      1.340000      1.359621
      1.360000      1.414770
      1.380000      1.453380
      1.400000      1.512293
      1.420000      1.593848
      1.440000      1.656891
      1.460000      1.698385
      1.480000      1.761785
      1.500000      1.853405
      1.520000      1.932299
      1.540000      1.989741
      1.560000      2.067245
      1.580000      2.189994
      1.600000      2.336624
      1.620000      2.488063
      1.640000      2.670355
      1.660000      2.923295
      1.680000      3.237104
      1.700000      3.530733
      1.720000      3.685763
      1.740000      3.616733
      1.760000      3.332272
      1.780000      2.932024
      1.800000      2.566901
      1.820000      2.403281
      1.840000      2.560957
      1.860000      3.045868
      1.880000      3.731884
      1.900000      4.392432
      1.920000      4.812240
      1.940000      4.941028
      1.960000      4.911185
      1.980000      4.875177
      2.000000      4.854937
      2.020000      4.780206
      2.040000      4.637053
      2.060000      4.497640
      2.080000      4.420326
      2.100000      4.419521
      2.120000      4.527530
      2.140000      4.798811
      2.160000      5.237185
      2.180000      5.746304
      2.200000      6.183013
      2.220000      6.485748
      2.240000      6.737511
      2.260000      7.143033
      2.280000      7.993294
      2.300000      9.505724
      2.320000     11.514453
      2.340000     13.378414
      2.360000     14.374085
      2.380000     14.214729
      2.400000     13.148312
      2.420000     11.649620
      2.440000     10.127597
      2.460000      8.860278
      2.480000      8.034327
      2.500000      7.684864
      2.520000      7.594200
      2.540000      7.397596
      2.560000      6.874292
      2.580000      6.119472
      2.600000      5.430492
      2.620000      5.041071
      2.640000      4.940314
      2.660000      4.934147
      2.680000      4.893846
      2.700000      4.900539
      2.720000      5.114586
      2.740000      5.567377
      2.760000      6.117218
      2.780000      6.562122
      2.800000      6.779881
      2.820000      6.794060
      2.840000      6.751514
      2.860000      6.841422
      2.880000      7.138769
      2.900000      7.473780
      2.920000      7.547223
      2.940000      7.228563
      2.960000      6.690713
      2.980000      6.225153
      3.000000      5.973711
      3.020000      5.898468
      3.040000      5.934261
      3.060000      6.033231
      3.080000      6.129099
      3.100000      6.176061
      3.120000      6.161789
      3.140000      6.054526
      3.160000      5.807660
      3.180000      5.429182
      3.200000      5.020375
      3.220000      4.726317
      3.240000      4.655423
      3.260000      4.850630
      3.280000      5.293905
      3.300000      5.902855
      3.320000      6.511904
      3.340000      6.894265
      3.360000      6.889431
      3.380000      6.510065
      3.400000      5.887198
      3.420000      5.169116
      3.440000      4.478830
      3.460000      3.875593
      3.480000      3.358954
      3.500000      2.951272
      3.520000      2.721534
      3.540000      2.712457
      3.560000      2.895823
      3.580000      3.206980
      3.600000      3.609068
      3.620000      4.092351
      3.640000      4.590639
      3.660000      4.968001
      3.680000      5.137765
      3.700000      5.128109
      3.720000      5.009021
      3.740000      4.840930
      3.760000      4.691074
      3.780000      4.608314
      3.800000      4.594605
      3.820000      4.644217
      3.840000      4.749849
      3.860000      4.851445
      3.880000      4.881755
      3.900000      4.866786
      3.920000      4.855095
      3.940000      4.779861
      3.960000      4.536690
      3.980000      4.162896
      4.000000      3.842932
      4.020000      3.755458
      4.040000      3.923670
      4.060000      4.198437
      4.080000      4.408625
      4.100000      4.507755
      4.120000      4.534203
      4.140000      4.479090
      4.160000      4.291586
      4.180000      4.020053
      4.200000      3.843120
      4.220000      3.916307
      4.240000      4.245643
      4.260000      4.703647
      4.280000      5.105280
      4.300000      5.300332
      4.320000      5.262337
      4.340000      5.091657
      4.360000      4.919074
      4.380000      4.789881
      4.400000      4.618786
      4.420000      4.288660
      4.440000      3.818093
      4.460000      3.378491
      4.480000      3.132094
      4.500000      3.096935
      4.520000      3.167082
      4.540000      3.249274
      4.560000      3.360674
      4.580000      3.559021
      4.600000      3.817803
      4.620000      4.032207
      4.640000      4.115294
      4.660000      4.055714
      4.680000      3.922080
      4.700000      3.814959
      4.720000      3.772791
      4.740000      3.739731
      4.760000      3.657399
      4.780000      3.550987
      4.800000      3.490770
      4.820000      3.515633
      4.840000      3.622933
      4.860000      3.787052
      4.880000      3.961261
      4.900000      4.073590
      4.920000      4.044888
      4.940000      3.855620
      4.960000      3.600536
      4.980000      3.425196
      5.000000      3.401973
      5.020000      3.515972
      5.040000      3.749226
      5.060000      4.105472
      5.080000      4.557488
      5.100000      5.007967
      5.120000      5.302663
      5.140000      5.289750
      5.160000      4.891126
      5.180000      4.165982
      5.200000      3.345874
      5.220000      2.732778
      5.240000      2.469446
      5.260000      2.442176
      5.280000      2.444451
      5.300000      2.392745
      5.320000      2.372074
      5.340000      2.524049
      5.360000      2.902181
      5.380000      3.381634
      5.400000      3.709475
      5.420000      3.725432
      5.440000      3.544418
      5.460000      3.437648
      5.480000      3.534660
      5.500000      3.730320
      5.520000      3.869638
      5.540000      3.899560
      5.560000      3.832074
      5.580000      3.702596
      5.600000      3.582171
      5.620000      3.507741
      5.640000      3.410190
      5.660000      3.209967
      5.680000      2.963281
      5.700000      2.831731
      5.720000      2.901957
      5.740000      3.085964
      5.760000      3.214235
      5.780000      3.198150
      5.800000      3.098266
      5.820000      3.046211
      5.840000      3.096189
      5.860000      3.174572
      5.880000      3.184405
      5.900000      3.112352
      5.920000      3.019796
      5.940000      2.972837
      5.960000      2.986970
      5.980000      3.016332
      6.000000      3.003287
      6.020000      2.939021
      6.040000      2.868118
      6.060000      2.851414
      6.080000      2.918071
      6.100000      3.031823
      6.120000      3.125306
      6.140000      3.171225
      6.160000      3.182176
      6.180000      3.165917
      6.200000      3.136942
      6.220000      3.137356
      6.240000      3.197942
      6.260000      3.302540
      6.280000      3.397428
      6.300000      3.413418
      6.320000      3.309024
      6.340000      3.133844
      6.360000      3.017016
      6.380000      3.038289
      6.400000      3.124396
      6.420000      3.117278
      6.440000      2.951557
      6.460000      2.745763
      6.480000      2.704356
      6.500000      2.920757
      6.520000      3.277907
      6.540000      3.553139
      6.560000      3.612644
      6.580000      3.494005
      6.600000      3.329173
      6.620000      3.216613
      6.640000      3.150961
      6.660000      3.055644
      6.680000      2.881549
      6.700000      2.657619
      6.720000      2.441714
      6.740000      2.263981
      6.760000      2.147662
      6.780000      2.144220
      6.800000      2.289565
      6.820000      2.535887
      6.840000      2.774658
      6.860000      2.932234
      6.880000      3.016467
      6.900000      3.077212
      6.920000      3.143141
      6.940000      3.181619
      6.960000      3.131916
      6.980000      2.995996
      7.000000      2.847001
      7.020000      2.740479
      7.040000      2.666894
      7.060000      2.593306
      7.080000      2.525665
      7.100000      2.500324
      7.120000      2.507473
      7.140000      2.470136
      7.160000      2.328542
      7.180000      2.127511
      7.200000      1.997473
      7.220000      2.033658
      7.240000      2.203771
      7.260000      2.388452
      7.280000      2.490018
      7.300000      2.496769
      7.320000      2.478257
      7.340000      2.530188
      7.360000      2.698186
      7.380000      2.931024
      7.400000      3.103117
      7.420000      3.105868
      7.440000      2.953231
      7.460000      2.791063
      7.480000      2.758470
      7.500000      2.842079
      7.520000      2.904607
      7.540000      2.846324
      7.560000      2.706215
      7.580000      2.606706
      7.600000      2.604624
      7.620000      2.620034
      7.640000      2.560586
      7.660000      2.468377
      7.680000      2.446946
      7.700000      2.493291
      7.720000      2.509078
      7.740000      2.453485
      7.760000      2.397735
      7.780000      2.416108
      7.800000      2.492585
      7.820000      2.570535
      7.840000      2.628423
      7.860000      2.659238
      7.880000      2.636317
      7.900000      2.563235
      7.920000      2.509958
      7.940000      2.526739
      7.960000      2.570167
      7.980000      2.593894
      8.000000      2.704764
      8.020000      3.213800
      8.040000      4.489595
      8.060000      6.599110
      8.080000      9.009363
      8.100000     10.815790
      8.120000     11.419632
      8.140000     10.924283
      8.160000      9.876807
      8.180000      8.784001
      8.200000      7.900751
      8.220000      7.299984
      8.240000      6.977876
      8.260000      6.882498
      8.280000      6.934021
      8.300000      7.160882
      8.320000      7.852107
      8.340000      9.309558
      8.360000     11.311732
      8.380000     13.107614
      8.400000     14.034680
      8.420000     13.942819
      8.440000     13.129305
      8.460000     12.130760
      8.480000     11.463621
      8.500000     11.294592
      8.520000     11.387743
      8.540000     11.496891
      8.560000     11.673427
      8.580000     12.042530
      8.600000     12.489433
      8.620000     12.851260
      8.640000     13.262290
      8.660000     13.969735
      8.680000     14.940226
      8.700000     16.040959
      8.720000     17.511999
      8.740000     19.790593
      8.760000     22.726894
      8.780000     25.221040
      8.800000     25.973471
      8.820000     24.755772
      8.840000     22.691560
      8.860000     21.067596
      8.880000     20.220702
      8.900000     19.841421
      8.920000     19.847379
      8.940000     20.436891
      8.960000     21.502761
      8.980000     22.472046
      9.000000     22.867142
      9.020000     22.803915
      9.040000     22.683836
      9.060000     22.567175
      9.080000     22.189607
      9.100000     21.458304
      9.120000     20.584874
      9.140000     19.749621
      9.160000     18.883999
      9.180000     17.865521
      9.200000     16.837298
      9.220000     16.280331
      9.240000     16.671617
      9.260000     17.863236
      9.280000     18.906650
      9.300000     18.908081
      9.320000     17.998766
      9.340000     17.096916
      9.360000     16.900857
      9.380000     17.414318
      9.400000     18.142454
      9.420000     18.415144
      9.440000     17.791889
      9.460000     16.427768
      9.480000     14.907835
      9.500000     13.741820
      9.520000     13.156222
      9.540000     13.097942
      9.560000     13.187762
      9.580000     12.939376
      9.600000     12.278068
      9.620000     11.702024
      9.640000     11.754816
      9.660000     12.370337
      9.680000     12.875974
      9.700000     12.712060
      9.720000     12.039422
      9.740000     11.538025
      9.760000     11.735968
      9.780000     12.639100
      9.800000     13.827697
      9.820000     14.735024
      9.840000     14.967384
      9.860000     14.520559
      9.880000     13.698588
      9.900000     12.903266
      9.920000     12.531495
      9.940000     12.844105
      9.960000     13.702510
      9.980000     14.503839
     10.000000     14.633904
