# EIG2DOS: Utility for SIESTA to obtain the electronic density of states
#
#                                                  Emilio Artacho, Apr. 1999
# --------------------------------------------------------------------------
# Nbands, Nspin, Nk   =    936     1   352
# E_F                 =    -5.3342 eV
# Broadening          =     0.0500 eV
# Number of electrons =   298.0170  298.4113 per cell
#
#        E            N
# --------------------------------------------------------------------------
    -10.000000      5.167883
     -9.980000      5.155975
     -9.960000      5.097901
     -9.940000      5.065029
     -9.920000      5.076215
     -9.900000      5.132137
     -9.880000      5.278817
     -9.860000      5.560295
     -9.840000      5.936927
     -9.820000      6.294778
     -9.800000      6.511705
     -9.780000      6.543627
     -9.760000      6.483714
     -9.740000      6.466169
     -9.720000      6.484629
     -9.700000      6.392162
     -9.680000      6.110666
     -9.660000      5.760695
     -9.640000      5.534620
     -9.620000      5.482401
     -9.600000      5.467684
     -9.580000      5.338090
     -9.560000      5.103337
     -9.540000      4.916670
     -9.520000      4.914748
     -9.500000      5.107306
     -9.480000      5.395202
     -9.460000      5.648240
     -9.440000      5.769517
     -9.420000      5.751300
     -9.400000      5.677553
     -9.380000      5.635117
     -9.360000      5.667657
     -9.340000      5.813171
     -9.320000      6.071146
     -9.300000      6.347349
     -9.280000      6.555939
     -9.260000      6.746417
     -9.240000      7.028798
     -9.220000      7.403325
     -9.200000      7.715057
     -9.180000      7.781497
     -9.160000      7.585614
     -9.140000      7.296425
     -9.120000      7.053834
     -9.100000      6.850396
     -9.080000      6.657460
     -9.060000      6.485604
     -9.040000      6.313101
     -9.020000      6.138740
     -9.000000      6.074705
     -8.980000      6.227707
     -8.960000      6.528008
     -8.940000      6.796670
     -8.920000      6.944818
     -8.900000      7.014867
     -8.880000      7.061986
     -8.860000      7.084914
     -8.840000      7.069375
     -8.820000      7.048039
     -8.800000      7.104210
     -8.780000      7.312342
     -8.760000      7.656321
     -8.740000      7.986829
     -8.720000      8.072395
     -8.700000      7.762611
     -8.680000      7.149205
     -8.660000      6.540719
     -8.640000      6.232847
     -8.620000      6.282781
     -8.600000      6.538134
     -8.580000      6.876435
     -8.560000      7.288916
     -8.540000      7.698617
     -8.520000      7.887194
     -8.500000      7.725358
     -8.480000      7.356574
     -8.460000      7.047259
     -8.440000      6.929537
     -8.420000      6.945047
     -8.400000      6.976383
     -8.380000      6.979328
     -8.360000      6.992623
     -8.340000      7.057928
     -8.320000      7.142372
     -8.300000      7.135635
     -8.280000      6.968886
     -8.260000      6.716915
     -8.240000      6.504122
     -8.220000      6.368946
     -8.200000      6.284356
     -8.180000      6.215895
     -8.160000      6.134462
     -8.140000      6.051116
     -8.120000      6.013518
     -8.100000      6.043317
     -8.080000      6.129714
     -8.060000      6.265355
     -8.040000      6.447726
     -8.020000      6.679595
     -8.000000      6.959661
     -7.980000      7.222522
     -7.960000      7.359274
     -7.940000      7.361299
     -7.920000      7.346471
     -7.900000      7.409709
     -7.880000      7.539196
     -7.860000      7.680586
     -7.840000      7.809892
     -7.820000      7.931779
     -7.800000      8.027539
     -7.780000      8.020457
     -7.760000      7.836273
     -7.740000      7.503284
     -7.720000      7.144043
     -7.700000      6.888223
     -7.680000      6.830819
     -7.660000      7.012575
     -7.640000      7.371041
     -7.620000      7.755619
     -7.600000      8.060533
     -7.580000      8.276165
     -7.560000      8.361127
     -7.540000      8.224769
     -7.520000      7.907595
     -7.500000      7.608240
     -7.480000      7.476906
     -7.460000      7.501736
     -7.440000      7.586413
     -7.420000      7.631885
     -7.400000      7.577872
     -7.380000      7.461808
     -7.360000      7.420149
     -7.340000      7.553118
     -7.320000      7.782193
     -7.300000      7.901419
     -7.280000      7.772241
     -7.260000      7.430230
     -7.240000      7.047510
     -7.220000      6.844914
     -7.200000      6.964745
     -7.180000      7.345005
     -7.160000      7.754921
     -7.140000      8.001191
     -7.120000      8.080204
     -7.100000      8.122020
     -7.080000      8.235994
     -7.060000      8.426678
     -7.040000      8.604097
     -7.020000      8.659874
     -7.000000      8.569770
     -6.980000      8.417044
     -6.960000      8.295072
     -6.940000      8.190475
     -6.920000      7.971383
     -6.900000      7.560983
     -6.880000      7.141955
     -6.860000      7.053609
     -6.840000      7.491868
     -6.820000      8.461063
     -6.800000      9.908572
     -6.780000     11.687467
     -6.760000     13.470941
     -6.740000     14.857821
     -6.720000     15.559646
     -6.700000     15.557007
     -6.680000     15.120080
     -6.660000     14.546762
     -6.640000     13.916466
     -6.620000     13.245121
     -6.600000     12.702930
     -6.580000     12.451524
     -6.560000     12.408386
     -6.540000     12.354225
     -6.520000     12.196038
     -6.500000     12.011812
     -6.480000     11.866969
     -6.460000     11.701333
     -6.440000     11.454164
     -6.420000     11.247257
     -6.400000     11.342313
     -6.380000     11.843446
     -6.360000     12.531859
     -6.340000     13.148993
     -6.320000     13.728152
     -6.300000     14.428027
     -6.280000     15.169437
     -6.260000     15.709238
     -6.240000     15.986293
     -6.220000     16.149184
     -6.200000     16.322586
     -6.180000     16.538849
     -6.160000     16.790053
     -6.140000     16.985808
     -6.120000     16.940230
     -6.100000     16.513030
     -6.080000     15.756580
     -6.060000     14.899858
     -6.040000     14.198682
     -6.020000     13.798261
     -6.000000     13.722435
     -5.980000     13.937870
     -5.960000     14.338357
     -5.940000     14.715825
     -5.920000     14.852486
     -5.900000     14.654293
     -5.880000     14.241818
     -5.860000     13.925281
     -5.840000     14.011358
     -5.820000     14.575578
     -5.800000     15.399146
     -5.780000     16.188848
     -5.760000     16.862461
     -5.740000     17.457660
     -5.720000     17.807377
     -5.700000     17.587606
     -5.680000     16.743697
     -5.660000     15.688785
     -5.640000     14.996172
     -5.620000     14.969645
     -5.600000     15.521151
     -5.580000     16.308967
     -5.560000     16.941919
     -5.540000     17.203498
     -5.520000     17.168061
     -5.500000     17.081097
     -5.480000     17.141145
     -5.460000     17.392225
     -5.440000     17.741997
     -5.420000     18.011297
     -5.400000     18.004058
     -5.380000     17.630463
     -5.360000     17.011627
     -5.340000     16.450476
     -5.320000     16.247272
     -5.300000     16.470937
     -5.280000     16.897497
     -5.260000     17.213718
     -5.240000     17.272622
     -5.220000     17.131624
     -5.200000     16.925509
     -5.180000     16.781340
     -5.160000     16.789252
     -5.140000     16.969285
     -5.120000     17.249347
     -5.100000     17.433959
     -5.080000     17.210624
     -5.060000     16.333738
     -5.040000     14.885585
     -5.020000     13.295577
     -5.000000     12.047213
     -4.980000     11.394364
     -4.960000     11.339080
     -4.940000     11.713430
     -4.920000     12.230662
     -4.900000     12.637210
     -4.880000     12.906534
     -4.860000     13.237979
     -4.840000     13.832419
     -4.820000     14.597470
     -4.800000     15.077628
     -4.780000     14.824965
     -4.760000     13.840784
     -4.740000     12.539483
     -4.720000     11.349991
     -4.700000     10.461247
     -4.680000      9.871879
     -4.660000      9.536537
     -4.640000      9.425496
     -4.620000      9.503245
     -4.600000      9.699318
     -4.580000      9.906060
     -4.560000     10.055148
     -4.540000     10.280402
     -4.520000     10.956333
     -4.500000     12.397811
     -4.480000     14.415141
     -4.460000     16.226504
     -4.440000     16.995804
     -4.420000     16.547635
     -4.400000     15.438607
     -4.380000     14.344403
     -4.360000     13.577107
     -4.340000     13.153769
     -4.320000     13.044150
     -4.300000     13.211010
     -4.280000     13.498680
     -4.260000     13.631329
     -4.240000     13.399694
     -4.220000     12.815403
     -4.200000     12.052600
     -4.180000     11.300730
     -4.160000     10.700440
     -4.140000     10.342642
     -4.120000     10.220501
     -4.100000     10.148148
     -4.080000      9.856984
     -4.060000      9.294981
     -4.040000      8.732139
     -4.020000      8.505586
     -4.000000      8.759818
     -3.980000      9.417221
     -3.960000     10.290016
     -3.940000     11.189360
     -3.920000     11.939574
     -3.900000     12.373912
     -3.880000     12.449520
     -3.860000     12.364624
     -3.840000     12.450261
     -3.820000     12.875554
     -3.800000     13.454135
     -3.780000     13.778200
     -3.760000     13.562150
     -3.740000     12.833227
     -3.720000     11.833970
     -3.700000     10.858130
     -3.680000     10.174571
     -3.660000      9.946538
     -3.640000     10.138922
     -3.620000     10.552516
     -3.600000     10.973111
     -3.580000     11.280242
     -3.560000     11.451354
     -3.540000     11.544540
     -3.520000     11.738110
     -3.500000     12.309103
     -3.480000     13.390846
     -3.460000     14.688407
     -3.440000     15.539644
     -3.420000     15.373025
     -3.400000     14.145647
     -3.380000     12.345499
     -3.360000     10.614096
     -3.340000      9.379390
     -3.320000      8.728905
     -3.300000      8.494592
     -3.280000      8.461061
     -3.260000      8.549495
     -3.240000      8.780955
     -3.220000      9.078361
     -3.200000      9.247864
     -3.180000      9.209974
     -3.160000      9.111877
     -3.140000      9.134667
     -3.120000      9.277632
     -3.100000      9.358879
     -3.080000      9.192313
     -3.060000      8.799044
     -3.040000      8.414977
     -3.020000      8.213535
     -3.000000      8.111006
     -2.980000      7.948694
     -2.960000      7.742133
     -2.940000      7.610461
     -2.920000      7.552885
     -2.900000      7.460593
     -2.880000      7.341521
     -2.860000      7.377073
     -2.840000      7.671902
     -2.820000      8.040180
     -2.800000      8.173845
     -2.780000      8.011788
     -2.760000      7.786956
     -2.740000      7.660703
     -2.720000      7.504871
     -2.700000      7.182417
     -2.680000      6.860747
     -2.660000      6.823577
     -2.640000      7.076746
     -2.620000      7.345394
     -2.600000      7.410569
     -2.580000      7.321915
     -2.560000      7.287402
     -2.540000      7.414873
     -2.520000      7.623357
     -2.500000      7.789099
     -2.480000      7.875985
     -2.460000      7.942023
     -2.440000      8.097282
     -2.420000      8.436131
     -2.400000      9.010157
     -2.380000      9.833256
     -2.360000     10.795090
     -2.340000     11.610843
     -2.320000     11.988579
     -2.300000     11.858607
     -2.280000     11.444800
     -2.260000     11.116628
     -2.240000     11.098542
     -2.220000     11.318881
     -2.200000     11.580231
     -2.180000     11.795031
     -2.160000     11.977831
     -2.140000     12.090193
     -2.120000     12.007511
     -2.100000     11.660522
     -2.080000     11.192778
     -2.060000     10.918696
     -2.040000     11.033186
     -2.020000     11.372035
     -2.000000     11.604004
     -1.980000     11.675581
     -1.960000     11.824409
     -1.940000     12.113830
     -1.920000     12.282607
     -1.900000     12.155675
     -1.880000     11.923078
     -1.860000     11.902696
     -1.840000     12.165751
     -1.820000     12.413914
     -1.800000     12.230758
     -1.780000     11.544214
     -1.760000     10.738458
     -1.740000     10.247205
     -1.720000     10.201240
     -1.700000     10.388290
     -1.680000     10.354393
     -1.660000      9.708048
     -1.640000      8.473976
     -1.620000      7.043721
     -1.600000      5.816480
     -1.580000      4.979925
     -1.560000      4.525593
     -1.540000      4.370562
     -1.520000      4.486816
     -1.500000      4.935844
     -1.480000      5.769326
     -1.460000      6.914389
     -1.440000      8.155140
     -1.420000      9.185945
     -1.400000      9.744577
     -1.380000      9.791772
     -1.360000      9.504233
     -1.340000      9.044787
     -1.320000      8.453355
     -1.300000      7.760853
     -1.280000      7.027235
     -1.260000      6.269213
     -1.240000      5.517226
     -1.220000      4.921834
     -1.200000      4.667830
     -1.180000      4.797462
     -1.160000      5.180978
     -1.140000      5.640921
     -1.120000      6.075242
     -1.100000      6.439053
     -1.080000      6.646637
     -1.060000      6.593856
     -1.040000      6.281349
     -1.020000      5.845613
     -1.000000      5.451115
     -0.980000      5.158533
     -0.960000      4.902231
     -0.940000      4.609912
     -0.920000      4.317470
     -0.900000      4.109654
     -0.880000      3.984656
     -0.860000      3.864805
     -0.840000      3.713208
     -0.820000      3.564683
     -0.800000      3.457801
     -0.780000      3.383585
     -0.760000      3.305030
     -0.740000      3.217562
     -0.720000      3.179669
     -0.700000      3.267126
     -0.680000      3.500345
     -0.660000      3.824432
     -0.640000      4.141955
     -0.620000      4.363810
     -0.600000      4.456122
     -0.580000      4.445402
     -0.560000      4.380725
     -0.540000      4.302718
     -0.520000      4.236280
     -0.500000      4.199573
     -0.480000      4.214049
     -0.460000      4.280073
     -0.440000      4.342205
     -0.420000      4.319239
     -0.400000      4.179843
     -0.380000      3.955936
     -0.360000      3.683907
     -0.340000      3.389889
     -0.320000      3.132211
     -0.300000      2.974719
     -0.280000      2.903182
     -0.260000      2.843361
     -0.240000      2.774010
     -0.220000      2.759311
     -0.200000      2.857458
     -0.180000      3.049272
     -0.160000      3.268406
     -0.140000      3.451446
     -0.120000      3.542894
     -0.100000      3.497643
     -0.080000      3.315381
     -0.060000      3.065332
     -0.040000      2.846973
     -0.020000      2.702943
      0.000000      2.582765
      0.020000      2.421741
      0.040000      2.236312
      0.060000      2.098450
      0.080000      2.033246
      0.100000      1.986420
      0.120000      1.901719
      0.140000      1.799781
      0.160000      1.737317
      0.180000      1.710453
      0.200000      1.663601
      0.220000      1.581365
      0.240000      1.506531
      0.260000      1.466890
      0.280000      1.437744
      0.300000      1.385044
      0.320000      1.312123
      0.340000      1.252452
      0.360000      1.222287
      0.380000      1.193648
      0.400000      1.134407
      0.420000      1.062686
      0.440000      1.021212
      0.460000      1.003370
      0.480000      0.960821
      0.500000      0.888843
      0.520000      0.835952
      0.540000      0.816392
      0.560000      0.785719
      0.580000      0.722486
      0.600000      0.664160
      0.620000      0.635836
      0.640000      0.608510
      0.660000      0.557184
      0.680000      0.501465
      0.700000      0.463046
      0.720000      0.431604
      0.740000      0.391861
      0.760000      0.347642
      0.780000      0.307930
      0.800000      0.274330
      0.820000      0.243491
      0.840000      0.208403
      0.860000      0.165051
      0.880000      0.123683
      0.900000      0.102483
      0.920000      0.105036
      0.940000      0.115156
      0.960000      0.121915
      0.980000      0.135476
      1.000000      0.164377
      1.020000      0.193989
      1.040000      0.207840
      1.060000      0.217475
      1.080000      0.247153
      1.100000      0.296551
      1.120000      0.346262
      1.140000      0.394757
      1.160000      0.457979
      1.180000      0.533437
      1.200000      0.595542
      1.220000      0.632925
      1.240000      0.666671
      1.260000      0.719437
      1.280000      0.780181
      1.300000      0.821586
      1.320000      0.850393
      1.340000      0.899826
      1.360000      0.966607
      1.380000      1.013665
      1.400000      1.042132
      1.420000      1.091690
      1.440000      1.162483
      1.460000      1.213434
      1.480000      1.244159
      1.500000      1.296170
      1.520000      1.370579
      1.540000      1.426703
      1.560000      1.461838
      1.580000      1.515330
      1.600000      1.593725
      1.620000      1.660986
      1.640000      1.704114
      1.660000      1.755078
      1.680000      1.837688
      1.700000      1.925978
      1.720000      1.985007
      1.740000      2.036467
      1.760000      2.132409
      1.780000      2.271111
      1.800000      2.405588
      1.820000      2.526480
      1.840000      2.668163
      1.860000      2.843339
      1.880000      3.025032
      1.900000      3.191718
      1.920000      3.346296
      1.940000      3.475486
      1.960000      3.532504
      1.980000      3.483601
      2.000000      3.358121
      2.020000      3.258957
      2.040000      3.301182
      2.060000      3.497666
      2.080000      3.764041
      2.100000      4.053391
      2.120000      4.348086
      2.140000      4.545467
      2.160000      4.540614
      2.180000      4.393249
      2.200000      4.279971
      2.220000      4.299470
      2.240000      4.384560
      2.260000      4.426469
      2.280000      4.438159
      2.300000      4.492435
      2.320000      4.571629
      2.340000      4.638988
      2.360000      4.769108
      2.380000      5.103122
      2.400000      5.780309
      2.420000      6.912584
      2.440000      8.470876
      2.460000     10.162538
      2.480000     11.543025
      2.500000     12.336993
      2.520000     12.621882
      2.540000     12.679067
      2.560000     12.675883
      2.580000     12.485775
      2.600000     11.853397
      2.620000     10.728449
      2.640000      9.336012
      2.660000      7.939499
      2.680000      6.695056
      2.700000      5.718862
      2.720000      5.105155
      2.740000      4.859757
      2.760000      4.934666
      2.780000      5.302679
      2.800000      5.902865
      2.820000      6.558070
      2.840000      7.035930
      2.860000      7.191717
      2.880000      7.067547
      2.900000      6.885319
      2.920000      6.897913
      2.940000      7.188264
      2.960000      7.591644
      2.980000      7.836951
      3.000000      7.799149
      3.020000      7.593100
      3.040000      7.403411
      3.060000      7.250445
      3.080000      6.969635
      3.100000      6.450495
      3.120000      5.828794
      3.140000      5.371763
      3.160000      5.236704
      3.180000      5.388619
      3.200000      5.682032
      3.220000      5.993675
      3.240000      6.293909
      3.260000      6.565196
      3.280000      6.693730
      3.300000      6.536148
      3.320000      6.074937
      3.340000      5.434426
      3.360000      4.767001
      3.380000      4.176809
      3.400000      3.732605
      3.420000      3.525040
      3.440000      3.675100
      3.460000      4.223265
      3.480000      5.027461
      3.500000      5.824409
      3.520000      6.384649
      3.540000      6.603531
      3.560000      6.493887
      3.580000      6.160077
      3.600000      5.751138
      3.620000      5.360595
      3.640000      5.007529
      3.660000      4.726974
      3.680000      4.566828
      3.700000      4.486527
      3.720000      4.374970
      3.740000      4.189859
      3.760000      4.011522
      3.780000      3.947990
      3.800000      4.021089
      3.820000      4.160682
      3.840000      4.293154
      3.860000      4.393952
      3.880000      4.461535
      3.900000      4.505649
      3.920000      4.557592
      3.940000      4.636535
      3.960000      4.716667
      3.980000      4.756783
      4.000000      4.751950
      4.020000      4.745712
      4.040000      4.783817
      4.060000      4.843929
      4.080000      4.828492
      4.100000      4.669000
      4.120000      4.435888
      4.140000      4.285447
      4.160000      4.275329
      4.180000      4.301919
      4.200000      4.260069
      4.220000      4.175061
      4.240000      4.121045
      4.260000      4.107524
      4.280000      4.103416
      4.300000      4.100670
      4.320000      4.122825
      4.340000      4.201980
      4.360000      4.330229
      4.380000      4.436707
      4.400000      4.472129
      4.420000      4.480600
      4.440000      4.516177
      4.460000      4.545105
      4.480000      4.488838
      4.500000      4.325745
      4.520000      4.139973
      4.540000      4.070165
      4.560000      4.155523
      4.580000      4.251233
      4.600000      4.182181
      4.620000      3.954866
      4.640000      3.730441
      4.660000      3.627995
      4.680000      3.643317
      4.700000      3.707556
      4.720000      3.741659
      4.740000      3.710376
      4.760000      3.677901
      4.780000      3.748789
      4.800000      3.930848
      4.820000      4.123910
      4.840000      4.246660
      4.860000      4.298409
      4.880000      4.291356
      4.900000      4.216035
      4.920000      4.110976
      4.940000      4.057772
      4.960000      4.047039
      4.980000      3.958136
      5.000000      3.728321
      5.020000      3.463175
      5.040000      3.337112
      5.060000      3.426653
      5.080000      3.667687
      5.100000      3.946121
      5.120000      4.193616
      5.140000      4.396401
      5.160000      4.542524
      5.180000      4.585361
      5.200000      4.482538
      5.220000      4.272044
      5.240000      4.055116
      5.260000      3.894499
      5.280000      3.774228
      5.300000      3.635520
      5.320000      3.431362
      5.340000      3.189119
      5.360000      3.003637
      5.380000      2.938529
      5.400000      2.984001
      5.420000      3.111253
      5.440000      3.295393
      5.460000      3.494102
      5.480000      3.670807
      5.500000      3.822877
      5.520000      3.927717
      5.540000      3.907086
      5.560000      3.733526
      5.580000      3.520493
      5.600000      3.411538
      5.620000      3.425357
      5.640000      3.460940
      5.660000      3.406500
      5.680000      3.246008
      5.700000      3.091742
      5.720000      3.076132
      5.740000      3.200939
      5.760000      3.323157
      5.780000      3.285000
      5.800000      3.052914
      5.820000      2.751850
      5.840000      2.568174
      5.860000      2.599903
      5.880000      2.796380
      5.900000      3.038534
      5.920000      3.244959
      5.940000      3.391098
      5.960000      3.465669
      5.980000      3.449953
      6.000000      3.355900
      6.020000      3.251265
      6.040000      3.189743
      6.060000      3.140216
      6.080000      3.049752
      6.100000      2.939410
      6.120000      2.883626
      6.140000      2.931369
      6.160000      3.057896
      6.180000      3.165942
      6.200000      3.166172
      6.220000      3.073281
      6.240000      2.981320
      6.260000      2.958669
      6.280000      3.010060
      6.300000      3.101195
      6.320000      3.175150
      6.340000      3.189770
      6.360000      3.176452
      6.380000      3.219631
      6.400000      3.369109
      6.420000      3.587079
      6.440000      3.745567
      6.460000      3.711602
      6.480000      3.495127
      6.500000      3.252671
      6.520000      3.116106
      6.540000      3.091609
      6.560000      3.117971
      6.580000      3.133646
      6.600000      3.093271
      6.620000      2.998208
      6.640000      2.920089
      6.660000      2.940462
      6.680000      3.052661
      6.700000      3.157098
      6.720000      3.156041
      6.740000      3.033314
      6.760000      2.861949
      6.780000      2.751158
      6.800000      2.751025
      6.820000      2.795154
      6.840000      2.770447
      6.860000      2.634905
      6.880000      2.435191
      6.900000      2.246255
      6.920000      2.145503
      6.940000      2.200500
      6.960000      2.398901
      6.980000      2.619922
      7.000000      2.751449
      7.020000      2.803071
      7.040000      2.853607
      7.060000      2.942054
      7.080000      3.049454
      7.100000      3.124796
      7.120000      3.104584
      7.140000      2.979838
      7.160000      2.860311
      7.180000      2.886208
      7.200000      3.048714
      7.220000      3.183593
      7.240000      3.164003
      7.260000      3.010285
      7.280000      2.808538
      7.300000      2.620712
      7.320000      2.482922
      7.340000      2.416856
      7.360000      2.424014
      7.380000      2.494308
      7.400000      2.609472
      7.420000      2.725864
      7.440000      2.790371
      7.460000      2.785974
      7.480000      2.725837
      7.500000      2.615481
      7.520000      2.465760
      7.540000      2.325677
      7.560000      2.256574
      7.580000      2.261129
      7.600000      2.263046
      7.620000      2.196930
      7.640000      2.103408
      7.660000      2.077933
      7.680000      2.132389
      7.700000      2.174189
      7.720000      2.140825
      7.740000      2.093152
      7.760000      2.144317
      7.780000      2.339129
      7.800000      2.612769
      7.820000      2.838505
      7.840000      2.917009
      7.860000      2.847564
      7.880000      2.727081
      7.900000      2.656119
      7.920000      2.645809
      7.940000      2.648986
      7.960000      2.647615
      7.980000      2.647647
      8.000000      2.626812
      8.020000      2.566570
      8.040000      2.510430
      8.060000      2.529186
      8.080000      2.652141
      8.100000      2.867630
      8.120000      3.170305
      8.140000      3.583708
      8.160000      4.138582
      8.180000      4.810927
      8.200000      5.444347
      8.220000      5.790322
      8.240000      5.715593
      8.260000      5.342747
      8.280000      4.964845
      8.300000      4.854083
      8.320000      5.112780
      8.340000      5.665827
      8.360000      6.400633
      8.380000      7.273705
      8.400000      8.233045
      8.420000      9.134172
      8.440000      9.882588
      8.460000     10.579293
      8.480000     11.397785
      8.500000     12.390823
      8.520000     13.409744
      8.540000     14.118894
      8.560000     14.200033
      8.580000     13.653884
      8.600000     12.814940
      8.620000     12.025427
      8.640000     11.410273
      8.660000     11.021794
      8.680000     10.988754
      8.700000     11.320743
      8.720000     11.759690
      8.740000     12.084136
      8.760000     12.420062
      8.780000     13.028030
      8.800000     13.897793
      8.820000     14.743276
      8.840000     15.364122
      8.860000     15.882972
      8.880000     16.555004
      8.900000     17.377490
      8.920000     18.012985
      8.940000     18.185152
      8.960000     18.074085
      8.980000     18.184060
      9.000000     18.801875
      9.020000     19.673072
      9.040000     20.294338
      9.060000     20.466825
      9.080000     20.465647
      9.100000     20.812796
      9.120000     21.982699
      9.140000     24.006892
      9.160000     26.157604
      9.180000     27.327573
      9.200000     26.966215
      9.220000     25.496743
      9.240000     23.760226
      9.260000     22.276606
      9.280000     21.085458
      9.300000     19.985787
      9.320000     18.750040
      9.340000     17.325153
      9.360000     15.979806
      9.380000     15.114356
      9.400000     14.899641
      9.420000     15.176480
      9.440000     15.584352
      9.460000     15.784883
      9.480000     15.741269
      9.500000     15.696239
      9.520000     15.781987
      9.540000     15.872042
      9.560000     15.836619
      9.580000     15.672242
      9.600000     15.406614
      9.620000     15.069120
      9.640000     14.663775
      9.660000     14.116721
      9.680000     13.455234
      9.700000     13.005558
      9.720000     13.129391
      9.740000     13.805541
      9.760000     14.681129
      9.780000     15.433546
      9.800000     15.929432
      9.820000     16.153073
      9.840000     16.123728
      9.860000     15.871558
      9.880000     15.495184
      9.900000     15.187373
      9.920000     15.042047
      9.940000     14.905000
      9.960000     14.605941
      9.980000     14.209167
     10.000000     13.877087
