# EIG2DOS: Utility for SIESTA to obtain the electronic density of states
#
#                                                  Emilio Artacho, Apr. 1999
# --------------------------------------------------------------------------
# Nbands, Nspin, Nk   =    936     1   352
# E_F                 =    -5.1975 eV
# Broadening          =     0.0500 eV
# Number of electrons =   302.1136  302.2706 per cell
#
#        E            N
# --------------------------------------------------------------------------
    -10.000000      4.279731
     -9.980000      4.210671
     -9.960000      4.198074
     -9.940000      4.311272
     -9.920000      4.546834
     -9.900000      4.826781
     -9.880000      5.171598
     -9.860000      5.759758
     -9.840000      6.630225
     -9.820000      7.467461
     -9.800000      7.941517
     -9.780000      8.142241
     -9.760000      8.431986
     -9.740000      8.962724
     -9.720000      9.472556
     -9.700000      9.471238
     -9.680000      8.649717
     -9.660000      7.213928
     -9.640000      5.725615
     -9.620000      4.613861
     -9.600000      4.008947
     -9.580000      3.945635
     -9.560000      4.433245
     -9.540000      5.278553
     -9.520000      6.062233
     -9.500000      6.503677
     -9.480000      6.770188
     -9.460000      7.177657
     -9.440000      7.636475
     -9.420000      7.702537
     -9.400000      7.182028
     -9.380000      6.377987
     -9.360000      5.701821
     -9.340000      5.294671
     -9.320000      5.081400
     -9.300000      4.989522
     -9.280000      5.009120
     -9.260000      5.178028
     -9.240000      5.596725
     -9.220000      6.306049
     -9.200000      7.094542
     -9.180000      7.624471
     -9.160000      7.778948
     -9.140000      7.682288
     -9.120000      7.432232
     -9.100000      7.024904
     -9.080000      6.474253
     -9.060000      5.877793
     -9.040000      5.361987
     -9.020000      4.943703
     -9.000000      4.518855
     -8.980000      4.076778
     -8.960000      3.864425
     -8.940000      4.276635
     -8.920000      5.503366
     -8.900000      7.210279
     -8.880000      8.704759
     -8.860000      9.508104
     -8.840000      9.619325
     -8.820000      9.251885
     -8.800000      8.604114
     -8.780000      7.959166
     -8.760000      7.728205
     -8.740000      8.112199
     -8.720000      8.720483
     -8.700000      8.760637
     -8.680000      7.803571
     -8.660000      6.290580
     -8.640000      5.130269
     -8.620000      4.849792
     -8.600000      5.258232
     -8.580000      5.833803
     -8.560000      6.201048
     -8.540000      6.284681
     -8.520000      6.307920
     -8.500000      6.631673
     -8.480000      7.349886
     -8.460000      8.096486
     -8.440000      8.423180
     -8.420000      8.262414
     -8.400000      7.891338
     -8.380000      7.573164
     -8.360000      7.363962
     -8.340000      7.201091
     -8.320000      7.064769
     -8.300000      7.012356
     -8.280000      7.080263
     -8.260000      7.210503
     -8.240000      7.298353
     -8.220000      7.282098
     -8.200000      7.182561
     -8.180000      7.071080
     -8.160000      6.978240
     -8.140000      6.861867
     -8.120000      6.714464
     -8.100000      6.616968
     -8.080000      6.612692
     -8.060000      6.633643
     -8.040000      6.594085
     -8.020000      6.467113
     -8.000000      6.273128
     -7.980000      6.044033
     -7.960000      5.816343
     -7.940000      5.670366
     -7.920000      5.745963
     -7.900000      6.194168
     -7.880000      7.059361
     -7.860000      8.099681
     -7.840000      8.786971
     -7.820000      8.708392
     -7.800000      7.976356
     -7.780000      7.074460
     -7.760000      6.362246
     -7.740000      5.920103
     -7.720000      5.814701
     -7.700000      6.240077
     -7.680000      7.230600
     -7.660000      8.385569
     -7.640000      9.129506
     -7.620000      9.213148
     -7.600000      8.833050
     -7.580000      8.386816
     -7.560000      8.190331
     -7.540000      8.297071
     -7.520000      8.558740
     -7.500000      8.826483
     -7.480000      8.932649
     -7.460000      8.578292
     -7.440000      7.581676
     -7.420000      6.286307
     -7.400000      5.438167
     -7.380000      5.528078
     -7.360000      6.382654
     -7.340000      7.419180
     -7.320000      8.166756
     -7.300000      8.558971
     -7.280000      8.827720
     -7.260000      9.103618
     -7.240000      9.171054
     -7.220000      8.742652
     -7.200000      7.905091
     -7.180000      7.112953
     -7.160000      6.763385
     -7.140000      6.899505
     -7.120000      7.273713
     -7.100000      7.612878
     -7.080000      7.850551
     -7.060000      8.116639
     -7.040000      8.556655
     -7.020000      9.227676
     -7.000000     10.101872
     -6.980000     11.116391
     -6.960000     12.214751
     -6.940000     13.267681
     -6.920000     14.039555
     -6.900000     14.428644
     -6.880000     14.556591
     -6.860000     14.390996
     -6.840000     13.632167
     -6.820000     12.293096
     -6.800000     11.112331
     -6.780000     11.097166
     -6.760000     12.592142
     -6.740000     14.798094
     -6.720000     16.376310
     -6.700000     16.587262
     -6.680000     15.686019
     -6.660000     14.353016
     -6.640000     13.096851
     -6.620000     12.174077
     -6.600000     11.741726
     -6.580000     11.847811
     -6.560000     12.261455
     -6.540000     12.534612
     -6.520000     12.425466
     -6.500000     12.173607
     -6.480000     12.247213
     -6.460000     12.893177
     -6.440000     14.002195
     -6.420000     15.293117
     -6.400000     16.414908
     -6.380000     16.952233
     -6.360000     16.701804
     -6.340000     15.938581
     -6.320000     15.082560
     -6.300000     14.232018
     -6.280000     13.342324
     -6.260000     12.595882
     -6.240000     12.287418
     -6.220000     12.596041
     -6.200000     13.508205
     -6.180000     14.656883
     -6.160000     15.417754
     -6.140000     15.410907
     -6.120000     14.686629
     -6.100000     13.495705
     -6.080000     12.243443
     -6.060000     11.516902
     -6.040000     11.751254
     -6.020000     12.804870
     -6.000000     14.022821
     -5.980000     14.814878
     -5.960000     15.191561
     -5.940000     15.695647
     -5.920000     16.734218
     -5.900000     18.079740
     -5.880000     19.199419
     -5.860000     19.932695
     -5.840000     20.617581
     -5.820000     21.616534
     -5.800000     22.828881
     -5.780000     23.625145
     -5.760000     23.287979
     -5.740000     21.645680
     -5.720000     19.256576
     -5.700000     16.945506
     -5.680000     15.257052
     -5.660000     14.256614
     -5.640000     13.649020
     -5.620000     13.086614
     -5.600000     12.437588
     -5.580000     11.839087
     -5.560000     11.551239
     -5.540000     11.659296
     -5.520000     11.908999
     -5.500000     12.035506
     -5.480000     12.175370
     -5.460000     12.628042
     -5.440000     13.251329
     -5.420000     13.394625
     -5.400000     12.524493
     -5.380000     10.835633
     -5.360000      9.191565
     -5.340000      8.528963
     -5.320000      9.275118
     -5.300000     11.031490
     -5.280000     12.767307
     -5.260000     13.663121
     -5.240000     13.813054
     -5.220000     13.881942
     -5.200000     14.285117
     -5.180000     15.056102
     -5.160000     16.214692
     -5.140000     17.751422
     -5.120000     19.344116
     -5.100000     20.415739
     -5.080000     20.539638
     -5.060000     19.742484
     -5.040000     18.375519
     -5.020000     16.748914
     -5.000000     15.005709
     -4.980000     13.311502
     -4.960000     12.018164
     -4.940000     11.551323
     -4.920000     12.048628
     -4.900000     13.111945
     -4.880000     14.134855
     -4.860000     14.828479
     -4.840000     15.106943
     -4.820000     14.729974
     -4.800000     13.587869
     -4.780000     12.080288
     -4.760000     10.748373
     -4.740000      9.793374
     -4.720000      9.240842
     -4.700000      9.179683
     -4.680000      9.559698
     -4.660000     10.067799
     -4.640000     10.393785
     -4.620000     10.442057
     -4.600000     10.220499
     -4.580000      9.732077
     -4.560000      9.131569
     -4.540000      8.818556
     -4.520000      9.140288
     -4.500000     10.061492
     -4.480000     11.300642
     -4.460000     12.699391
     -4.440000     14.226139
     -4.420000     15.688346
     -4.400000     16.680132
     -4.380000     16.774510
     -4.360000     15.723570
     -4.340000     13.751513
     -4.320000     11.727640
     -4.300000     10.671009
     -4.280000     10.928887
     -4.260000     12.028343
     -4.240000     13.195074
     -4.220000     13.759453
     -4.200000     13.354990
     -4.180000     12.104413
     -4.160000     10.486701
     -4.140000      8.961315
     -4.120000      7.898688
     -4.100000      7.633841
     -4.080000      8.263774
     -4.060000      9.592339
     -4.040000     11.375299
     -4.020000     13.297129
     -4.000000     14.786129
     -3.980000     15.343055
     -3.960000     14.988610
     -3.940000     14.059040
     -3.920000     12.771824
     -3.900000     11.241184
     -3.880000      9.702396
     -3.860000      8.477989
     -3.840000      7.782052
     -3.820000      7.657342
     -3.800000      8.015867
     -3.780000      8.655765
     -3.760000      9.369989
     -3.740000     10.153893
     -3.720000     11.113719
     -3.700000     12.049525
     -3.680000     12.466628
     -3.660000     12.169346
     -3.640000     11.465737
     -3.620000     10.720144
     -3.600000     10.163824
     -3.580000     10.140352
     -3.560000     10.968124
     -3.540000     12.322936
     -3.520000     13.081346
     -3.500000     12.244466
     -3.480000     10.090971
     -3.460000      7.983248
     -3.440000      6.968244
     -3.420000      7.073090
     -3.400000      7.926211
     -3.380000      9.330516
     -3.360000     10.945233
     -3.340000     11.982375
     -3.320000     11.778989
     -3.300000     10.549605
     -3.280000      9.277411
     -3.260000      8.900869
     -3.240000      9.664575
     -3.220000     11.122594
     -3.200000     12.613883
     -3.180000     13.636949
     -3.160000     13.856803
     -3.140000     13.102384
     -3.120000     11.572866
     -3.100000      9.868506
     -3.080000      8.598551
     -3.060000      7.957356
     -3.040000      7.689955
     -3.020000      7.391390
     -3.000000      6.901496
     -2.980000      6.520750
     -2.960000      6.798622
     -2.940000      8.164632
     -2.920000     10.768566
     -2.900000     14.166079
     -2.880000     16.995062
     -2.860000     17.876467
     -2.840000     16.998819
     -2.820000     15.947091
     -2.800000     15.764801
     -2.780000     15.856972
     -2.760000     14.936036
     -2.740000     12.585585
     -2.720000      9.592494
     -2.700000      7.097692
     -2.680000      5.824188
     -2.660000      5.771493
     -2.640000      6.265351
     -2.620000      6.500390
     -2.600000      6.203610
     -2.580000      5.728157
     -2.560000      5.561348
     -2.540000      5.756983
     -2.520000      5.884795
     -2.500000      5.700356
     -2.480000      5.730876
     -2.460000      6.951113
     -2.440000      9.882297
     -2.420000     13.777212
     -2.400000     16.581268
     -2.380000     16.514105
     -2.360000     13.981470
     -2.340000     10.966449
     -2.320000      8.707240
     -2.300000      7.107618
     -2.280000      5.927944
     -2.260000      5.332177
     -2.240000      5.374090
     -2.220000      5.712367
     -2.200000      6.032068
     -2.180000      6.412162
     -2.160000      7.012146
     -2.140000      7.615734
     -2.120000      7.870143
     -2.100000      7.864859
     -2.080000      8.046387
     -2.060000      8.569716
     -2.040000      9.107215
     -2.020000      9.417641
     -2.000000      9.777754
     -1.980000     10.482959
     -1.960000     11.129501
     -1.940000     10.970506
     -1.920000      9.974779
     -1.900000      8.903415
     -1.880000      8.276465
     -1.860000      7.852499
     -1.840000      7.111678
     -1.820000      5.810004
     -1.800000      4.141230
     -1.780000      2.588490
     -1.760000      1.574841
     -1.740000      1.229281
     -1.720000      1.513217
     -1.700000      2.485042
     -1.680000      4.282749
     -1.660000      6.703675
     -1.640000      8.873105
     -1.620000      9.736677
     -1.600000      9.098235
     -1.580000      7.826058
     -1.560000      6.887510
     -1.540000      6.598395
     -1.520000      6.860258
     -1.500000      7.539221
     -1.480000      8.357063
     -1.460000      8.811212
     -1.440000      8.550238
     -1.420000      7.726142
     -1.400000      6.830953
     -1.380000      6.308858
     -1.360000      6.340020
     -1.340000      6.771759
     -1.320000      7.222406
     -1.300000      7.387941
     -1.280000      7.245558
     -1.260000      6.970302
     -1.240000      6.807027
     -1.220000      6.992392
     -1.200000      7.509183
     -1.180000      7.921208
     -1.160000      7.881333
     -1.140000      7.894416
     -1.120000      9.059657
     -1.100000     11.805981
     -1.080000     15.277913
     -1.060000     17.979078
     -1.040000     18.530067
     -1.020000     16.257380
     -1.000000     11.919073
     -0.980000      7.464327
     -0.960000      4.468298
     -0.940000      3.103684
     -0.920000      2.657513
     -0.900000      2.452352
     -0.880000      2.195933
     -0.860000      1.893257
     -0.840000      1.639980
     -0.820000      1.480075
     -0.800000      1.412501
     -0.780000      1.483797
     -0.760000      1.881952
     -0.740000      2.897736
     -0.720000      4.641096
     -0.700000      6.753681
     -0.680000      8.511191
     -0.660000      9.288150
     -0.640000      8.975395
     -0.620000      8.004150
     -0.600000      7.003997
     -0.580000      6.473012
     -0.560000      6.633778
     -0.540000      7.254013
     -0.520000      7.551020
     -0.500000      6.714189
     -0.480000      4.767702
     -0.460000      2.607382
     -0.440000      1.076793
     -0.420000      0.332000
     -0.400000      0.075881
     -0.380000      0.012796
     -0.360000      0.001587
     -0.340000      0.000144
     -0.320000      0.000010
     -0.300000      0.000000
     -0.280000      0.000000
     -0.260000      0.000003
     -0.240000      0.000045
     -0.220000      0.000503
     -0.200000      0.004144
     -0.180000      0.025502
     -0.160000      0.117900
     -0.140000      0.411992
     -0.120000      1.096086
     -0.100000      2.241453
     -0.080000      3.579309
     -0.060000      4.608353
     -0.040000      5.114614
     -0.020000      5.450345
      0.000000      6.036664
      0.020000      6.702716
      0.040000      6.849633
      0.060000      6.217150
      0.080000      5.153400
      0.100000      4.158569
      0.120000      3.453653
      0.140000      2.993664
      0.160000      2.679139
      0.180000      2.452439
      0.200000      2.270171
      0.220000      2.104839
      0.240000      1.966610
      0.260000      1.857229
      0.280000      1.747937
      0.300000      1.636741
      0.320000      1.548548
      0.340000      1.475035
      0.360000      1.390868
      0.380000      1.304700
      0.400000      1.236838
      0.420000      1.178324
      0.440000      1.109431
      0.460000      1.035820
      0.480000      0.976754
      0.500000      0.927468
      0.520000      0.867143
      0.540000      0.800497
      0.560000      0.748042
      0.580000      0.702699
      0.600000      0.645858
      0.620000      0.586616
      0.640000      0.538656
      0.660000      0.491274
      0.680000      0.433934
      0.700000      0.369221
      0.720000      0.294131
      0.740000      0.205886
      0.760000      0.119335
      0.780000      0.055221
      0.800000      0.019967
      0.820000      0.005553
      0.840000      0.001186
      0.860000      0.000329
      0.880000      0.000969
      0.900000      0.004651
      0.920000      0.017257
      0.940000      0.049172
      0.960000      0.109256
      0.980000      0.193145
      1.000000      0.280890
      1.020000      0.355681
      1.040000      0.419229
      1.060000      0.476014
      1.080000      0.521911
      1.100000      0.564650
      1.120000      0.619420
      1.140000      0.676255
      1.160000      0.718160
      1.180000      0.759684
      1.200000      0.819289
      1.220000      0.880817
      1.240000      0.924418
      1.260000      0.964507
      1.280000      1.024075
      1.300000      1.094222
      1.320000      1.146868
      1.340000      1.183095
      1.360000      1.238347
      1.380000      1.321183
      1.400000      1.388826
      1.420000      1.423652
      1.440000      1.474279
      1.460000      1.567784
      1.480000      1.655653
      1.500000      1.702343
      1.520000      1.751369
      1.540000      1.850231
      1.560000      1.968621
      1.580000      2.049750
      1.600000      2.114387
      1.620000      2.240275
      1.640000      2.447804
      1.660000      2.707145
      1.680000      3.058398
      1.700000      3.572573
      1.720000      4.130166
      1.740000      4.405032
      1.760000      4.210812
      1.780000      3.730711
      1.800000      3.262490
      1.820000      2.890025
      1.840000      2.568649
      1.860000      2.366274
      1.880000      2.418626
      1.900000      2.811666
      1.920000      3.631656
      1.940000      4.810007
      1.960000      5.848620
      1.980000      6.164800
      2.000000      5.752359
      2.020000      5.108392
      2.040000      4.630568
      2.060000      4.393777
      2.080000      4.311462
      2.100000      4.267954
      2.120000      4.190370
      2.140000      4.129107
      2.160000      4.220653
      2.180000      4.487233
      2.200000      4.795621
      2.220000      5.067525
      2.240000      5.325610
      2.260000      5.613663
      2.280000      6.127720
      2.300000      7.233591
      2.320000      9.121535
      2.340000     11.530442
      2.360000     13.824597
      2.380000     15.330630
      2.400000     15.734941
      2.420000     15.155836
      2.440000     13.835193
      2.460000     11.973361
      2.480000      9.869062
      2.500000      7.946921
      2.520000      6.525254
      2.540000      5.641181
      2.560000      5.156120
      2.580000      4.934180
      2.600000      4.850563
      2.620000      4.783953
      2.640000      4.716790
      2.660000      4.731080
      2.680000      4.859759
      2.700000      5.030137
      2.720000      5.134916
      2.740000      5.086808
      2.760000      4.854531
      2.780000      4.501350
      2.800000      4.142039
      2.820000      3.887030
      2.840000      3.909451
      2.860000      4.435213
      2.880000      5.463074
      2.900000      6.575570
      2.920000      7.242654
      2.940000      7.299876
      2.960000      7.023328
      2.980000      6.833646
      3.000000      7.017628
      3.020000      7.579532
      3.040000      8.197162
      3.060000      8.413674
      3.080000      8.036167
      3.100000      7.305244
      3.120000      6.606916
      3.140000      6.116848
      3.160000      5.763968
      3.180000      5.441918
      3.200000      5.181212
      3.220000      5.091365
      3.240000      5.174267
      3.260000      5.288092
      3.280000      5.327817
      3.300000      5.386302
      3.320000      5.664298
      3.340000      6.199210
      3.360000      6.730314
      3.380000      6.876997
      3.400000      6.444189
      3.420000      5.545522
      3.440000      4.471778
      3.460000      3.506565
      3.480000      2.847500
      3.500000      2.567271
      3.520000      2.581164
      3.540000      2.747383
      3.560000      3.030424
      3.580000      3.449596
      3.600000      3.883904
      3.620000      4.109731
      3.640000      4.064573
      3.660000      3.919520
      3.680000      3.857660
      3.700000      3.922195
      3.720000      4.085169
      3.740000      4.327840
      3.760000      4.650202
      3.780000      5.036129
      3.800000      5.375080
      3.820000      5.508888
      3.840000      5.432282
      3.860000      5.300506
      3.880000      5.187115
      3.900000      5.008097
      3.920000      4.733646
      3.940000      4.506441
      3.960000      4.456127
      3.980000      4.511171
      4.000000      4.496705
      4.020000      4.346707
      4.040000      4.139667
      4.060000      3.975629
      4.080000      3.880481
      4.100000      3.831381
      4.120000      3.852404
      4.140000      4.013947
      4.160000      4.297058
      4.180000      4.531636
      4.200000      4.528049
      4.220000      4.254431
      4.240000      3.883135
      4.260000      3.661930
      4.280000      3.712248
      4.300000      3.983175
      4.320000      4.420477
      4.340000      5.057998
      4.360000      5.853801
      4.380000      6.544413
      4.400000      6.775830
      4.420000      6.372902
      4.440000      5.484130
      4.460000      4.494030
      4.480000      3.762042
      4.500000      3.408966
      4.520000      3.337304
      4.540000      3.362957
      4.560000      3.308652
      4.580000      3.119425
      4.600000      2.905348
      4.620000      2.779600
      4.640000      2.726622
      4.660000      2.694788
      4.680000      2.702700
      4.700000      2.786852
      4.720000      2.937985
      4.740000      3.134442
      4.760000      3.391523
      4.780000      3.766255
      4.800000      4.284355
      4.820000      4.815148
      4.840000      5.086020
      4.860000      4.904626
      4.880000      4.343378
      4.900000      3.675115
      4.920000      3.129326
      4.940000      2.718720
      4.960000      2.338199
      4.980000      2.018047
      5.000000      1.967500
      5.020000      2.341469
      5.040000      3.090414
      5.060000      4.034622
      5.080000      4.899705
      5.100000      5.342731
      5.120000      5.230130
      5.140000      4.833421
      5.160000      4.508258
      5.180000      4.314614
      5.200000      4.133429
      5.220000      3.942432
      5.240000      3.813987
      5.260000      3.808038
      5.280000      3.958396
      5.300000      4.267952
      5.320000      4.657779
      5.340000      4.908187
      5.360000      4.739967
      5.380000      4.107354
      5.400000      3.324023
      5.420000      2.766611
      5.440000      2.569515
      5.460000      2.635602
      5.480000      2.798668
      5.500000      2.977631
      5.520000      3.237470
      5.540000      3.662660
      5.560000      4.163218
      5.580000      4.476364
      5.600000      4.399660
      5.620000      3.980896
      5.640000      3.441964
      5.660000      2.975612
      5.680000      2.673594
      5.700000      2.564670
      5.720000      2.584596
      5.740000      2.552579
      5.760000      2.348176
      5.780000      2.106198
      5.800000      2.078937
      5.820000      2.298552
      5.840000      2.526772
      5.860000      2.578031
      5.880000      2.552039
      5.900000      2.673782
      5.920000      2.996432
      5.940000      3.333581
      5.960000      3.464566
      5.980000      3.370472
      6.000000      3.241848
      6.020000      3.252542
      6.040000      3.361922
      6.060000      3.391043
      6.080000      3.289396
      6.100000      3.219925
      6.120000      3.318707
      6.140000      3.475507
      6.160000      3.470522
      6.180000      3.287129
      6.200000      3.139527
      6.220000      3.173528
      6.240000      3.292183
      6.260000      3.310857
      6.280000      3.169612
      6.300000      2.957511
      6.320000      2.778132
      6.340000      2.640175
      6.360000      2.511093
      6.380000      2.435915
      6.400000      2.520761
      6.420000      2.797797
      6.440000      3.159565
      6.460000      3.437217
      6.480000      3.529226
      6.500000      3.468521
      6.520000      3.377468
      6.540000      3.357642
      6.560000      3.441610
      6.580000      3.626654
      6.600000      3.867769
      6.620000      4.030775
      6.640000      3.957690
      6.660000      3.642103
      6.680000      3.289910
      6.700000      3.123638
      6.720000      3.142072
      6.740000      3.161727
      6.760000      3.062654
      6.780000      2.866862
      6.800000      2.601403
      6.820000      2.238080
      6.840000      1.802541
      6.860000      1.435885
      6.880000      1.288590
      6.900000      1.392054
      6.920000      1.644151
      6.940000      1.911339
      6.960000      2.172184
      6.980000      2.527541
      7.000000      3.015225
      7.020000      3.481253
      7.040000      3.710133
      7.060000      3.639940
      7.080000      3.415889
      7.100000      3.253091
      7.120000      3.231255
      7.140000      3.228896
      7.160000      3.086122
      7.180000      2.787938
      7.200000      2.466162
      7.220000      2.279854
      7.240000      2.298373
      7.260000      2.449911
      7.280000      2.584962
      7.300000      2.603310
      7.320000      2.494349
      7.340000      2.277894
      7.360000      1.993666
      7.380000      1.760028
      7.400000      1.740670
      7.420000      2.003858
      7.440000      2.472038
      7.460000      3.007201
      7.480000      3.470007
      7.500000      3.727661
      7.520000      3.717259
      7.540000      3.514211
      7.560000      3.278849
      7.580000      3.118336
      7.600000      3.012970
      7.620000      2.870032
      7.640000      2.649891
      7.660000      2.449514
      7.680000      2.406215
      7.700000      2.505573
      7.720000      2.573517
      7.740000      2.466878
      7.760000      2.217021
      7.780000      2.001632
      7.800000      1.996074
      7.820000      2.197504
      7.840000      2.382834
      7.860000      2.347398
      7.880000      2.177395
      7.900000      2.133330
      7.920000      2.307072
      7.940000      2.558535
      7.960000      2.741692
      7.980000      2.864012
      8.000000      3.096602
      8.020000      3.783184
      8.040000      5.321110
      8.060000      7.689138
      8.080000     10.072629
      8.100000     11.371086
      8.120000     11.221143
      8.140000     10.210801
      8.160000      9.112146
      8.180000      8.288745
      8.200000      7.792759
      8.220000      7.577908
      8.240000      7.484497
      8.260000      7.292630
      8.280000      6.920026
      8.300000      6.530606
      8.320000      6.455053
      8.340000      6.919378
      8.360000      7.959795
      8.380000      9.680037
      8.400000     12.005756
      8.420000     14.081518
      8.440000     14.838736
      8.460000     14.235462
      8.480000     13.097427
      8.500000     11.957164
      8.520000     10.875590
      8.540000     10.083425
      8.560000      9.889606
      8.580000     10.057586
      8.600000     10.073521
      8.620000     10.078392
      8.640000     10.870136
      8.660000     12.886070
      8.680000     15.706723
      8.700000     18.646913
      8.720000     21.426934
      8.740000     24.101439
      8.760000     26.417094
      8.780000     27.458245
      8.800000     26.390649
      8.820000     23.569402
      8.840000     20.404373
      8.860000     18.214345
      8.880000     17.502101
      8.900000     17.891199
      8.920000     18.446969
      8.940000     18.511375
      8.960000     18.400447
      8.980000     18.881824
      9.000000     20.029057
      9.020000     21.140308
      9.040000     21.734005
      9.060000     22.047748
      9.080000     22.533967
      9.100000     23.222904
      9.120000     23.623720
      9.140000     23.158912
      9.160000     21.599777
      9.180000     19.052142
      9.200000     15.840079
      9.220000     12.713092
      9.240000     10.793563
      9.260000     10.765009
      9.280000     12.251894
      9.300000     14.321767
      9.320000     16.384618
      9.340000     18.303864
      9.360000     19.853822
      9.380000     20.505424
      9.400000     19.878392
      9.420000     18.332991
      9.440000     16.887773
      9.460000     16.251322
      9.480000     16.156873
      9.500000     16.045253
      9.520000     15.921460
      9.540000     16.025355
      9.560000     16.252559
      9.580000     16.382131
      9.600000     16.439645
      9.620000     16.595146
      9.640000     16.885264
      9.660000     17.058105
      9.680000     16.712066
      9.700000     15.667991
      9.720000     14.187197
      9.740000     12.825330
      9.760000     12.129810
      9.780000     12.410028
      9.800000     13.561094
      9.820000     14.971590
      9.840000     15.781721
      9.860000     15.510018
      9.880000     14.385646
      9.900000     12.963822
      9.920000     11.691501
      9.940000     10.905245
      9.960000     10.746428
      9.980000     10.890457
     10.000000     10.814964
