# EIG2DOS: Utility for SIESTA to obtain the electronic density of states
#
#                                                  Emilio Artacho, Apr. 1999
# --------------------------------------------------------------------------
# Nbands, Nspin, Nk   =    936     1   352
# E_F                 =    -6.0049 eV
# Broadening          =     0.0500 eV
# Number of electrons =   152.0625  152.4218 per cell
#
#        E            N
# --------------------------------------------------------------------------
     -5.000000     16.374084
     -4.990000     16.284683
     -4.980000     16.204986
     -4.970000     16.145031
     -4.960000     16.112882
     -4.950000     16.109779
     -4.940000     16.129839
     -4.930000     16.164326
     -4.920000     16.207547
     -4.910000     16.260165
     -4.900000     16.327051
     -4.890000     16.409933
     -4.880000     16.498455
     -4.870000     16.564733
     -4.860000     16.565448
     -4.850000     16.452117
     -4.840000     16.186043
     -4.830000     15.751742
     -4.820000     15.162999
     -4.810000     14.459429
     -4.800000     13.696177
     -4.790000     12.932273
     -4.780000     12.221960
     -4.770000     11.609532
     -4.760000     11.125246
     -4.750000     10.780579
     -4.740000     10.564550
     -4.730000     10.445241
     -4.720000     10.378911
     -4.710000     10.324107
     -4.700000     10.254196
     -4.690000     10.162425
     -4.680000     10.058639
     -4.670000      9.961833
     -4.660000      9.893900
     -4.650000      9.876785
     -4.640000      9.931307
     -4.630000     10.074808
     -4.620000     10.316916
     -4.610000     10.655539
     -4.600000     11.075703
     -4.590000     11.552002
     -4.580000     12.053340
     -4.570000     12.548188
     -4.560000     13.009498
     -4.550000     13.419137
     -4.540000     13.771254
     -4.530000     14.073216
     -4.520000     14.343105
     -4.510000     14.604463
     -4.500000     14.880806
     -4.490000     15.192512
     -4.480000     15.556626
     -4.470000     15.987441
     -4.460000     16.494693
     -4.450000     17.078224
     -4.440000     17.721619
     -4.430000     18.389855
     -4.420000     19.034831
     -4.410000     19.608276
     -4.400000     20.076694
     -4.390000     20.431405
     -4.380000     20.689314
     -4.370000     20.884925
     -4.360000     21.057725
     -4.350000     21.239840
     -4.340000     21.447370
     -4.330000     21.677221
     -4.320000     21.910331
     -4.310000     22.121096
     -4.300000     22.290612
     -4.290000     22.418923
     -4.280000     22.530998
     -4.270000     22.673596
     -4.260000     22.903970
     -4.250000     23.273448
     -4.240000     23.808662
     -4.230000     24.492848
     -4.220000     25.252004
     -4.210000     25.954458
     -4.200000     26.432334
     -4.190000     26.525257
     -4.180000     26.133067
     -4.170000     25.254710
     -4.160000     23.993572
     -4.150000     22.525509
     -4.140000     21.044635
     -4.130000     19.711411
     -4.120000     18.622356
     -4.110000     17.806245
     -4.100000     17.238710
     -4.090000     16.862884
     -4.080000     16.607940
     -4.070000     16.403740
     -4.060000     16.192876
     -4.050000     15.940042
     -4.040000     15.636002
     -4.030000     15.293447
     -4.020000     14.935482
     -4.010000     14.582004
     -4.000000     14.240872
     -3.990000     13.907957
     -3.980000     13.574574
     -3.970000     13.236566
     -3.960000     12.899263
     -3.950000     12.576420
     -3.940000     12.285695
     -3.930000     12.045059
     -3.920000     11.872502
     -3.910000     11.787550
     -3.900000     11.810702
     -3.890000     11.958009
     -3.880000     12.232100
     -3.870000     12.614801
     -3.860000     13.066969
     -3.850000     13.537440
     -3.840000     13.977613
     -3.830000     14.354969
     -3.820000     14.659663
     -3.810000     14.902381
     -3.800000     15.105969
     -3.790000     15.295703
     -3.780000     15.492584
     -3.770000     15.711275
     -3.760000     15.961074
     -3.750000     16.246438
     -3.740000     16.564681
     -3.730000     16.901783
     -3.720000     17.230160
     -3.710000     17.512023
     -3.700000     17.708373
     -3.690000     17.789529
     -3.680000     17.741775
     -3.670000     17.567067
     -3.660000     17.276807
     -3.650000     16.883398
     -3.640000     16.393772
     -3.630000     15.807778
     -3.620000     15.122542
     -3.610000     14.341522
     -3.600000     13.484183
     -3.590000     12.590398
     -3.580000     11.715071
     -3.570000     10.913802
     -3.560000     10.226456
     -3.550000      9.667722
     -3.540000      9.229595
     -3.530000      8.892871
     -3.520000      8.639125
     -3.510000      8.455534
     -3.500000      8.331393
     -3.490000      8.251859
     -3.480000      8.196098
     -3.470000      8.142632
     -3.460000      8.078179
     -3.450000      8.003024
     -3.440000      7.928378
     -3.430000      7.867226
     -3.420000      7.824981
     -3.410000      7.796195
     -3.400000      7.768886
     -3.390000      7.732442
     -3.380000      7.682934
     -3.370000      7.622432
     -3.360000      7.554177
     -3.350000      7.478681
     -3.340000      7.394448
     -3.330000      7.302398
     -3.320000      7.209329
     -3.310000      7.126378
     -3.300000      7.062736
     -3.290000      7.019287
     -3.280000      6.987433
     -3.270000      6.954611
     -3.260000      6.912862
     -3.250000      6.864362
     -3.240000      6.819843
     -3.230000      6.790988
     -3.220000      6.782165
     -3.210000      6.787406
     -3.200000      6.794836
     -3.190000      6.795540
     -3.180000      6.790780
     -3.170000      6.792587
     -3.160000      6.817143
     -3.150000      6.875036
     -3.140000      6.964329
     -3.130000      7.070480
     -3.120000      7.172890
     -3.110000      7.254006
     -3.100000      7.305794
     -3.090000      7.330516
     -3.080000      7.336544
     -3.070000      7.332794
     -3.060000      7.325476
     -3.050000      7.318340
     -3.040000      7.314632
     -3.030000      7.317899
     -3.020000      7.330413
     -3.010000      7.350816
     -3.000000      7.374023
     -2.990000      7.394994
     -2.980000      7.414680
     -2.970000      7.443884
     -2.960000      7.501239
     -2.950000      7.605071
     -2.940000      7.763262
     -2.930000      7.967255
     -2.920000      8.194260
     -2.910000      8.416667
     -2.900000      8.613032
     -2.890000      8.774213
     -2.880000      8.901896
     -2.870000      9.002158
     -2.860000      9.079539
     -2.850000      9.135597
     -2.840000      9.171572
     -2.830000      9.191529
     -2.820000      9.202632
     -2.810000      9.212211
     -2.800000      9.224363
     -2.790000      9.239144
     -2.780000      9.255118
     -2.770000      9.273027
     -2.760000      9.297232
     -2.750000      9.333272
     -2.740000      9.383046
     -2.730000      9.441326
     -2.720000      9.496706
     -2.710000      9.537039
     -2.700000      9.556125
     -2.690000      9.557327
     -2.680000      9.551803
     -2.670000      9.552557
     -2.660000      9.568096
     -2.650000      9.599239
     -2.640000      9.640139
     -2.630000      9.681925
     -2.620000      9.716458
     -2.610000      9.738781
     -2.600000      9.748370
     -2.590000      9.749761
     -2.580000      9.752308
     -2.570000      9.768073
     -2.560000      9.807457
     -2.550000      9.874055
     -2.540000      9.961769
     -2.530000     10.056811
     -2.520000     10.144644
     -2.510000     10.218511
     -2.500000     10.284353
     -2.490000     10.358235
     -2.480000     10.456679
     -2.470000     10.585129
     -2.460000     10.731834
     -2.450000     10.871659
     -2.440000     10.978174
     -2.430000     11.036852
     -2.420000     11.051522
     -2.410000     11.040777
     -2.400000     11.027516
     -2.390000     11.028467
     -2.380000     11.049318
     -2.370000     11.086569
     -2.360000     11.133174
     -2.350000     11.183752
     -2.340000     11.236647
     -2.330000     11.292626
     -2.320000     11.352012
     -2.310000     11.412704
     -2.300000     11.470786
     -2.290000     11.523512
     -2.280000     11.572626
     -2.270000     11.625445
     -2.260000     11.692593
     -2.250000     11.783586
     -2.240000     11.902755
     -2.230000     12.047362
     -2.220000     12.208140
     -2.210000     12.371605
     -2.200000     12.523628
     -2.190000     12.653958
     -2.180000     12.760518
     -2.170000     12.851115
     -2.160000     12.940597
     -2.150000     13.044004
     -2.140000     13.169307
     -2.130000     13.314193
     -2.120000     13.469085
     -2.110000     13.624757
     -2.100000     13.780178
     -2.090000     13.946171
     -2.080000     14.142624
     -2.070000     14.389935
     -2.060000     14.697784
     -2.050000     15.055670
     -2.040000     15.429535
     -2.030000     15.767059
     -2.020000     16.011096
     -2.010000     16.117143
     -2.000000     16.068310
     -1.990000     15.881420
     -1.980000     15.600972
     -1.970000     15.282896
     -1.960000     14.974896
     -1.950000     14.702214
     -1.940000     14.465058
     -1.930000     14.247798
     -1.920000     14.033805
     -1.910000     13.817333
     -1.900000     13.606758
     -1.890000     13.419174
     -1.880000     13.270950
     -1.870000     13.169608
     -1.860000     13.110166
     -1.850000     13.076415
     -1.840000     13.046104
     -1.830000     12.998445
     -1.820000     12.921795
     -1.810000     12.818667
     -1.800000     12.705472
     -1.790000     12.606124
     -1.780000     12.541514
     -1.770000     12.519371
     -1.760000     12.529659
     -1.750000     12.548512
     -1.740000     12.549469
     -1.730000     12.516425
     -1.720000     12.451264
     -1.710000     12.371960
     -1.700000     12.302607
     -1.690000     12.261439
     -1.680000     12.253360
     -1.670000     12.269904
     -1.660000     12.295016
     -1.650000     12.312611
     -1.640000     12.312384
     -1.630000     12.292319
     -1.620000     12.258047
     -1.610000     12.220114
     -1.600000     12.190368
     -1.590000     12.178325
     -1.580000     12.187952
     -1.570000     12.215309
     -1.560000     12.248140
     -1.550000     12.269046
     -1.540000     12.262711
     -1.530000     12.224637
     -1.520000     12.166087
     -1.510000     12.110544
     -1.500000     12.081991
     -1.490000     12.091462
     -1.480000     12.130649
     -1.470000     12.177212
     -1.460000     12.208454
     -1.450000     12.214275
     -1.440000     12.201277
     -1.430000     12.186592
     -1.420000     12.186966
     -1.410000     12.210647
     -1.400000     12.255935
     -1.390000     12.314833
     -1.380000     12.377621
     -1.370000     12.435743
     -1.360000     12.483327
     -1.350000     12.518707
     -1.340000     12.545692
     -1.330000     12.572803
     -1.320000     12.609520
     -1.310000     12.661518
     -1.300000     12.728594
     -1.290000     12.807291
     -1.280000     12.896270
     -1.270000     13.000064
     -1.260000     13.128286
     -1.250000     13.291175
     -1.240000     13.494819
     -1.230000     13.738367
     -1.220000     14.012909
     -1.210000     14.300597
     -1.200000     14.574225
     -1.190000     14.799568
     -1.180000     14.942233
     -1.170000     14.977439
     -1.160000     14.898068
     -1.150000     14.716578
     -1.140000     14.459967
     -1.130000     14.160923
     -1.120000     13.849549
     -1.110000     13.548380
     -1.100000     13.270905
     -1.090000     13.022336
     -1.080000     12.801515
     -1.070000     12.603366
     -1.060000     12.421599
     -1.050000     12.251252
     -1.040000     12.090545
     -1.030000     11.941524
     -1.020000     11.809205
     -1.010000     11.699414
     -1.000000     11.616249
     -0.990000     11.560411
     -0.980000     11.529208
     -0.970000     11.517856
     -0.960000     11.520925
     -0.950000     11.532946
     -0.940000     11.548313
     -0.930000     11.561293
     -0.920000     11.566707
     -0.910000     11.560869
     -0.900000     11.541729
     -0.890000     11.507475
     -0.880000     11.453775
     -0.870000     11.370677
     -0.860000     11.240582
     -0.850000     11.038619
     -0.840000     10.736395
     -0.830000     10.309211
     -0.820000      9.745337
     -0.810000      9.054253
     -0.800000      8.269997
     -0.790000      7.446957
     -0.780000      6.648547
     -0.770000      5.932576
     -0.760000      5.338782
     -0.750000      4.882844
     -0.740000      4.558032
     -0.730000      4.342371
     -0.720000      4.207551
     -0.710000      4.126188
     -0.700000      4.075710
     -0.690000      4.038907
     -0.680000      4.002250
     -0.670000      3.953393
     -0.660000      3.879102
     -0.650000      3.764605
     -0.640000      3.594998
     -0.630000      3.358801
     -0.620000      3.052899
     -0.610000      2.687220
     -0.600000      2.287141
     -0.590000      1.892044
     -0.580000      1.549723
     -0.570000      1.307813
     -0.560000      1.204351
     -0.550000      1.259805
     -0.540000      1.472488
     -0.530000      1.818651
     -0.520000      2.257592
     -0.510000      2.740710
     -0.500000      3.221863
     -0.490000      3.665575
     -0.480000      4.050531
     -0.470000      4.368333
     -0.460000      4.619941
     -0.450000      4.812771
     -0.440000      4.959568
     -0.430000      5.077578
     -0.420000      5.185618
     -0.410000      5.298517
     -0.400000      5.421456
     -0.390000      5.548343
     -0.380000      5.666581
     -0.370000      5.766499
     -0.360000      5.850082
     -0.350000      5.933328
     -0.340000      6.039968
     -0.330000      6.189473
     -0.320000      6.385952
     -0.310000      6.614526
     -0.300000      6.847973
     -0.290000      7.060909
     -0.280000      7.244560
     -0.270000      7.414565
     -0.260000      7.607409
     -0.250000      7.866579
     -0.240000      8.224506
     -0.230000      8.688681
     -0.220000      9.238761
     -0.210000      9.836671
     -0.200000     10.445446
     -0.190000     11.047829
     -0.180000     11.654759
     -0.170000     12.297739
     -0.160000     13.006263
     -0.150000     13.779068
     -0.140000     14.562751
     -0.130000     15.250534
     -0.120000     15.706809
     -0.110000     15.811358
     -0.100000     15.505900
     -0.090000     14.821453
     -0.080000     13.871934
     -0.070000     12.814981
     -0.060000     11.797066
     -0.050000     10.907439
     -0.040000     10.160347
     -0.030000      9.510649
     -0.020000      8.892230
     -0.010000      8.259375
      0.000000      7.612066
      0.010000      6.995636
      0.020000      6.477841
      0.030000      6.116130
      0.040000      5.930520
      0.050000      5.893153
      0.060000      5.937549
      0.070000      5.982569
      0.080000      5.961053
      0.090000      5.842059
      0.100000      5.638583
      0.110000      5.398587
      0.120000      5.183741
      0.130000      5.044772
      0.140000      5.002873
      0.150000      5.043374
      0.160000      5.122877
      0.170000      5.186330
      0.180000      5.187479
      0.190000      5.105291
      0.200000      4.950547
      0.210000      4.760471
      0.220000      4.583876
      0.230000      4.462863
      0.240000      4.418024
      0.250000      4.442217
      0.260000      4.504471
      0.270000      4.562023
      0.280000      4.575975
      0.290000      4.525054
      0.300000      4.412666
      0.310000      4.264814
      0.320000      4.119837
      0.330000      4.014049
      0.340000      3.968758
      0.350000      3.983293
      0.360000      4.036135
      0.370000      4.093276
      0.380000      4.120613
      0.390000      4.096044
      0.400000      4.017064
      0.410000      3.901168
      0.420000      3.778950
      0.430000      3.682587
      0.440000      3.634206
      0.450000      3.638494
      0.460000      3.681995
      0.470000      3.738861
      0.480000      3.780651
      0.490000      3.786612
      0.500000      3.750921
      0.510000      3.684369
      0.520000      3.609825
      0.530000      3.553117
      0.540000      3.532796
      0.550000      3.552747
      0.560000      3.600355
      0.570000      3.650690
      0.580000      3.674979
      0.590000      3.650313
      0.600000      3.567382
      0.610000      3.433783
      0.620000      3.271802
      0.630000      3.111352
      0.640000      2.980401
      0.650000      2.896174
      0.660000      2.860221
      0.670000      2.859012
      0.680000      2.869731
      0.690000      2.868993
      0.700000      2.841220
      0.710000      2.783623
      0.720000      2.706199
      0.730000      2.627106
      0.740000      2.565440
      0.750000      2.534143
      0.760000      2.535412
      0.770000      2.560020
      0.780000      2.590708
      0.790000      2.608555
      0.800000      2.600078
      0.810000      2.562295
      0.820000      2.503497
      0.830000      2.439303
      0.840000      2.385765
      0.850000      2.352719
      0.860000      2.340253
      0.870000      2.339462
      0.880000      2.336585
      0.890000      2.318501
      0.900000      2.277491
      0.910000      2.213912
      0.920000      2.136188
      0.930000      2.058194
      0.940000      1.994703
      0.950000      1.956181
      0.960000      1.944718
      0.970000      1.952820
      0.980000      1.965978
      0.990000      1.968333
      1.000000      1.949177
      1.010000      1.907329
      1.020000      1.851297
      1.030000      1.795154
      1.040000      1.752204
      1.050000      1.729484
      1.060000      1.725438
      1.070000      1.731381
      1.080000      1.735589
      1.090000      1.727984
      1.100000      1.703649
      1.110000      1.664169
      1.120000      1.616705
      1.130000      1.571257
      1.140000      1.536985
      1.150000      1.518710
      1.160000      1.514850
      1.170000      1.517778
      1.180000      1.516803
      1.190000      1.502799
      1.200000      1.472469
      1.210000      1.430100
      1.220000      1.385645
      1.230000      1.349910
      1.240000      1.329240
      1.250000      1.322504
      1.260000      1.321947
      1.270000      1.317382
      1.280000      1.301370
      1.290000      1.272671
      1.300000      1.236284
      1.310000      1.200364
      1.320000      1.171900
      1.330000      1.153502
      1.340000      1.142753
      1.350000      1.134073
      1.360000      1.121767
      1.370000      1.102630
      1.380000      1.077002
      1.390000      1.048106
      1.400000      1.020236
      1.410000      0.996727
      1.420000      0.978562
      1.430000      0.964136
      1.440000      0.950209
      1.450000      0.933602
      1.460000      0.912809
      1.470000      0.888696
      1.480000      0.863866
      1.490000      0.841054
      1.500000      0.821516
      1.510000      0.804431
      1.520000      0.787648
      1.530000      0.769170
      1.540000      0.748277
      1.550000      0.725536
      1.560000      0.701791
      1.570000      0.676966
      1.580000      0.649528
      1.590000      0.616901
      1.600000      0.576455
      1.610000      0.526527
      1.620000      0.467079
      1.630000      0.399917
      1.640000      0.328510
      1.650000      0.257419
      1.660000      0.191405
      1.670000      0.134417
      1.680000      0.088801
      1.690000      0.055009
      1.700000      0.031870
      1.710000      0.017234
      1.720000      0.008684
      1.730000      0.004073
      1.740000      0.001776
      1.750000      0.000720
      1.760000      0.000271
      1.770000      0.000095
      1.780000      0.000031
      1.790000      0.000009
      1.800000      0.000003
      1.810000      0.000001
      1.820000      0.000000
      1.830000      0.000000
      1.840000      0.000000
      1.850000      0.000000
      1.860000      0.000000
      1.870000      0.000000
      1.880000      0.000000
      1.890000      0.000000
      1.900000      0.000000
      1.910000      0.000000
      1.920000      0.000000
      1.930000      0.000000
      1.940000      0.000000
      1.950000      0.000000
      1.960000      0.000000
      1.970000      0.000000
      1.980000      0.000000
      1.990000      0.000000
      2.000000      0.000000
      2.010000      0.000000
      2.020000      0.000000
      2.030000      0.000001
      2.040000      0.000004
      2.050000      0.000014
      2.060000      0.000044
      2.070000      0.000134
      2.080000      0.000375
      2.090000      0.000974
      2.100000      0.002351
      2.110000      0.005275
      2.120000      0.011006
      2.130000      0.021383
      2.140000      0.038731
      2.150000      0.065521
      2.160000      0.103751
      2.170000      0.154209
      2.180000      0.215893
      2.190000      0.285881
      2.200000      0.359788
      2.210000      0.432677
      2.220000      0.500109
      2.230000      0.559015
      2.240000      0.608174
      2.250000      0.648243
      2.260000      0.681314
      2.270000      0.710035
      2.280000      0.736568
      2.290000      0.761858
      2.300000      0.785677
      2.310000      0.807469
      2.320000      0.827416
      2.330000      0.846897
      2.340000      0.867907
      2.350000      0.891783
      2.360000      0.918163
      2.370000      0.944979
      2.380000      0.969595
      2.390000      0.990427
      2.400000      1.008067
      2.410000      1.025220
      2.420000      1.045398
      2.430000      1.070988
      2.440000      1.101692
      2.450000      1.134245
      2.460000      1.163812
      2.470000      1.186547
      2.480000      1.202040
      2.490000      1.214150
      2.500000      1.229407
      2.510000      1.253560
      2.520000      1.288088
      2.530000      1.328828
      2.540000      1.367794
      2.550000      1.397378
      2.560000      1.414618
      2.570000      1.423072
      2.580000      1.431177
      2.590000      1.448003
      2.600000      1.478694
      2.610000      1.521909
      2.620000      1.570423
      2.630000      1.614440
      2.640000      1.645984
      2.650000      1.662500
      2.660000      1.668189
      2.670000      1.672520
      2.680000      1.686382
      2.690000      1.717292
      2.700000      1.765672
      2.710000      1.824052
      2.720000      1.879947
      2.730000      1.921352
      2.740000      1.942371
      2.750000      1.946223
      2.760000      1.944133
      2.770000      1.950611
      2.780000      1.977307
      2.790000      2.028090
      2.800000      2.097377
      2.810000      2.172362
      2.820000      2.238320
      2.830000      2.284898
      2.840000      2.310791
      2.850000      2.324691
      2.860000      2.341867
      2.870000      2.377666
      2.880000      2.440632
      2.890000      2.528187
      2.900000      2.626793
      2.910000      2.716690
      2.920000      2.779435
      2.930000      2.805368
      2.940000      2.797991
      2.950000      2.773437
      2.960000      2.754971
      2.970000      2.764464
      2.980000      2.814004
      2.990000      2.900885
      3.000000      3.008088
      3.010000      3.110335
      3.020000      3.183635
      3.030000      3.214793
      3.040000      3.207186
      3.050000      3.180444
      3.060000      3.163850
      3.070000      3.185598
      3.080000      3.261641
      3.090000      3.388386
      3.100000      3.542598
      3.110000      3.689567
      3.120000      3.797282
      3.130000      3.851415
      3.140000      3.864734
      3.150000      3.876081
      3.160000      3.937845
      3.170000      4.095509
      3.180000      4.366785
      3.190000      4.729433
      3.200000      5.124920
      3.210000      5.479281
      3.220000      5.734508
      3.230000      5.877225
      3.240000      5.950540
      3.250000      6.041463
      3.260000      6.247611
      3.270000      6.637440
      3.280000      7.222153
      3.290000      7.952568
      3.300000      8.742450
      3.310000      9.507118
      3.320000     10.198882
      3.330000     10.822993
      3.340000     11.427909
      3.350000     12.075998
      3.360000     12.808642
      3.370000     13.620282
      3.380000     14.450658
      3.390000     15.197277
      3.400000     15.743675
      3.410000     15.994265
      3.420000     15.904139
      3.430000     15.493269
      3.440000     14.839939
      3.450000     14.056336
      3.460000     13.256252
      3.470000     12.527008
      3.480000     11.914274
      3.490000     11.421947
      3.500000     11.023514
      3.510000     10.678773
      3.520000     10.350138
      3.530000     10.014439
      3.540000      9.667931
      3.550000      9.323911
      3.560000      9.004430
      3.570000      8.729510
      3.580000      8.508232
      3.590000      8.335130
      3.600000      8.192745
      3.610000      8.058506
      3.620000      7.912539
      3.630000      7.743452
      3.640000      7.550789
      3.650000      7.344470
      3.660000      7.142187
      3.670000      6.965264
      3.680000      6.832997
      3.690000      6.755875
      3.700000      6.729590
      3.710000      6.733127
      3.720000      6.733768
      3.730000      6.698805
      3.740000      6.609515
      3.750000      6.470381
      3.760000      6.308020
      3.770000      6.159610
      3.780000      6.056546
      3.790000      6.011788
      3.800000      6.017076
      3.810000      6.050307
      3.820000      6.087830
      3.830000      6.114336
      3.840000      6.125551
      3.850000      6.123918
      3.860000      6.111776
      3.870000      6.087467
      3.880000      6.046966
      3.890000      5.989216
      3.900000      5.920308
      3.910000      5.852286
      3.920000      5.796322
      3.930000      5.754533
      3.940000      5.716433
      3.950000      5.663466
      3.960000      5.579741
      3.970000      5.462762
      3.980000      5.327553
      3.990000      5.201444
      4.000000      5.112200
      4.010000      5.075706
      4.020000      5.089199
      4.030000      5.132730
      4.040000      5.177423
      4.050000      5.196470
      4.060000      5.174397
      4.070000      5.111564
      4.080000      5.023046
      4.090000      4.932855
      4.100000      4.865550
      4.110000      4.837683
      4.120000      4.851538
      4.130000      4.893332
      4.140000      4.937187
      4.150000      4.954381
      4.160000      4.924927
      4.170000      4.846635
      4.180000      4.737087
      4.190000      4.626842
      4.200000      4.546574
      4.210000      4.514069
      4.220000      4.527214
      4.230000      4.566035
      4.240000      4.602358
      4.250000      4.612197
      4.260000      4.585149
      4.270000      4.527051
      4.280000      4.455593
      4.290000      4.391703
      4.300000      4.350897
      4.310000      4.338001
      4.320000      4.346567
      4.330000      4.362166
      4.340000      4.367503
      4.350000      4.347270
      4.360000      4.291350
      4.370000      4.195996
      4.380000      4.063407
      4.390000      3.900605
      4.400000      3.718411
      4.410000      3.530696
      4.420000      3.353421
      4.430000      3.202662
      4.440000      3.091462
      4.450000      3.026439
      4.460000      3.005928
      4.470000      3.021073
      4.480000      3.059715
      4.490000      3.111140
      4.500000      3.169150
      4.510000      3.231900
      4.520000      3.299073
      4.530000      3.368533
      4.540000      3.434736
      4.550000      3.489820
      4.560000      3.526568
      4.570000      3.541538
      4.580000      3.536819
      4.590000      3.519815
      4.600000      3.501343
      4.610000      3.492707
      4.620000      3.502576
      4.630000      3.534425
      4.640000      3.585350
      4.650000      3.646817
      4.660000      3.707296
      4.670000      3.755969
      4.680000      3.786102
      4.690000      3.796832
      4.700000      3.792898
      4.710000      3.782785
      4.720000      3.776182
      4.730000      3.781437
      4.740000      3.803331
      4.750000      3.841416
      4.760000      3.889541
      4.770000      3.937278
      4.780000      3.973385
      4.790000      3.990197
      4.800000      3.986957
      4.810000      3.970379
      4.820000      3.952186
      4.830000      3.944960
      4.840000      3.958191
      4.850000      3.995794
      4.860000      4.055309
      4.870000      4.128555
      4.880000      4.203692
      4.890000      4.268631
      4.900000      4.315073
      4.910000      4.341543
      4.920000      4.353812
      4.930000      4.362523
      4.940000      4.379569
      4.950000      4.415327
      4.960000      4.477531
      4.970000      4.570798
      4.980000      4.695358
      4.990000      4.845056
      5.000000      5.006650
